[INFO] Analyzing 100 cases with 4 workers...
[INFO] Building...
[INFO] Running test cases...
  [20/100] completed...
  [40/100] completed...
  [60/100] completed...
  [80/100] completed...
  [100/100] completed...

======================================================================

📊 Score by M (player count):
    M | Count |    Average |      Min |      Max |  MinCase
  ----+-------+------------+----------+----------+---------
    2 |    15 |     277063 |   123364 |   547050 |     0006
    3 |    14 |     195339 |   113180 |   346125 |     0069
    4 |    22 |     219404 |    95776 |   320730 |     0080
    5 |    15 |     164243 |    93098 |   268135 |     0067
    6 |    18 |     166065 |    93110 |   315220 |     0058
    7 |     7 |     185690 |    84263 |   360887 |     0029
    8 |     9 |     174609 |    87782 |   351160 |     0062

📊 Score by U (max level):
    U | Count |    Average |      Min |      Max |  MinCase
  ----+-------+------------+----------+----------+---------
    1 |    24 |     274069 |   177237 |   360887 |     0030
    2 |    18 |     248857 |   120299 |   547050 |     0078
    3 |    22 |     158252 |    84263 |   293159 |     0029
    4 |    24 |     168855 |    94806 |   412196 |     0089
    5 |    12 |     120880 |    93098 |   154283 |     0067

📊 Score by (M, U):
    M   U | Count |    Average |      Min |      Max |  MinCase
  --- ----+-------+------------+----------+----------+---------
    2   1 |     2 |     318882 |   305647 |   332117 |     0039
    2   2 |     4 |     382892 |   211794 |   547050 |     0077
    2   3 |     3 |     222292 |   123364 |   293159 |     0006
    2   4 |     5 |     238503 |   131993 |   412196 |     0033
    2   5 |     1 |     127230 |   127230 |   127230 |     0086
    3   1 |     3 |     272769 |   214105 |   346125 |     0007
    3   2 |     4 |     179648 |   120299 |   211744 |     0078
    3   3 |     3 |     162811 |   123494 |   185892 |     0012
    3   4 |     4 |     177354 |   113180 |   239278 |     0069
    4   1 |     8 |     277499 |   243455 |   320730 |     0025
    4   2 |     5 |     232052 |   181425 |   300011 |     0017
    4   3 |     4 |     172662 |   100071 |   283956 |     0073
    4   4 |     2 |     182387 |   162073 |   202701 |     0001
    4   5 |     3 |     130404 |    95776 |   154283 |     0080
    5   1 |     3 |     238927 |   182626 |   268135 |     0088
    5   2 |     2 |     152998 |   130558 |   175438 |     0032
    5   3 |     6 |     152754 |    99481 |   173582 |     0016
    5   4 |     3 |     143750 |   111754 |   160600 |     0004
    5   5 |     1 |      93098 |    93098 |    93098 |     0067
    6   1 |     3 |     270691 |   201111 |   315220 |     0094
    6   2 |     3 |     254338 |   243403 |   266684 |     0047
    6   3 |     2 |     129646 |   124810 |   134483 |     0040
    6   4 |     6 |     115668 |    94806 |   140564 |     0089
    6   5 |     4 |     115197 |    93110 |   141980 |     0058
    7   1 |     3 |     255792 |   177237 |   360887 |     0030
    7   3 |     1 |      84263 |    84263 |    84263 |     0029
    7   4 |     1 |     183679 |   183679 |   183679 |     0075
    7   5 |     2 |     132254 |   114810 |   149698 |     0063
    8   1 |     2 |     302686 |   254211 |   351160 |     0068
    8   3 |     3 |     125169 |    87782 |   164729 |     0062
    8   4 |     3 |     158960 |   140597 |   180201 |     0070
    8   5 |     1 |     113723 |   113723 |   113723 |     0019

📊 Score by starting position density (V sum within r=2):
       Density Range | Count |    Average |      Min |      Max
  -------------------+-------+------------+----------+---------
      4027-    9565 |    35 |     206281 |    87782 |   409502
      9565-   15103 |    57 |     201231 |    84263 |   547050
     15103-   20641 |     7 |     173884 |    95776 |   293159
     20641-   26180 |     1 |     134483 |   134483 |   134483

📊 Score by average enemy distance:
      Dist Range | Count |    Average |      Min |      Max
  ---------------+-------+------------+----------+---------
     2.0-   4.8 |    14 |     223682 |    84263 |   547050
     4.8-   7.5 |    54 |     201513 |    87782 |   409502
     7.5-  10.2 |    26 |     178570 |    93098 |   332117
    10.2-  14.0 |     6 |     230940 |   122997 |   363220

📊 Score by edge distance (0=corner, 4=center area):
  Edge | Count |    Average |      Min |      Max
  -----+-------+------------+----------+---------
     0 |    39 |     204464 |    87782 |   412196
     1 |    28 |     195188 |    95776 |   409502
     2 |    20 |     229317 |   111754 |   547050
     3 |    11 |     159928 |    84263 |   293159
     4 |     2 |     128402 |   124810 |   131993

🔻 Worst 10 cases:
    Case |    Score |  M  U |  Density | EnemyDist | Edge |     Pos
  -------+----------+-------+----------+-----------+------+--------
    0029 |    84263 |  7  3 |    13089 |       4.2 |    3 | (3,6)
    0062 |    87782 |  8  3 |     4266 |       7.4 |    0 | (0,9)
    0067 |    93098 |  5  5 |     8232 |       8.0 |    0 | (9,8)
    0058 |    93110 |  6  5 |     9785 |       5.6 |    0 | (0,5)
    0089 |    94806 |  6  4 |     9069 |       7.6 |    0 | (9,6)
    0080 |    95776 |  4  5 |    15365 |       5.0 |    1 | (2,1)
    0060 |    96269 |  6  4 |    10081 |       6.0 |    1 | (1,7)
    0016 |    99481 |  5  3 |     7624 |       5.5 |    0 | (2,0)
    0067 |    93098 |  5  5 |     8232 |       8.0 |    0 | (9,8)
    0058 |    93110 |  6  5 |     9785 |       5.6 |    0 | (0,5)
    0089 |    94806 |  6  4 |     9069 |       7.6 |    0 | (9,6)
    0080 |    95776 |  4  5 |    15365 |       5.0 |    1 | (2,1)
    0060 |    96269 |  6  4 |    10081 |       6.0 |    1 | (1,7)
    0016 |    99481 |  5  3 |     7624 |       5.5 |    0 | (2,0)
    0089 |    94806 |  6  4 |     9069 |       7.6 |    0 | (9,6)
    0080 |    95776 |  4  5 |    15365 |       5.0 |    1 | (2,1)
    0060 |    96269 |  6  4 |    10081 |       6.0 |    1 | (1,7)
    0016 |    99481 |  5  3 |     7624 |       5.5 |    0 | (2,0)
    0080 |    95776 |  4  5 |    15365 |       5.0 |    1 | (2,1)
    0060 |    96269 |  6  4 |    10081 |       6.0 |    1 | (1,7)
    0016 |    99481 |  5  3 |     7624 |       5.5 |    0 | (2,0)
    0060 |    96269 |  6  4 |    10081 |       6.0 |    1 | (1,7)
    0016 |    99481 |  5  3 |     7624 |       5.5 |    0 | (2,0)
    0073 |   100071 |  4  3 |    17453 |       8.0 |    1 | (4,1)
    0016 |    99481 |  5  3 |     7624 |       5.5 |    0 | (2,0)
    0073 |   100071 |  4  3 |    17453 |       8.0 |    1 | (4,1)
    0073 |   100071 |  4  3 |    17453 |       8.0 |    1 | (4,1)
    0003 |   101636 |  6  4 |     4027 |       7.8 |    0 | (5,0)

🔺 Best 10 cases:
    Case |    Score |  M  U |  Density | EnemyDist | Edge |     Pos
  -------+----------+-------+----------+-----------+------+--------
    0072 |   320730 |  4  1 |    11820 |       6.7 |    2 | (7,4)
    0020 |   332117 |  2  1 |    13002 |       8.0 |    0 | (9,6)
    0027 |   346125 |  3  1 |     9266 |      11.5 |    0 | (9,2)
    0093 |   348231 |  2  4 |    11985 |       2.0 |    1 | (1,4)
    0054 |   351160 |  8  1 |    10397 |       5.1 |    2 | (7,2)
    0037 |   360887 |  7  1 |    13524 |       6.8 |    1 | (8,6)
    0041 |   363220 |  2  2 |     8633 |      13.0 |    0 | (2,9)
    0010 |   409502 |  2  2 |     8935 |       6.0 |    1 | (8,4)
    0096 |   412196 |  2  4 |     9884 |       3.0 |    0 | (3,0)
    0035 |   547050 |  2  2 |    12138 |       4.0 |    2 | (2,7)

======================================================================
  Total: 20041709  Average: 200417  Min: 84263  Max: 547050  Cases: 100