-1 68
-1 68
-1 68
-1 68
-1 68
-1 68
-1 68
-1 68
-1 68
-1 68
-1 68
-1 68
-1 68
-1 68
-1 68
-1 68
-1 68
-1 68
-1 68
-1 68
-1 68
-1 68
-1 68
-1 68
-1 68
-1 68
-1 68
-1 68
-1 68
-1 68
-1 68
-1 68
-1 68
-1 68
-1 68
-1 68
-1 68
-1 68
-1 68
-1 68
-1 68
-1 68
-1 68
-1 68
-1 68
-1 68
-1 68
-1 68
-1 68
-1 68
-1 68
-1 68
-1 68
-1 68
-1 68
-1 68
-1 68
-1 68
-1 68
-1 68
-1 68
-1 68
-1 68
-1 68
-1 68
-1 68
-1 68
-1 68
-1 68
-1 68
-1 68
-1 68
-1 68
-1 68
-1 68
-1 68
-1 68
-1 68
-1 68
-1 68
-1 68
-1 68
-1 68
-1 68
-1 68
-1 68
-1 68
-1 68
-1 68
-1 68
-1 68
-1 68
-1 68
-1 68
-1 68
-1 68
-1 68
-1 68
-1 68
-1 68
-1 68
-1 68
-1 68
-1 68
-1 68
-1 68
-1 68
-1 68
-1 68
-1 68
-1 68
-1 68
-1 68
-1 68
-1 68
-1 68
-1 68
-1 68
-1 68
-1 68
-1 68
-1 68
-1 68
-1 68
-1 68
-1 68
-1 68
-1 68
-1 68
-1 68
-1 68
-1 68
-1 68
-1 68
-1 68
-1 68
-1 68
-1 68
-1 68
-1 68
-1 68
-1 68
-1 68
-1 68
-1 68
-1 68
-1 68
-1 68
68 185
68 185
68 169
68 169
169 50
169 50
169 40
169 40
169 40
169 180
185 135
185 135
185 135
185 135
185 135
185 135
50 69
50 69
50 89
50 89
50 89
50 89
89 110
89 120
89 120
89 120
89 147
120 191
120 191
120 191
120 191
120 191
120 72
72 119
72 119
72 149
119 187
119 187
119 61
119 48
187 30
187 30
187 30
187 10
187 24
187 138
110 188
110 29
188 133
188 133
188 38
188 98
69 53
69 53
69 53
69 53
38 142
38 142
30 180
30 180
30 129
30 46
180 73
180 73
180 73
180 26
180 64
73 9
73 179
73 179
73 6
73 6
179 4
179 104
104 98
104 98
104 98
104 138
24 88
24 88
10 191
10 191
10 191
9 33
9 33
9 195
195 88
4 124
4 173
4 173
4 173
173 125
173 125
173 125
173 125
173 125
125 13
125 64
125 144
125 144
125 144
64 176
64 176
64 176
64 176
64 176
-1 176
176 186
186 107
186 107
13 71
124 53
124 53
124 53
53 67
53 37
53 37
53 37
53 158
37 100
37 100
67 114
67 114
67 84
67 84
67 19
84 75
84 113
84 42
75 28
75 34
114 14
114 14
114 14
114 14
14 86
14 86
14 52
14 52
14 196
52 106
52 106
52 183
183 26
183 26
183 26
183 26
183 76
106 190
106 190
106 130
106 61
61 163
163 142
142 96
142 96
142 96
142 96
142 18
142 18
96 155
96 155
96 91
96 91
190 98
190 98
190 98
190 98
190 17
190 17
17 147
17 133
133 55
133 55
133 35
133 28
133 28
55 160
55 175
55 77
175 153
175 153
175 197
175 144
197 130
197 130
197 151
197 151
197 151
151 90
151 90
151 90
151 90
151 90
151 193
90 59
90 59
130 58
130 58
130 181
58 116
58 116
58 39
39 66
39 171
39 97
66 85
85 170
85 170
85 170
170 23
170 23
170 23
170 23
170 168
23 136
23 136
23 189
136 45
136 45
136 109
136 80
80 60
60 91
45 83
45 123
83 168
153 165
153 165
153 192
160 82
160 82
147 87
147 144
147 144
87 155
87 155
155 20
155 100
155 100
155 100
155 100
20 164
20 7
20 7
20 199
20 95
199 33
199 33
199 33
199 33
199 33
199 33
7 143
7 144
7 144
7 191
191 93
191 102
191 102
93 122
93 122
93 122
93 122
93 112
143 74
74 134
134 21
134 21
134 21
21 154
21 154
21 154
21 154
154 102
154 102
154 102
154 121
154 121
154 63
121 2
121 2
121 2
121 2
121 2
121 2
164 145
164 102
102 42
102 71
102 71
71 35
71 35
71 35
71 35
71 35
71 63
63 184
63 184
184 100
184 100
35 132
35 132
35 132
35 182
132 167
132 167
132 167
167 8
167 129
167 129
8 182
8 182
8 157
157 25
157 108
157 108
157 171
157 171
171 99
171 59
171 59
171 59
171 59
59 192
99 127
99 127
99 28
108 5
108 5
108 5
108 5
108 5
25 127
25 127
127 3
127 3
127 3
127 95
127 95
182 88
182 88
182 100
100 43
100 43
43 92
43 92
43 92
43 92
92 146
92 146
92 146
92 146
92 12
12 156
12 156
12 156
12 172
12 107
172 54
172 88
172 88
172 144
172 144
172 144
54 18
156 57
156 57
156 57
156 57
156 57
146 51
146 144
146 144
146 144
146 144
88 78
88 1
88 48
42 162
42 0
42 0
145 105
145 105
145 105
145 111
145 111
145 111
111 82
111 82
111 82
111 135
111 135
82 123
82 18
82 62
82 62
62 97
62 97
62 97
62 192
62 192
62 192
97 150
97 150
97 150
97 29
97 29
97 168
168 47
168 47
168 47
168 47
168 47
47 2
18 56
18 56
18 56
18 56
56 19
56 148
56 144
56 144
148 162
162 181
162 181
162 181
162 181
19 137
19 137
19 149
19 149
149 118
118 113
118 113
118 113
113 144
113 144
113 144
113 144
137 40
137 40
137 40
40 194
40 144
194 117
194 117
117 123
117 123
117 123
117 123
117 158
105 165
3 77
3 81
3 123
123 51
51 198
51 198
51 122
122 109
122 109
122 109
122 109
81 6
81 26
81 26
6 29
6 33
29 181
29 181
29 181
29 181
29 181
181 16
181 16
16 101
16 101
16 91
16 91
16 91
16 150
150 5
150 5
-1 5
-1 5
5 32
32 161
32 161
32 161
32 161
161 138
161 138
161 138
77 94
77 95
77 95
77 144
95 34
95 34
34 91
91 48
48 135
48 135
48 135
48 166
48 166
166 98
166 98
166 98
166 98
166 98
135 128
135 128
135 15
128 178
94 112
94 112
94 112
94 112
0 198
198 158
198 158
198 129
129 57
57 101
57 101
57 101
57 11
101 70
101 70
101 70
101 27
27 2
27 2
27 2
27 103
103 115
103 115
103 116
116 28
116 28
116 44
28 192
28 192
28 192
192 41
192 41
41 78
41 165
41 193
193 22
22 115
22 115
22 115
22 115
22 115
165 46
165 46
165 46
165 46
165 46
46 174
46 174
174 196
174 196
174 196
2 65
2 65
2 65
2 65
2 139
2 139
139 196
196 159
196 86
86 11
86 11
86 11
86 36
86 36
11 33
11 33
33 141
33 141
141 26
141 26
26 140
26 140
26 140
26 140
26 144
26 144
140 76
76 109
76 109
65 144
65 144
65 144
65 115
158 178
158 178
158 178
158 178
178 109
178 109
109 1
109 1
1 131
1 131
1 131
1 31
31 112
31 112
31 112
112 107
112 107
112 107
112 107
112 107
112 107
107 70
70 138
131 44
131 44
131 49
49 79
49 159
79 115
115 189
115 189
115 189
189 98
189 98
98 126
98 126
126 144
126 144
126 144
126 144
126 177
144 177
144 177
177 159
177 159
177 159
177 159
159 138
159 138
44 152
152 36
