64
0 1 1 1 1 1 1 1 1 1 1 1 1 1 1 1 1 1 1 1 1 1 1 1 1 1 1 1 1 1 1 1 1 1 1 1 1 1 1 1 0 1 1 1 1 1 1 1 1 1 1 1 1 1 1 1 1 1 1 1 1 1 1 1
1 0 1 1 1 1 1 1 1 1 1 1 1 1 1 1 1 1 1 1 1 1 1 1 1 1 1 1 1 1 1 1 1 1 1 1 1 1 1 1 1 1 1 1 1 1 0 1 1 1 1 1 1 1 1 1 0 1 1 1 1 1 1 1
1 1 0 1 1 1 1 1 1 1 1 1 1 1 1 1 1 1 1 1 1 1 1 1 1 1 0 1 1 1 1 1 1 1 1 1 1 1 1 1 0 1 1 1 0 1 1 1 1 1 1 1 1 1 1 1 1 1 1 1 1 1 1 1
1 1 1 0 1 1 1 1 1 1 1 1 1 1 1 1 0 1 1 1 1 1 1 1 1 1 1 1 1 1 1 1 1 1 1 1 1 1 1 1 1 1 1 1 1 1 1 1 1 1 1 1 1 0 1 1 1 1 1 1 1 1 1 1
1 1 1 1 0 1 1 0 1 1 1 1 1 1 1 1 1 1 1 1 1 1 1 1 1 1 1 0 1 1 1 1 1 1 1 1 1 1 1 1 1 1 1 1 1 1 1 1 1 0 1 1 1 1 1 1 1 1 1 1 1 1 1 1
1 1 1 1 1 0 1 1 1 1 0 1 1 1 1 1 1 1 1 1 1 0 1 1 1 1 1 1 1 1 1 1 1 1 1 1 1 1 1 1 1 1 1 1 1 1 1 0 0 1 1 1 1 1 1 0 1 1 0 1 0 1 0 1
1 1 1 1 1 1 0 1 1 1 1 1 1 1 1 1 1 1 1 1 1 1 1 1 1 1 1 1 1 1 1 1 1 1 1 1 0 1 1 1 1 1 1 1 1 1 1 1 0 1 1 1 1 1 1 1 1 1 0 1 1 1 1 1
1 1 1 1 0 1 1 0 1 1 1 1 1 1 1 1 1 1 0 1 1 1 1 1 1 1 1 1 1 1 1 0 1 1 1 1 1 1 1 1 1 1 1 1 1 1 1 1 1 1 1 1 1 1 1 1 1 1 1 1 1 1 1 0
1 1 1 1 1 1 1 1 0 1 1 1 1 1 1 1 1 1 0 1 1 1 1 1 1 1 1 1 1 1 1 1 1 1 1 0 1 1 1 1 1 1 1 1 1 1 1 1 1 1 1 1 1 1 1 1 1 1 1 1 1 1 1 1
1 1 1 1 1 1 1 1 1 0 1 1 1 1 1 1 1 1 1 1 0 1 1 1 1 1 1 1 1 1 1 1 1 0 1 1 1 1 1 1 1 1 1 1 1 1 1 1 1 1 1 1 1 1 1 1 1 1 1 1 1 1 1 1
1 1 1 1 1 0 1 1 1 1 0 1 1 1 1 1 1 1 1 1 1 1 1 1 1 1 1 1 1 0 1 1 1 1 1 1 1 1 1 1 1 1 1 1 1 0 1 1 1 1 1 1 1 1 1 1 1 1 1 1 1 1 0 1
1 1 1 1 1 1 1 1 1 1 1 0 1 1 1 1 1 1 1 1 1 1 1 1 1 1 1 1 1 1 1 1 1 1 1 1 1 1 1 1 1 1 1 1 1 1 1 1 1 1 1 1 1 1 1 1 1 0 1 1 1 1 1 1
1 1 1 1 1 1 1 1 1 1 1 1 0 1 1 1 1 1 0 1 1 1 1 1 1 1 1 1 1 1 1 1 1 1 1 1 1 1 1 1 1 1 1 0 1 1 1 1 1 1 1 1 1 1 1 1 1 1 1 1 1 1 0 1
1 1 1 1 1 1 1 1 1 1 1 1 1 0 1 1 1 1 1 1 1 1 1 1 0 1 1 1 1 1 1 1 1 1 1 1 1 1 1 1 1 1 1 1 1 1 1 1 1 1 1 1 1 1 1 1 1 1 1 0 1 1 1 1
1 1 1 1 1 1 1 1 1 1 1 1 1 1 0 1 1 1 1 1 1 1 1 1 1 1 1 1 1 1 1 1 1 1 1 1 1 1 1 1 1 1 1 1 1 1 1 1 1 1 1 1 1 1 1 1 1 0 1 1 1 1 1 1
1 1 1 1 1 1 1 1 1 1 1 1 1 1 1 0 1 1 1 1 1 1 1 1 1 1 0 1 1 1 1 1 1 0 1 1 1 1 1 1 1 1 1 1 1 1 1 1 0 1 1 1 1 1 1 1 1 1 0 1 0 1 1 1
1 1 1 0 1 1 1 1 1 1 1 1 1 1 1 1 0 1 1 1 1 1 1 1 1 1 1 1 1 1 1 1 1 1 1 1 1 1 1 1 1 1 1 1 1 1 1 1 1 0 1 1 1 1 1 1 1 1 1 1 1 1 1 1
1 1 1 1 1 1 1 1 1 1 1 1 1 1 1 1 1 0 1 1 1 1 1 1 1 1 1 1 1 1 1 1 1 1 1 1 1 1 1 1 1 1 1 1 1 1 1 1 0 1 1 1 1 1 1 1 1 1 1 1 1 1 1 1
1 1 1 1 1 1 1 0 0 1 1 1 0 1 1 1 1 1 0 1 1 1 1 1 1 1 1 1 1 1 1 1 1 1 1 1 1 0 1 1 1 1 1 1 0 1 1 1 1 1 1 1 1 1 1 1 1 1 1 1 1 1 1 1
1 1 1 1 1 1 1 1 1 1 1 1 1 1 1 1 1 1 1 0 1 1 1 1 1 1 1 1 1 1 1 1 1 1 1 1 1 1 1 1 1 1 1 1 1 1 1 1 1 1 1 1 1 1 1 1 1 1 1 1 1 1 1 1
1 1 1 1 1 1 1 1 1 0 1 1 1 1 1 1 1 1 1 1 0 1 1 1 1 1 1 1 1 1 1 1 1 0 1 1 1 1 1 1 1 1 1 1 1 1 1 1 1 0 1 1 1 1 1 1 1 1 1 1 1 1 0 1
1 1 1 1 1 0 1 1 1 1 1 1 1 1 1 1 1 1 1 1 1 0 1 1 1 1 1 0 1 1 1 1 1 1 1 1 1 1 1 1 1 1 1 1 1 1 0 0 1 1 1 1 1 1 1 1 1 1 1 1 1 1 1 1
1 1 1 1 1 1 1 1 1 1 1 1 1 1 1 1 1 1 1 1 1 1 0 1 1 1 1 1 1 1 1 0 1 1 1 1 1 1 1 1 1 1 1 1 1 1 1 1 1 1 1 1 1 1 1 1 1 1 1 1 1 1 1 1
1 1 1 1 1 1 1 1 1 1 1 1 1 1 1 1 1 1 1 1 1 1 1 0 1 1 1 1 1 1 1 0 1 1 1 1 1 1 1 1 1 0 1 1 1 1 1 1 1 1 1 1 1 1 1 1 1 1 1 1 1 1 1 1
1 1 1 1 1 1 1 1 1 1 1 1 1 0 1 1 1 1 1 1 1 1 1 1 0 1 1 1 1 1 1 1 1 1 1 1 1 1 1 1 1 1 1 1 1 1 1 1 1 1 1 1 1 1 1 1 1 1 1 1 1 1 1 1
1 1 1 1 1 1 1 1 1 1 1 1 1 1 1 1 1 1 1 1 1 1 1 1 1 0 1 1 1 1 1 1 1 0 1 1 1 1 1 1 1 1 1 1 1 1 1 1 1 1 1 1 1 1 1 1 0 1 1 0 1 1 1 1
1 1 0 1 1 1 1 1 1 1 1 1 1 1 1 0 1 1 1 1 1 1 1 1 1 1 0 0 1 1 1 1 1 1 1 1 1 1 1 1 1 1 1 1 1 1 1 0 1 1 1 1 1 1 1 0 1 1 1 1 1 1 1 1
1 1 1 1 0 1 1 1 1 1 1 1 1 1 1 1 1 1 1 1 1 0 1 1 1 1 0 0 1 1 1 1 1 1 1 1 1 1 1 1 1 1 1 1 0 1 1 1 1 1 1 1 1 1 1 1 1 1 1 0 1 0 1 1
1 1 1 1 1 1 1 1 1 1 1 1 1 1 1 1 1 1 1 1 1 1 1 1 1 1 1 1 0 1 1 1 1 1 1 1 1 1 1 1 0 1 1 1 1 1 1 1 1 1 1 1 1 1 1 1 1 1 1 1 1 1 1 1
1 1 1 1 1 1 1 1 1 1 0 1 1 1 1 1 1 1 1 1 1 1 1 1 1 1 1 1 1 0 1 1 1 1 1 1 1 1 1 1 1 1 1 1 1 1 1 1 1 1 1 1 1 0 1 1 1 1 1 1 1 1 1 1
1 1 1 1 1 1 1 1 1 1 1 1 1 1 1 1 1 1 1 1 1 1 1 1 1 1 1 1 1 1 0 1 1 1 1 1 1 1 1 0 1 1 1 1 1 1 1 0 1 0 1 1 1 1 1 1 1 1 1 0 1 1 1 1
1 1 1 1 1 1 1 0 1 1 1 1 1 1 1 1 1 1 1 1 1 1 0 0 1 1 1 1 1 1 1 0 1 1 1 1 1 1 1 1 1 1 1 1 1 1 1 1 1 1 1 1 1 1 1 1 1 1 1 1 1 1 1 1
1 1 1 1 1 1 1 1 1 1 1 1 1 1 1 1 1 1 1 1 1 1 1 1 1 1 1 1 1 1 1 1 0 1 1 1 1 1 1 1 1 0 1 1 1 0 1 1 1 1 1 1 1 1 1 1 1 1 1 1 1 1 1 1
1 1 1 1 1 1 1 1 1 0 1 1 1 1 1 0 1 1 1 1 0 1 1 1 1 0 1 1 1 1 1 1 1 0 1 0 0 0 1 1 1 1 1 1 1 1 0 1 1 1 1 1 1 1 1 1 1 0 1 1 1 1 1 1
1 1 1 1 1 1 1 1 1 1 1 1 1 1 1 1 1 1 1 1 1 1 1 1 1 1 1 1 1 1 1 1 1 1 0 1 0 1 1 1 1 1 1 1 1 1 0 1 1 1 1 1 1 1 1 1 1 0 1 1 1 1 1 1
1 1 1 1 1 1 1 1 0 1 1 1 1 1 1 1 1 1 1 1 1 1 1 1 1 1 1 1 1 1 1 1 1 0 1 0 1 1 1 1 0 1 1 1 1 1 0 1 1 1 1 1 1 1 1 1 1 1 1 1 1 1 1 1
1 1 1 1 1 1 0 1 1 1 1 1 1 1 1 1 1 1 1 1 1 1 1 1 1 1 1 1 1 1 1 1 1 0 0 1 0 1 1 1 1 1 1 1 1 1 1 1 1 1 1 1 1 1 1 1 1 1 1 1 1 1 0 1
1 1 1 1 1 1 1 1 1 1 1 1 1 1 1 1 1 1 0 1 1 1 1 1 1 1 1 1 1 1 1 1 1 0 1 1 1 0 1 1 1 0 1 1 1 1 1 1 1 1 1 1 1 1 1 1 1 1 1 1 1 1 0 1
1 1 1 1 1 1 1 1 1 1 1 1 1 1 1 1 1 1 1 1 1 1 1 1 1 1 1 1 1 1 1 1 1 1 1 1 1 1 0 1 1 1 1 1 1 1 1 1 1 1 1 1 1 1 1 1 1 1 1 1 1 1 1 1
1 1 1 1 1 1 1 1 1 1 1 1 1 1 1 1 1 1 1 1 1 1 1 1 1 1 1 1 1 1 0 1 1 1 1 1 1 1 1 0 1 1 1 1 1 0 1 1 1 1 1 1 1 1 1 1 1 1 1 1 1 1 1 1
0 1 0 1 1 1 1 1 1 1 1 1 1 1 1 1 1 1 1 1 1 1 1 1 1 1 1 1 0 1 1 1 1 1 1 0 1 1 1 1 0 1 1 1 1 1 1 1 1 1 1 1 1 1 1 1 1 1 1 1 1 1 1 1
1 1 1 1 1 1 1 1 1 1 1 1 1 1 1 1 1 1 1 1 1 1 1 0 1 1 1 1 1 1 1 1 0 1 1 1 1 0 1 1 1 0 1 1 1 1 1 1 1 1 1 1 1 1 1 1 1 1 1 1 1 1 1 1
1 1 1 1 1 1 1 1 1 1 1 1 1 1 1 1 1 1 1 1 1 1 1 1 1 1 1 1 1 1 1 1 1 1 1 1 1 1 1 1 1 1 0 1 1 1 1 1 1 1 0 1 1 1 1 1 1 1 1 1 1 1 1 1
1 1 1 1 1 1 1 1 1 1 1 1 0 1 1 1 1 1 1 1 1 1 1 1 1 1 1 1 1 1 1 1 1 1 1 1 1 1 1 1 1 1 1 0 1 1 1 1 1 1 1 1 1 1 1 1 1 1 1 1 1 1 1 0
1 1 0 1 1 1 1 1 1 1 1 1 1 1 1 1 1 1 0 1 1 1 1 1 1 1 1 0 1 1 1 1 1 1 1 1 1 1 1 1 1 1 1 1 0 1 1 1 1 1 1 1 1 1 1 1 1 1 1 1 1 1 1 1
1 1 1 1 1 1 1 1 1 1 0 1 1 1 1 1 1 1 1 1 1 1 1 1 1 1 1 1 1 1 1 1 0 1 1 1 1 1 1 0 1 1 1 1 1 0 1 1 1 1 1 1 1 1 1 1 1 1 1 1 1 1 1 1
1 0 1 1 1 1 1 1 1 1 1 1 1 1 1 1 1 1 1 1 1 0 1 1 1 1 1 1 1 1 1 1 1 0 0 0 1 1 1 1 1 1 1 1 1 1 0 1 1 0 1 1 1 1 1 1 1 1 1 1 1 1 1 1
1 1 1 1 1 0 1 1 1 1 1 1 1 1 1 1 1 1 1 1 1 0 1 1 1 1 0 1 1 1 0 1 1 1 1 1 1 1 1 1 1 1 1 1 1 1 1 0 1 1 1 1 1 1 1 1 1 1 1 1 1 1 1 1
1 1 1 1 1 0 0 1 1 1 1 1 1 1 1 0 1 0 1 1 1 1 1 1 1 1 1 1 1 1 1 1 1 1 1 1 1 1 1 1 1 1 1 1 1 1 1 1 0 1 1 1 1 0 1 1 1 1 0 1 1 1 1 1
1 1 1 1 0 1 1 1 1 1 1 1 1 1 1 1 0 1 1 1 0 1 1 1 1 1 1 1 1 1 0 1 1 1 1 1 1 1 1 1 1 1 1 1 1 1 0 1 1 0 1 1 1 1 0 0 1 1 1 1 1 1 1 1
1 1 1 1 1 1 1 1 1 1 1 1 1 1 1 1 1 1 1 1 1 1 1 1 1 1 1 1 1 1 1 1 1 1 1 1 1 1 1 1 1 1 0 1 1 1 1 1 1 1 0 1 1 1 1 1 1 1 1 0 0 1 1 1
1 1 1 1 1 1 1 1 1 1 1 1 1 1 1 1 1 1 1 1 1 1 1 1 1 1 1 1 1 1 1 1 1 1 1 1 1 1 1 1 1 1 1 1 1 1 1 1 1 1 1 0 1 1 1 1 1 1 1 1 1 1 1 1
1 1 1 1 1 1 1 1 1 1 1 1 1 1 1 1 1 1 1 1 1 1 1 1 1 1 1 1 1 1 1 1 1 1 1 1 1 1 1 1 1 1 1 1 1 1 1 1 1 1 1 1 0 1 1 1 1 1 1 1 1 1 1 1
1 1 1 0 1 1 1 1 1 1 1 1 1 1 1 1 1 1 1 1 1 1 1 1 1 1 1 1 1 0 1 1 1 1 1 1 1 1 1 1 1 1 1 1 1 1 1 1 0 1 1 1 1 0 1 1 1 1 1 1 1 1 1 1
1 1 1 1 1 1 1 1 1 1 1 1 1 1 1 1 1 1 1 1 1 1 1 1 1 1 1 1 1 1 1 1 1 1 1 1 1 1 1 1 1 1 1 1 1 1 1 1 1 0 1 1 1 1 0 1 1 1 1 1 1 1 1 1
1 1 1 1 1 0 1 1 1 1 1 1 1 1 1 1 1 1 1 1 1 1 1 1 1 1 0 1 1 1 1 1 1 1 1 1 1 1 1 1 1 1 1 1 1 1 1 1 1 0 1 1 1 1 1 0 1 1 1 1 1 1 1 1
1 0 1 1 1 1 1 1 1 1 1 1 1 1 1 1 1 1 1 1 1 1 1 1 1 0 1 1 1 1 1 1 1 1 1 1 1 1 1 1 1 1 1 1 1 1 1 1 1 1 1 1 1 1 1 1 0 1 1 1 1 1 1 0
1 1 1 1 1 1 1 1 1 1 1 0 1 1 0 1 1 1 1 1 1 1 1 1 1 1 1 1 1 1 1 1 1 0 0 1 1 1 1 1 1 1 1 1 1 1 1 1 1 1 1 1 1 1 1 1 1 0 1 1 1 1 1 1
1 1 1 1 1 0 0 1 1 1 1 1 1 1 1 0 1 1 1 1 1 1 1 1 1 1 1 1 1 1 1 1 1 1 1 1 1 1 1 1 1 1 1 1 1 1 1 1 0 1 1 1 1 1 1 1 1 1 0 1 1 1 1 1
1 1 1 1 1 1 1 1 1 1 1 1 1 0 1 1 1 1 1 1 1 1 1 1 1 0 1 0 1 1 0 1 1 1 1 1 1 1 1 1 1 1 1 1 1 1 1 1 1 1 0 1 1 1 1 1 1 1 1 0 1 1 1 1
1 1 1 1 1 0 1 1 1 1 1 1 1 1 1 0 1 1 1 1 1 1 1 1 1 1 1 1 1 1 1 1 1 1 1 1 1 1 1 1 1 1 1 1 1 1 1 1 1 1 0 1 1 1 1 1 1 1 1 1 0 1 1 1
1 1 1 1 1 1 1 1 1 1 1 1 1 1 1 1 1 1 1 1 1 1 1 1 1 1 1 0 1 1 1 1 1 1 1 1 1 1 1 1 1 1 1 1 1 1 1 1 1 1 1 1 1 1 1 1 1 1 1 1 1 0 1 1
1 1 1 1 1 0 1 1 1 1 0 1 0 1 1 1 1 1 1 1 0 1 1 1 1 1 1 1 1 1 1 1 1 1 1 1 0 0 1 1 1 1 1 1 1 1 1 1 1 1 1 1 1 1 1 1 1 1 1 1 1 1 0 0
1 1 1 1 1 1 1 0 1 1 1 1 1 1 1 1 1 1 1 1 1 1 1 1 1 1 1 1 1 1 1 1 1 1 1 1 1 1 1 1 1 1 1 0 1 1 1 1 1 1 1 1 1 1 1 1 0 1 1 1 1 1 0 0
75054 76932 19020 83629 9214 83943 60211 29511 38704 35101 83270 91213 48886 56416 78230 56499 79378 45203 9377 32852 38033 10314 56969 55845 94251 35162 84807 68074 91980 24448 75158 43128 76687 87025 49159 489 171 36311 97736 96697 12308 75433 61552 9001 60507 3001 97643 14201 27207 54079 9286 44495 37818 70731 57842 92556 4178 67058 62935 8059 18414 17345 96472 65977 11276 15169 15941 1398 99428 86460 89906 1618 87766 86444 66109 40426 12516 97235 41979 7005 33032 30184 83650 43899 81083 95542 22268 22507 65424 70702 84219 1339 23025 27596 5326 15039 94306 77644 38226 89082 28122 42836 57694 63312 23654 83017 91664 94217 55084 27295 67242 49572 48632 93682 3286 44590 2325 38931 24426 78087 31417 36289 19775 86522 64651 87646 79689 25778
17210 26897 69038 39292 15293 35932 37548 11585 70548 43913 72624 44645 89404 15935 68105 70485 32175 67224 42128 49607 25739 95909 94474 99776 82472 43611 15698 63688 76696 47848 49067 89761 3100 93283 78087 45965 5409 17685 9265 75697 3821 75881 23113 31479 7558 70398 931 840 1990 45208 7018 3605 54937 90578 59666 93316 21830 42395 43191 60250 83548 34022 6039 44570 56274 7425 33436 80327 19298 82431 23647 79248 96031 56424 87843 44389 61856 78123 65990 64875 25464 69160 49054 63079 12933 30122 88678 29601 15070 37714 36751 83336 5130 48872 41565 5800 50326 3363 25755 48658 94910 92972 77081 72185 73708 84794 53197 2617 65711 57495 23463 30930 93803 67075 127 46953 17434 80796 12438 17364 1320 20433 42357 7533 76666 10079 53580 61542
98235 19294 1846 6887 72434 15418 5597 43463 83041 31391 17061 96415 24304 99931 17567 12315 5464 1697 69282 7105 44600 10019 22440 4332 46052 20245 92688 50354 82772 14447 48135 28510 45206 61846 29424 5434 26238 32316 7882 24807 95873 34910 98316 52176 62493 56238 9446 56864 36227 58241 64281 2639 8002 53357 30084 23012 88387 48019 94614 68255 22601 98438 7345 73565 57877 41219 73715 67868 20894 69462 95514 92152 81321 438 46520 28866 2012 46339 60425 68988 80168 53341 32853 18634 896 48203 21949 37636 66003 9265 14757 73638 27664 81899 76315 88473 48796 37017 6605 45001 33910 152 52270 9185 36165 57908 24507 5690 66906 39626 18450 45444 6466 64602 84930 63135 17430 96572 46359 7882 44087 12773 83576 75247 77746 40344 37665 21636
4215 2124 14241 57344 66470 97312 84594 93392 90623 83096 67037 40543 91504 15571 94502 46818 569 63877 26868 39257 14204 90033 79068 37777 56568 18225 48257 2960 35863 44728 54018 64273 91488 12765 14996 41124 99837 48257 66039 31211 8464 87054 73161 82595 87250 26689 43999 20160 73355 14513 91940 20308 7160 76815 17448 25372 11461 79882 25669 27431 54839 50198 15814 24727 22274 83959 39104 70551 24589 14058 43414 15732 99974 54022 91863 93447 61145 75970 25065 14504 94425 46608 23759 51501 52756 93138 96540 21085 91899 62085 72182 47363 64605 56990 63066 31355 10888 10624 73513 57125 15283 84247 70495 17752 31928 89084 74529 9302 36743 24684 23059 63941 92128 47191 6714 45956 56122 66723 64488 42560 37790 87151 6660 75235 15341 77758 85731 52120
38781 21225 17775 76237 34070 96290 48655 96322 27817 24719 59989 58849 61188 18735 93961 49 95389 52139 6986 92605 55161 66827 23615 52931 44407 21417 12090 44527 88178 33246 84986 91631 66358 85136 2200 60081 26491 87341 42689 71205 43656 63791 36140 80588 1645 87571 67767 39657 15760 69626 34330 43419 81598 37732 51980 32886 36001 34050 58201 12565 48682 39216 16303 62007 47795 94651 49353 7133 34675 63191 29562 28945 56811 67895 90285 67297 75712 33620 93534 88911 83592 70386 76918 5134 5603 10147 44318 82877 93123 27074 15729 98197 2537 15036 59717 95259 31543 6262 64748 50146 64397 61850 88252 90135 10819 10835 67353 43075 56437 28935 59835 97847 60129 66139 69866 33289 76618 72400 80472 61318 51393 80746 8491 73031 836 6943 40348 94589
61019 34432 97454 61513 49112 53241 94005 53474 56500 21718 30158 75083 46165 66732 88601 31646 5018 60057 42905 22804 67969 85660 95409 40212 36315 37893 10105 1525 19142 92743 9206 64606 31319 27574 31191 71714 69683 29640 63145 19356 32262 85475 82743 33666 84906 6673 89255 20467 73606 1481 85116 86164 23592 12425 94905 49094 98302 55660 72040 36861 95316 5567 83493 40664 84613 52314 57649 92151 42654 81600 92098 3446 44356 83593 27123 15735 2586 63871 20207 662 81407 78718 17322 9126 85293 71287 54082 93555 12098 13560 7560 9991 11745 96836 85442 20451 16360 81141 59051 57007 1340 64253 36512 12557 26100 18879 16407 29506 27479 97668 1432 61384 66768 83158 28418 34280 1368 98006 6156 14242 69524 59123 11233 20802 27246 92719 93878 48688
16189 68572 45287 83303 80271 74570 11142 61879 52596 98127 77527 51810 91842 20719 51198 90026 39893 97896 45636 94060 24761 47184 78113 67277 25015 14104 83173 84019 75206 98129 2452 97789 26961 101 61830 76719 21381 64535 25716 42282 29580 27580 20099 49451 78400 71795 18045 64208 33711 73298 19469 32980 90176 24379 12723 97235 13294 52794 89052 79391 28499 89575 4422 26631 73970 97971 72945 26025 96142 24807 44704 9422 43087 35879 46905 66664 56532 91813 87491 87806 95943 16674 71162 35231 57039 41579 17047 63486 7661 42938 47643 15581 41052 27667 29432 19368 51784 21571 63853 29405 96368 86861 37567 1108 29944 74002 18646 65188 55115 37354 53457 11856 80092 97645 61501 84728 39832 72472 38379 29874 29172 2923 12459 21417 81450 4069 74031 88337
68265 3360 37063 99004 12354 87429 17887 57439 51401 50203 67853 74758 51751 28093 12091 79439 90539 3672 20295 74806 68478 28620 65477 71676 20503 67213 67471 10963 25690 16881 86229 90358 89061 99748 1661 28825 38200 31785 70167 26264 97411 60038 18201 85759 13604 36421 3242 8075 82529 90801 93628 1669 70536 14506 36303 2939 1800 18307 2932 95399 62166 6668 47606 37338 86665 2361 37212 16815 71705 6243 38247 6099 63936 96311 67997 11217 23311 14748 60659 22133 46953 94217 50097 32768 88272 96966 96631 13767 14503 46777 32184 4978 94507 11907 16219 42165 62510 58508 69160 24049 70750 92016 40716 59371 26393 2325 86247 45315 2432 39316 57137 85917 20297 33614 80522 73932 5488 67172 68040 9647 7135 20104 55148 97329 90746 89388 65466 51751
72848 53922 69024 18280 72783 56035 14876 74550 60247 78025 49621 34088 62108 19109 80366 39024 6073 17003 41523 13709 38708 3198 40616 13701 84155 68252 72138 27863 33166 35240 84503 35368 24115 30983 99483 38770 3899 97498 65090 20882 87958 43627 54816 78107 39322 23129 23286 18027 50713 6580 70500 79098 17647 96368 12193 58793 19655 92564 52510 74814 4960 57455 73309 89604 88066 88406 88880 49679 66348 31413 81295 39092 95069 10756 37384 53230 96030 13435 78880 47424 3604 26687 24869 43299 76373 77213 8478 4034 14070 38262 21001 44755 1386 84569 65732 91045 72213 51907 66005 69127 35735 68645 94341 67347 25136 61761 61781 88693 72202 78277 97422 57227 47857 14259 28144 23577 69528 53552 76368 71323 83906 93223 23384 49105 70609 17943 21222 45504
15067 83714 39227 92476 51324 52713 99768 237 78408 42762 3348 15155 52526 15860 47421 82135 70935 1999 37147 66369 55050 30790 73646 61139 91975 27455 20255 29200 85858 90308 90792 9109 44251 52870 52163 35523 34944 47060 47888 98260 23241 30428 88680 97183 67720 60739 74941 7097 91386 20580 77353 95578 56420 14989 62403 95134 1699 22480 30140 56916 53022 61433 10835 64498 18946 25743 49364 51577 74108 75851 59392 43554 303 8471 8357 78052 35518 80812 86538 60082 71106 3177 22787 91644 69461 89153 73921 17691 23313 13892 4122 95458 20754 85309 17353 94341 6640 33600 25416 49343 46830 66337 18804 34673 92030 21765 74103 76750 56404 42338 21781 53327 18841 88029 38342 37752 78997 88897 70903 4134 21027 1347 82611 53182 15126 57399 23927 60046
15852 33633 58066 28215 67523 18687 51683 61991 31301 50828 71915 38517 45592 82008 48949 60815 13659 10478 22291 81239 18917 81870 85121 69486 93486 83152 2075 75060 28339 56839 88192 82149 19514 83135 33396 59140 20321 4086 21558 32254 5106 67132 51877 79747 33999 33383 6325 30914 21076 37963 55558 86817 72319 68784 86667 31694 20690 1842 2127 45146 24763 29715 96773 74860 57405 50045 58132 8314 46737 47646 34921 90370 31200 71970 35807 49057 98610 73357 95467 13843 72465 60953 7525 26169 7088 41751 90851 74473 96668 35369 10757 95783 14747 12165 29198 62872 36774 39894 80385 26939 24815 99745 23034 99758 52774 4987 54951 40157 72044 78710 72392 33668 14631 64810 32199 94849 87136 83162 1148 91069 71046 85676 47999 41419 17638 41259 37193 3426
61398 9679 88775 9084 32323 11654 2464 92462 83837 92177 6779 49350 31581 40954 53253 54528 32591 16357 28727 20453 14370 98638 96303 72044 80384 10840 30926 12197 59506 25948 27766 62888 57399 42725 29761 35241 68247 77787 848 26004 99432 46897 2700 53112 97847 87323 41174 16848 55050 1570 47125 55161 22558 82218 78842 2661 12334 27201 69692 94284 40754 47620 68129 37124 75261 53461 19955 90625 82243 26114 72635 27577 49965 5981 73646 97442 85663 9301 72384 32437 5364 14627 325 74738 49034 2693 54150 41147 7150 3406 17221 86858 92781 11569 84931 61357 57759 29720 58370 5808 63417 97810 53786 73180 65345 70065 77815 49358 2928 7264 73502 61038 95493 48334 7420 94712 52953 96824 43556 2445 46050 22487 39353 60806 54951 93995 79289 90746
4355 79530 50051 88485 13821 37879 76734 83438 26764 80707 47184 97826 10773 16894 41105 2659 46591 45008 68857 42218 53891 5564 65023 59325 7534 50960 22460 50449 58674 4637 858 26347 53937 53021 32790 63713 53445 75660 97943 5567 83433 66063 195 70907 28109 65298 65747 86002 72206 7587 37298 96898 4376 92183 15991 73680 87870 18727 21797 34401 61379 30540 21747 88839 18188 92916 58169 42507 17610 81090 30217 79939 22101 89134 9299 87777 94036 40556 63741 90791 34881 41566 12401 66874 29125 84467 88558 57520 86025 65622 51843 1096 75089 34419 40570 89695 28442 92434 23862 90859 21086 36735 87515 76680 40869 12913 1890 33144 17647 88704 34123 62051 73927 11592 39350 58428 12604 11169 55520 28312 9539 65926 80999 74839 92393 48135 67108 75912
7661 35486 45767 16152 28533 84505 8068 36379 30084 80727 60069 95609 97133 49839 32998 23903 63173 37768 38797 83624 80465 4613 17552 89659 30713 20713 55174 9646 37105 22 56539 41201 6343 19923 60494 11094 61883 90462 57776 55394 95866 51979 24943 29064 22788 73472 41739 77011 85438 28019 1043 43208 90573 77939 6049 78196 57657 40699 72522 79638 67640 83834 43891 36645 68698 12684 95495 4730 61592 41984 78333 43225 68029 21603 64180 98223 5391 23497 87054 81176 85602 70977 44223 81633 49942 96259 81726 80035 73489 82064 61893 51060 45843 29 22660 96995 90918 71602 516 56662 11364 98925 21229 47959 84491 45648 15937 27367 3567 91288 34884 39341 47050 39934 30272 85464 4431 84888 53884 46327 15091 83081 74212 29717 32406 32600 45247 47953
99854 1251 77806 48600 52206 18999 43449 94423 25667 75513 8971 17309 26452 81207 54483 38180 33668 54576 63899 13022 61919 45677 82162 83202 73837 49671 25700 51251 87316 84373 54931 76114 1819 34133 57294 50781 60938 23856 31390 99400 13932 65882 86501 6312 41642 14867 49367 64269 18357 97170 55690 91210 40559 19197 93717 64016 6078 79782 63112 43276 92060 41126 24966 75356 68515 81411 69054 49067 33534 55083 85152 24434 42302 62773 75200 27033 86188 17171 19308 23706 35546 26077 50110 27 36674 64951 78215 6011 46019 12454 81501 45398 33608 28364 14490 32913 73464 60417 82768 50845 70167 73498 12360 1078 24165 72710 3295 34264 68573 36018 71436 80147 37397 43651 79664 61152 69275 65635 5050 32301 45701 82423 15281 71664 2710 18791 55175 42234
20259 22475 45710 17497 92821 94168 10523 68000 32362 21211 77029 34205 39295 24749 55986 61374 97397 36696 30714 11021 61253 26100 14588 5141 85650 87609 73611 78086 66351 81901 32926 56777 19841 69142 57017 91775 69539 24506 92971 37404 31421 60823 75298 47789 25932 46769 51076 60612 43825 46697 66529 71875 21017 70150 9602 6941 99956 32271 30506 7501 80569 25165 92183 33474 33720 76403 8873 50899 57420 54568 60419 89038 77350 6576 42488 27465 83907 76943 89721 88518 33135 62360 84444 33199 49236 55017 61061 95887 80949 99970 12112 60796 41958 73428 45467 38797 75430 45090 7826 62662 29918 64289 67630 29096 15125 71478 930 60991 77300 51009 31825 2524 67293 1954 77043 45670 59950 89999 74159 28410 16788 31279 42591 68123 71333 87424 11759 43016
63670 53060 12977 36688 39201 76628 41116 16057 6310 84595 7452 16397 49258 56494 44899 20055 84009 36437 43083 79563 62013 12810 64660 74297 34520 19811 20814 37933 84762 92610 9766 58307 40240 30042 86416 20036 60806 89368 25060 15070 19734 5433 61299 95426 24795 53156 26947 87063 77334 38337 99968 87844 6615 15942 25414 56505 62714 34670 1172 82232 23312 49514 14690 94030 86281 98827 7836 30482 88389 72802 91187 22665 66158 71608 75641 49064 17005 9744 63245 63746 37769 51491 15554 11267 48756 74383 59 5326 80890 62862 94361 64300 63374 51618 29411 25977 89415 79251 85120 38831 66821 85673 30973 92095 42784 30027 27363 29666 98329 15638 14811 60874 20799 75368 12992 68887 37079 39451 30055 2668 51965 16811 21072 41632 2248 21554 17616 57225
18878 33091 77519 10391 82857 68928 13639 8921 37135 6739 19595 66563 4959 40366 74342 3477 80217 35973 43134 60097 9675 93290 85204 55292 1781 77154 43654 45750 76203 3392 98365 91978 15677 71692 24601 22167 96765 68478 29147 61577 4790 36284 40203 41877 19710 80457 68069 81903 71014 9279 4495 73819 77696 77832 41464 85445 15561 28200 27140 146 50214 56982 78999 94146 86011 90428 21554 79621 26188 73786 24786 98082 35569 32894 94801 55751 30707 26115 90682 47630 11941 69291 35691 64214 84977 89815 37405 61529 47368 23824 97040 51903 91513 83926 82317 39448 46584 68796 5604 5225 66227 64553 49626 31509 85244 52230 20499 45879 51934 82375 64996 24991 16561 58784 52384 31969 59537 53638 73204 82699 60897 46657 49644 23951 9169 79400 35444 78736
35682 75574 88375 78873 75423 49271 49612 95486 73423 16120 66083 24125 49599 18047 75174 39488 76128 91730 37585 21187 89961 2149 4332 9341 62630 74434 6918 12296 15711 79880 47651 49881 54873 16264 76867 31645 95853 91791 75100 84123 50366 9067 91890 13661 90412 6597 23843 22271 29218 30098 95907 98189 36840 22351 81757 96237 97802 62594 98137 5983 13253 87776 54062 17474 19316 83140 86279 47102 15 61762 71590 22767 87093 79640 19387 98317 67843 33073 38550 88855 99575 88642 18502 14997 99033 39125 11456 25266 2838 41047 79415 7759 50641 42989 4032 53988 82940 75091 44784 86213 7631 87871 81555 87633 77699 22473 39438 85214 57496 38779 3124 88977 87834 59084 92546 59760 6943 60743 97725 87497 89281 63632 48555 20517 84371 79764 43085 28483
14454 84147 72666 56901 10078 71655 56809 29866 64487 36181 19542 85183 74844 12749 64075 54609 26999 53710 53077 39652 85624 64523 56804 86460 22103 99121 5480 97292 83060 22308 82570 28849 617 2616 67192 55460 86552 63304 17000 62677 1871 96164 10882 55152 50663 47267 87855 51402 37359 49683 99117 76221 63253 49707 85552 72793 46280 38610 50949 51077 97841 19895 37957 14539 20686 59703 94070 13236 9969 84266 90699 7695 78417 9643 23261 29089 6167 14539 76804 70418 39966 35330 34987 36280 40152 27665 39103 38832 32198 91864 4776 83718 72036 71143 97455 71226 48908 43146 90571 92115 98809 68217 58322 13688 47243 88308 39273 57251 99775 98436 59644 9768 3832 38765 29225 63251 32308 76130 66612 48951 30505 6498 31311 54709 48785 53431 97526 36471
70755 78678 58626 68294 49104 77091 26873 64574 30679 25740 96900 83141 60720 63747 20363 7690 39020 21939 16438 45236 47102 2831 99249 51071 67826 60618 54940 11950 65636 21440 87055 90453 11096 74755 57071 27604 24125 46015 64660 38808 61202 94164 82188 30232 58368 74237 71564 85805 80397 93176 65623 48104 46312 56333 70849 9674 48981 79528 42107 24418 38514 62268 95369 99306 251 51635 44280 43785 12106 1843 32593 11888 29724 32939 67227 43192 73776 23136 9089 95450 14815 45658 15406 39646 80471 20508 41927 62953 25374 18644 36654 3246 48723 39269 45434 63328 95958 81270 61492 9608 14183 68418 66645 62734 68268 30440 85989 5537 45879 62634 85501 61208 79457 29875 42369 50846 67485 46695 33960 26775 97933 9951 35653 17689 1712 50702 66623 85756
9026 52737 23001 15885 61365 4261 2365 27946 42422 3470 10606 87664 20136 98842 23723 11893 94527 16130 5636 74997 22348 90583 60595 84053 81816 77781 27957 15820 90284 55791 24151 83803 94856 9979 13499 27993 44378 85806 92279 93923 551 23135 43222 27301 73340 93875 15368 89660 21281 53854 69523 63878 80655 54524 40825 5792 70751 16856 21117 75309 44274 72447 50513 39707 16952 98972 87437 86182 43474 76488 74882 66796 62515 13988 24689 62536 31439 85887 44384 95939 49536 79310 67284 34620 47324 31442 64182 75442 9521 90522 24851 67460 88425 45594 29563 97844 75429 71411 48734 98837 17075 98131 82262 71622 88991 94654 60709 2385 62385 47352 20634 31747 22554 91486 72114 23053 48515 31917 65195 78118 1576 31178 84808 7178 43975 46844 74187 60452
69944 498 54962 80252 92398 2100 93284 61741 91042 11118 14038 39354 44383 88825 5868 57628 50762 64817 91467 64721 54665 6442 60683 87387 16071 28406 14217 66067 745 63094 83692 21585 17016 10347 30410 48971 84884 74990 81802 32013 10429 31820 3421 28264 98146 71054 33281 80211 5707 91954 16084 73607 83018 67750 73025 17453 89228 80161 42165 31191 30300 4314 6686 97697 66236 49199 65355 67126 77437 17197 91119 56365 95884 8018 1446 85172 21919 18699 47280 74367 76912 66097 8209 23639 11370 51071 28088 5988 96568 82215 80751 91088 49269 91788 18351 16674 14797 11451 77637 89937 60135 10641 49870 84986 21124 29732 88822 55954 91678 72732 89779 30243 31363 13320 40416 47188 89042 44523 67437 67969 76241 55581 85126 7419 350 85193 6334 34618
97180 61946 81012 32777 78003 11979 84965 58317 95460 6256 82979 14835 41070 5544 73293 96001 82178 46474 18813 47835 22868 12686 64293 98591 81170 93978 90908 73198 24644 87172 37754 83703 1635 42986 25490 31604 6573 78814 44248 62646 40554 10198 7317 72882 76436 24425 87076 82680 51007 68405 75660 91794 9686 8630 66137 92829 57635 33590 89096 76765 75179 29054 44860 26326 98779 16854 21865 4218 22466 55322 47173 4640 14755 73106 23604 94605 10802 86558 9785 23901 74096 56455 41563 83157 88635 70608 85556 30994 93946 4603 37606 73877 2271 12 44154 5691 45849 45730 24509 2409 50885 3092 89678 54943 31148 7676 90495 76748 2273 98327 2771 38923 92081 45998 9328 17484 49645 67449 89592 65348 29630 70457 17687 53783 13896 82285 26014 70981
34774 90295 24690 34016 99195 19229 2754 20148 93350 8467 75469 44273 29739 25080 2556 81323 17648 18051 68864 44228 7094 69767 38755 69368 20350 37240 90776 9407 29485 99309 56317 20614 39967 31621 13676 20984 65785 34574 57714 79121 40342 45084 29076 45505 26521 69650 4150 17493 67897 54811 46523 42266 24912 79332 44529 69586 52552 90694 94972 81552 76722 71479 70869 80238 47235 53472 66113 24212 36054 14199 47852 50145 11090 36299 35362 12640 551 24847 69447 89193 72280 34592 66949 88604 73968 14027 15380 40574 58661 46538 40315 66726 75647 50015 72639 44296 34283 39283 47074 12330 45733 75120 79008 57442 222 33846 56872 87292 62772 27262 42994 60490 80004 55035 95722 46783 36341 15082 1897 29841 37377 35877 71725 20066 39209 39847 59209 40914
89909 78092 76816 29177 83603 13932 21288 7341 84490 13151 18993 72856 70555 80926 78214 28590 16526 83056 16037 44356 36293 76469 37729 59948 18344 49538 69627 73349 23954 21162 3461 84480 36914 21873 94728 96619 29315 64041 25029 74433 95455 28289 68767 87549 82807 34784 85780 66564 88975 31420 6662 86820 81718 75636 61721 63770 23101 73839 15612 72535 41111 4242 41673 21204 86242 75208 13519 45388 56903 21240 43261 82990 95043 79522 14876 74950 52284 23554 29859 55575 53483 6114 44927 92964 37055 28257 967 32228 86187 32186 7587 6348 3179 90737 73705 31424 43433 70739 77706 33586 86713 58826 39975 97109 50527 94920 17573 81980 28457 7087 84204 95365 12707 9540 11129 94973 80058 69243 74011 62564 69171 74335 6624 38153 53257 24781 38513 6463
748 1599 6256 43758 51955 79985 51716 32093 4082 27702 67246 42135 1602 91938 41501 30356 88452 59482 36479 17821 50675 84748 16775 11960 88934 37868 47037 98984 25213 24518 27941 78144 61140 79006 5089 66499 59867 27591 75564 18882 7388 923 39412 16355 52306 49830 63022 22776 79172 68902 69979 92054 43357 54084 85025 18763 47593 12145 56451 14604 12065 98033 15898 92373 35740 16733 64914 17873 4201 53829 15129 31648 98249 87816 22648 28602 66168 44312 99819 71583 27030 46112 41326 81429 45379 5734 69008 31790 69574 24724 73788 95017 76148 65383 44395 52994 55861 9721 46048 5639 31714 84880 98465 71835 62773 44641 65982 26060 32099 10902 17316 81660 21582 71480 20732 7612 16430 56825 25925 79894 19089 28238 19250 48038 47020 26605 31513 23904
76539 29383 63644 38253 95237 66217 27555 67534 87391 79337 5096 91298 11155 25785 43259 10612 5533 36245 60775 89965 55544 67582 96514 14270 49980 7922 63250 77899 70312 51837 49532 75063 66958 5293 5739 10133 79160 16199 40895 21591 86204 86937 5187 39937 59073 75423 18075 90295 70024 10858 32809 37905 57154 17656 35094 43207 96009 22790 29238 57970 12214 75044 6057 94332 31407 93836 82695 72944 53721 30435 82368 55552 24460 48295 75893 33800 35706 5623 93314 92490 8232 52235 68413 39231 52800 23552 62299 65251 62940 27421 28399 63590 24824 59657 40153 19796 33301 51270 81912 36647 89758 359 19793 99311 98875 53103 16582 61728 79008 54625 64348 56298 34217 3796 83900 34523 7217 58913 7071 73418 70844 98735 64444 27812 88241 85596 1703 2493
9907 47427 21866 84493 48081 5226 54813 19739 5263 56319 45560 43031 45365 64775 6363 70393 87506 42194 55377 74494 61426 68983 49949 91436 54990 25712 79530 89181 20990 78854 62613 38577 96512 93577 92617 69969 28863 15567 12141 21404 40174 43023 32976 58517 21047 37730 99371 92879 21143 84304 16173 20008 7826 48470 38473 15722 19083 43889 14837 89499 24398 1361 82870 65055 54857 68100 24747 76269 58675 1062 88758 88564 13925 12916 18608 25512 4570 40809 25029 39204 26691 52019 83296 59378 74040 85042 4580 25375 73964 78321 79159 76174 93732 76522 27328 77732 85321 92760 92607 98486 48806 38418 44161 85038 26633 40641 49111 11742 14449 96719 32864 9334 68610 43121 63794 87498 70498 80599 29706 12890 99993 66191 53809 48990 47640 88127 96987 76411
58494 20012 3125 48827 70353 90404 68329 37822 80746 19056 44862 5844 27904 92926 54405 65672 37128 9239 57874 22208 50801 28681 92246 87151 83230 16381 186 62320 48462 70906 9902 71519 55068 46473 12411 37961 60163 2153 21022 2882 77121 46604 81483 40289 63738 63618 50100 58905 21322 40990 82721 64317 88009 77167 61758 45557 29095 40653 73906 88965 62555 12599 75224 24427 5076 60153 61916 61505 21234 15421 13021 97243 1903 5248 62578 69886 3745 30938 86912 68140 19062 64312 87654 91257 58034 43697 96402 29106 48602 79326 13044 9921 54889 78444 45041 66733 59182 54469 87578 18121 26555 27434 51888 47868 90756 94458 84466 48680 80143 75 47444 61042 45202 75177 74297 60552 98781 47842 51703 36457 89022 19920 3078 9837 12523 24654 22668 3540
21053 87336 88594 81387 74034 92769 29078 38091 49203 22510 29197 69785 17433 50819 59321 50629 57645 25333 95090 43628 48913 90559 43754 57628 49252 17579 32668 42613 9240 39482 98724 89859 87511 42983 9359 29110 7146 65753 63906 42305 24418 490 6415 43809 80945 92765 51236 91475 24242 5105 55280 90268 28103 36188 30264 9329 79844 24338 82954 6147 4593 15309 45623 90027 44216 99991 33566 28549 45472 11758 65569 64897 74686 26124 48768 7632 43368 63730 19032 83138 4367 9963 28782 6185 88771 54674 7334 81470 35412 66271 17747 53196 23307 85572 41360 53516 68678 22778 78926 2972 37813 99120 25649 53638 40003 12161 66136 31542 68539 26040 96658 68976 12731 56238 96252 50209 30055 47080 99215 96515 36098 60424 93437 66735 19927 83199 77880 45574
23085 47912 78490 62463 38390 88495 96613 13183 68139 36358 89268 91740 83258 90345 80119 35777 50618 91999 41719 66292 55243 56914 22210 452 12398 40537 11598 92635 49550 37843 801 18739 76084 30841 59561 60644 87278 25909 72473 22368 24289 85975 49720 42796 1662 32119 92242 41555 29689 23792 45278 74560 45419 8930 40529 68141 63366 34083 26131 46032 48870 40599 67235 84767 10734 34498 94570 85565 52276 13051 86212 63148 70616 88659 62541 88089 47232 8714 87033 303 33031 23272 2630 14187 43964 49011 20892 85733 92484 96301 71121 51640 91611 90775 77083 33256 50376 11890 32901 69324 66435 87476 86199 18398 57987 79295 29725 90982 8903 26504 52161 88836 15180 45918 54311 83065 17458 95206 55990 2626 33395 37523 94035 18666 45907 13779 24481 88070
46702 94084 64315 15975 39775 15586 23543 50029 70801 87094 67576 31022 23896 71001 30156 94049 81700 49032 14374 18474 38570 86439 92412 67250 78210 73993 56818 30458 4075 57621 23944 40428 90521 83737 86644 59364 92894 7295 69642 67005 17408 42729 99676 6798 84399 97855 79373 49293 59782 36220 32038 15361 23802 43869 58895 3164 74098 73225 37694 7530 27628 46630 25835 52757 97693 58900 30189 70356 58602 287 87688 72287 80021 87134 79207 50058 86437 16538 52535 37076 59103 72125 10664 14086 32037 25076 99695 12223 60061 46900 63429 35205 42671 96915 60056 40325 3488 34755 76418 33707 57591 47463 48847 32569 29395 73380 34663 53304 53424 92247 4180 52056 39642 10276 14255 44401 52684 52457 2810 82338 59736 83927 5301 16828 93755 7214 32089 85340
21686 69298 78923 81841 29818 48044 25120 30303 52808 98540 39048 29140 26539 32490 1403 31110 33526 72430 28891 62305 42625 69525 91019 87101 54017 74412 3671 20018 1181 78826 62668 94174 75101 89676 12769 65354 57512 29990 71897 3954 63235 30757 27409 30925 46947 94044 12845 90997 19400 86524 15840 30801 91104 62838 31299 6582 16576 33149 11201 86972 56385 83143 10518 13343 38636 62382 25298 26817 81739 79661 57146 79509 63546 74246 61262 8565 84282 41011 41119 99435 48945 4700 63499 30162 48143 76186 98918 96531 72278 41926 66026 23896 19847 69904 26507 49109 43363 86903 37417 1449 1887 75324 66132 97832 42072 40478 70749 94487 89043 90140 74852 11227 72383 99495 62857 99074 89121 73120 69094 25444 61809 48897 5551 10051 20401 45646 62750 78346
79483 80326 95310 86409 4800 70483 22170 67483 71629 20511 4040 80250 71576 1153 65336 90644 60950 20691 93295 45480 40233 76729 21287 99210 97245 41665 52452 78731 25856 1762 78739 38181 35340 80737 15705 38273 6170 82823 13496 12656 64183 83017 2108 12059 24640 26371 37798 36549 52141 89308 49165 92378 8488 45383 34025 75894 93739 16816 11024 5565 81992 65104 84381 86181 32169 73000 9814 17273 55043 93938 1335 257 50285 41836 79477 1006 66038 14930 71023 58086 7852 3735 15351 91489 27640 3657 74388 14257 93791 29998 65966 6257 38898 11262 75023 24302 50724 65662 5304 76658 59169 19283 30854 5812 66883 78336 56755 34142 77019 85343 40139 47697 82956 85597 80340 21477 36248 60242 28010 41290 76256 96150 41556 95628 28005 10763 874 5321
37843 82488 14601 10069 98459 84312 38965 18501 63881 77814 989 8773 69413 95566 18920 84911 26365 58972 45058 97298 64517 5223 68947 98578 88596 92999 41722 83433 1910 79398 22810 65766 9897 44153 48153 61138 52008 9014 14429 28826 79692 11841 11541 46536 19313 35158 20085 58539 84382 405 95549 2664 7554 57273 80752 51301 17214 76473 95195 93816 63834 37440 47694 95224 61694 64915 43819 76654 76968 94255 51655 5101 9282 50149 36711 98266 60889 44640 88685 62023 46847 26215 26971 9987 24646 60803 65825 53200 21915 36492 17598 5836 68030 7428 17215 41872 81316 72328 36445 14740 76117 67990 18335 9981 50220 5719 63844 67470 15749 76901 83183 98099 2557 42101 40856 33593 28009 42545 26861 81722 66280 48921 25017 33170 4575 50958 42800 86119
58428 2903 73692 21013 59861 25130 24340 70693 22000 71604 82746 79774 23563 41122 90790 26980 44526 70676 23088 2177 13263 66623 67830 10718 39223 36477 25105 91606 27007 37219 39595 66833 97582 58328 30392 272 52109 52603 29478 44304 42169 35557 73638 79200 84719 99550 14293 17651 15018 29391 90887 87633 86994 82 67142 38959 1517 840 79100 48863 59281 25628 28332 59303 52969 89371 89260 17827 94541 77864 79996 5605 71265 95255 92383 94719 52393 22950 55424 67493 86356 48694 97529 74465 70473 63574 23618 21100 19439 74100 76804 24997 13620 49047 4610 12425 6288 19485 23732 28236 6333 70230 82298 47186 31299 74481 9370 5589 94935 66119 89777 5061 18080 80396 59003 99933 49480 4666 69894 70958 62767 71047 2532 45474 94016 2871 10546 67437
33887 26892 54060 14558 80520 23859 41116 46152 62804 36713 24197 82752 35966 97419 32622 13358 35053 26549 48011 23067 54768 53150 83726 20099 16854 58932 94066 67911 12755 18349 42107 51548 55607 60624 12565 9178 62694 32502 14501 15002 50768 98488 10443 63342 42168 52789 67978 50652 91509 57968 71110 28939 29402 27203 63713 2476 51752 57473 91957 57335 19533 53328 73693 67274 53579 88901 25022 34320 18195 34874 39101 45641 17165 87606 81952 16686 90537 85538 95308 18567 48089 82971 3443 19677 36209 41278 62520 15783 66608 21612 82227 49067 20176 15030 39657 32843 66986 56952 85680 87159 98790 79950 64837 29045 41423 60566 20732 53971 28374 29358 2113 9602 58636 21873 67797 45164 92260 43821 8770 51509 52706 12940 76410 71395 94301 41190 67608 88926
75814 41865 96350 68800 95926 20192 93542 29275 51610 98369 5259 81210 26220 21876 82072 97485 37352 51962 68883 83561 8740 98531 93806 76518 28459 62670 11733 59217 82723 88268 49205 41676 92014 16353 9248 89935 88927 51526 14820 44160 21859 90718 75595 56452 38111 64285 13526 58173 53683 81525 51903 60655 19301 8246 7182 46041 46958 37235 23594 94895 43888 96588 41933 37376 2951 66429 4710 22410 44990 55814 22247 46060 58771 71057 93579 56612 16643 89223 14723 31140 60331 915 84274 29836 50842 35779 68002 70070 61232 67417 88400 91228 24696 75080 64528 12708 34390 11982 1126 80529 20510 83360 87730 61527 14828 98442 11924 30635 66597 68904 47259 16410 89678 73999 38802 56342 54767 82715 18929 49075 97528 93956 86685 24551 65163 62106 78206 40177
70541 90098 28049 63638 85546 74726 78503 41506 80941 68716 38165 15824 9445 54501 47875 8407 79876 38070 10088 8582 47750 42313 19957 65224 81546 44154 50943 66360 65461 47707 33139 83461 18199 33355 17793 25933 64867 30243 85233 74895 54923 67440 4401 56188 8943 58464 46355 70096 11448 50707 4878 47850 30662 59799 74574 74982 54355 84875 3188 58371 51818 78054 66665 20289 34057 95492 71796 19783 91048 82333 38000 29045 8735 37663 87068 94698 55927 27640 49852 866 26546 43562 2222 52251 96260 16456 51486 31554 42230 68237 17704 56359 69449 23595 94541 7958 14736 76173 52763 14509 210 9661 12706 24934 92361 51943 76731 11580 42202 98608 58855 21118 89115 80424 72387 17363 85309 93153 4636 48617 55310 38738 99600 3366 18626 34584 73375 70119
78816 89281 86905 88713 54947 471 86129 84078 54810 79175 10246 29375 14710 8604 44537 96927 10846 32670 74406 70762 98648 66960 76843 95044 81568 10400 92799 92489 18922 20918 85167 83212 32271 11509 12691 75817 49621 97582 93065 16387 24574 97563 76071 19650 88593 21193 93486 12985 61389 84298 37994 60518 93294 71242 22289 63548 63603 91136 59572 47637 50354 29329 86754 93081 66857 86769 35436 85016 10203 66972 1822 16505 75757 61503 63172 83894 29639 58809 25629 22082 61398 37102 43319 19230 87571 9430 47623 52015 31697 60616 25508 33042 41414 10583 10903 43504 29856 92221 33029 92973 24404 84855 87969 71211 76012 58348 28068 36108 1569 13869 1644 48241 44924 94754 54774 40403 73184 12667 90156 86860 1316 27002 7288 98080 66979 72247 96257 71267
73837 31560 61112 87 69234 7102 7074 58160 82074 43806 89219 24712 18926 51758 22810 55676 29183 13839 43984 52075 86089 12812 90858 61683 29167 61243 36178 67551 70634 12746 92049 13172 87341 30617 9263 19965 54672 4973 36326 67 66060 51472 58749 35421 98576 50394 64537 87037 56039 13373 21507 19387 37030 13567 61149 54083 65863 54509 79422 46876 55290 75428 10591 60522 19206 61840 78524 63004 17199 2520 53620 13159 24470 54183 20982 62935 75121 87399 27118 86858 45180 9227 60137 69944 14477 30891 19877 58284 21473 79919 48756 29269 25228 28400 17724 10021 762 72160 30077 14602 90719 7877 4260 16640 76125 62673 69312 51858 61611 12224 4024 30997 30784 52880 20811 50962 13964 12441 36009 62178 43424 81772 84535 29325 28124 8126 52084 14057
69917 92167 72442 54532 74055 57267 29412 91718 78214 16586 89765 54552 20344 14394 39083 40833 84705 58078 88087 1245 72559 63421 61629 23602 27293 36191 11569 22902 96846 97038 14115 37030 43776 8943 32987 8011 2777 86307 62540 3717 95263 87943 45048 44827 13605 65672 70334 47040 46594 69711 80297 42471 42472 93693 27993 86897 54272 8757 98800 15856 15035 33307 96081 21707 47736 69865 70394 62650 4672 10925 33925 5709 77018 968 28780 40480 37218 98760 38874 34119 26728 11872 68315 39209 82875 74800 82408 6503 37336 78919 62032 43421 55094 84611 58462 73857 14485 97487 44189 61829 94243 76036 29607 2898 65733 72725 61263 5195 10352 88240 76996 93113 72939 87657 48687 20127 31137 99289 73552 96341 70773 84826 86179 30463 44473 68688 61987 68058
32318 35331 48249 98274 3860 72359 46607 25693 29862 43918 74676 18800 6376 34633 18780 25406 97103 6967 29630 96965 21502 64674 70866 18921 4764 70628 20680 50647 63660 73637 66318 91433 33009 91667 7387 28587 4895 76906 20123 60194 16151 66738 20100 68234 14282 79975 13483 64312 84938 40428 29358 56931 68375 60378 48279 79257 14769 31705 27273 48455 37446 74043 56379 66157 38233 71381 66826 42071 16729 65142 27287 61989 36185 86366 31870 37396 78093 40413 23057 17846 23920 76732 24715 57167 13357 67854 19796 61626 57631 13293 87286 21331 94430 6360 39852 583 14877 48875 41902 75544 49002 51056 52017 44448 60560 535 30539 13907 32338 22583 21906 57787 47428 34532 54687 69961 76067 98491 21308 13279 20560 72887 25987 81759 52886 25936 66172 98334
10032 49796 64592 65541 68459 93796 15096 89148 92312 50088 9427 53988 82272 72936 83560 57238 75851 65580 57663 97390 82145 36506 51263 61367 97840 57693 27246 43625 4811 95823 26339 26346 51352 65049 66585 80532 80487 43720 39683 57254 51875 40832 88561 77885 50545 19141 9326 72205 43048 69779 95190 94638 70807 34537 40178 51320 33014 34527 38478 36058 38854 81680 83625 71222 75848 502 64832 64622 88663 75088 3051 65708 22347 96760 11796 84858 38509 68437 54727 96702 24489 74237 11955 63670 18664 26664 98928 85454 25148 47552 61704 53260 29564 575 18262 7995 5323 2353 67042 60087 61742 79431 18551 15350 60787 33772 10791 60936 38922 78771 57393 70250 29507 77094 80364 92919 66486 71438 28917 11874 86635 73848 24768 33270 27914 32731 33176 15472
78701 42873 85904 20831 65167 26157 11098 56476 10638 1858 27198 83640 72709 78953 68879 58673 82035 12361 94913 53862 3958 19620 46143 42297 62314 8843 5674 69016 34174 78763 39662 4789 80581 46336 38821 78323 26333 40065 45377 8556 13872 86474 83512 31815 6485 31991 11400 69895 11690 40633 7518 40178 33532 74776 50934 82283 81336 7723 79822 16861 88857 29997 67890 92667 77444 48866 8155 32032 15222 7795 94333 39917 62979 34019 16236 73816 898 83873 75368 3153 716 61901 62477 9252 52212 90181 56495 61070 83886 45036 46411 34912 39292 55734 85034 44408 46162 92548 38018 84024 95640 93709 62653 47155 96465 92451 869 84951 14547 13112 20538 28887 55288 97964 71297 10485 47454 98237 5382 23593 35588 19074 15410 62941 66484 48902 10626 83095
30291 93092 636 43750 29384 71946 8002 54801 41180 282 93115 9921 77262 30869 43671 78348 41521 76923 31585 60203 53474 28804 96401 95523 39173 48360 80394 50419 72639 3055 43160 67540 70594 92831 8483 82939 81620 24973 45696 57320 9075 25263 76984 50759 42967 60674 44465 84502 19293 18576 40897 87276 39142 71119 54067 65518 92725 51410 62406 70765 53946 73180 93895 79996 89397 82330 71154 49967 34811 41180 73383 88905 58462 44195 12766 15502 19253 79717 92434 64325 68104 13385 49098 40100 54974 58984 56022 9154 91561 14239 36403 17307 29461 26433 84949 77788 61568 54238 98857 41816 2104 28471 57135 10551 20024 52406 1066 92760 79198 46702 24185 860 82747 22721 95027 67092 34787 34625 56820 75957 43365 82605 79355 80936 93795 85250 75184 25484
54506 1644 64429 66887 88989 14392 24560 14269 28015 68092 37870 35018 82731 19464 27014 61113 65398 71389 63016 85387 34477 46941 55128 81318 98658 27403 46406 1107 3751 93239 60690 56874 92473 56084 33026 11322 11713 51301 30131 41800 92960 80854 80516 20728 53678 31804 49037 72953 59906 1640 1127 89330 14621 5234 7619 48225 85652 27467 49367 84586 5449 37039 17487 22228 30719 42876 98124 85445 89738 94507 35235 8376 10192 15843 9723 39841 49980 77391 41247 77210 68620 68277 22619 28930 65903 76775 65138 26351 94209 95892 83236 3700 97896 87409 78288 98666 90269 89308 16961 47281 60754 97105 39462 75273 46696 36891 1632 71587 3273 39682 30536 77186 55959 80197 37137 68087 15581 13457 97736 32426 70860 23235 90869 95036 30671 88259 45526 38333
51977 83534 41923 56239 83680 64480 27877 56773 53729 31513 78099 84958 79197 17591 82699 4326 51317 42621 79155 17656 42766 41593 61940 16549 15722 48178 7848 9179 37223 41174 50048 93566 85658 94091 15642 11816 17500 47220 85712 16264 93286 86824 11632 82627 30365 68350 21387 2518 35649 42027 25180 27362 91630 69163 22454 85183 49777 529 4071 84599 66089 18062 35023 23049 18031 48689 44563 50502 63620 94025 85994 11773 45701 78517 3025 66907 79322 25403 570 12290 64192 57500 20432 84076 92649 34186 59861 6351 50642 68111 35918 84907 45521 99324 26258 13903 32992 7309 5568 80162 71337 29630 89963 48605 55616 66748 74638 65018 72330 90652 52475 44277 75863 97003 89436 20298 77987 30194 85241 84810 48714 41392 36718 43685 95080 57037 78666 55338
111 18382 58631 48701 87119 39926 78761 72709 18109 16224 54597 77173 13182 89639 13179 67591 9096 24138 6591 22254 10396 65159 49397 64408 78902 78921 63113 29800 56032 31922 66424 49814 88389 91066 38448 58848 74971 65678 31639 69601 9079 95331 35448 81750 79290 57832 70692 96566 99014 79676 54453 94325 81078 10586 27707 38484 13429 99836 54000 77534 51823 49440 14811 83359 46851 73599 60539 41185 50024 15167 6791 78277 13343 6112 31611 19193 53501 70822 47 84010 15648 58678 42330 31001 98485 95924 98342 66228 52806 8747 67342 39340 63161 99542 16314 73823 7420 45068 61048 41809 24691 25330 71551 67032 68171 2869 69735 63481 3116 10176 89385 37269 26238 38932 60798 82758 13502 29400 67394 20623 87350 32167 55312 88824 81095 16237 56445 67379
98407 58428 82519 19977 72740 72565 30786 96092 20381 13170 39803 40949 18469 87020 42753 57217 60831 8460 4333 84377 9367 67503 16780 46808 1178 71744 88395 65369 58463 65741 35356 52176 703 74046 78231 65216 99157 85961 70485 94385 77199 14832 29466 62039 97878 75213 31108 2261 36975 25904 23064 83551 33520 89843 40310 29315 61610 37413 93363 35739 64670 22957 88520 60586 44489 14154 49459 99776 31246 61758 24340 22887 65399 19221 13856 90997 40348 93300 36688 41502 90345 16167 51857 71808 8270 48170 71379 41934 88803 86638 59409 58614 41396 30205 11483 15170 65095 1307 48453 55739 18941 15911 70619 9344 32642 28156 23314 42704 4880 74998 31152 78020 60399 10830 84526 93941 93058 77846 61420 20690 50199 56895 72308 71450 75987 121 43930 597
79642 17185 39110 78074 93760 49956 12986 59094 69896 69380 46134 14501 53886 74567 75744 77984 83510 53464 18320 21344 20347 34833 38370 97997 51971 68148 79280 49252 12284 1276 60516 64660 89103 57284 54662 66454 60962 92088 89276 60896 26382 4533 25983 4304 9154 68311 49096 10030 31269 65176 69004 67250 88911 70421 3036 5234 98977 74046 74415 11869 75764 74766 57689 25144 76991 78277 80358 40430 88944 1908 69048 52812 36049 78170 91409 14518 48128 70078 50227 16602 6152 71741 72864 38682 28344 77268 64009 91153 19584 15182 40752 50193 63634 26067 31716 82366 5856 5351 48374 80180 31917 40236 65456 48936 7074 32763 42299 88559 62664 2426 92060 78171 36909 70804 33028 19757 19564 58984 21095 29114 97395 1607 97465 15761 91158 35629 54442 61083
68879 45497 45346 55576 24368 78784 59149 31896 84131 34249 1664 77472 66541 51556 44815 67956 32370 30124 69432 32495 97395 95177 85306 73959 20575 60912 61981 67761 81167 90665 99678 60553 18250 37209 64776 6555 36462 29304 81777 1837 52454 72000 28616 87497 58805 99922 66527 36536 91903 62011 55993 47338 5520 15761 31604 25119 44556 59311 91083 59111 13712 11694 81734 29247 53229 37532 30924 96205 66134 10401 82083 56682 71704 75168 1067 31247 91116 78404 79792 37070 40871 25480 81042 77169 77389 77330 14778 4155 57459 26296 23330 76762 42326 39963 83577 81059 57992 4200 76783 8858 21243 13306 29936 90278 90729 48133 78156 58495 50513 86315 96044 63413 14164 95497 62749 46395 37665 38850 67442 70101 55450 68286 23342 41967 41532 6977 76743 55455
80426 79478 16804 61441 11910 87309 90073 67071 19345 99050 33045 91304 71282 336 77307 41081 59192 39395 97804 21425 32964 99490 39213 82448 53210 11419 79366 19962 78513 14127 59362 42331 11573 77287 29620 36926 63288 41432 61263 40846 60748 41580 83756 41726 92999 95070 89747 27922 91344 92160 37647 42136 10286 54711 74145 47113 5399 55628 96422 27437 45785 17200 70158 32287 13884 5550 82246 41162 7165 29275 68997 51645 28525 14694 36962 72792 22837 66594 73677 44560 31248 13564 83588 29781 50854 51513 83438 40950 29098 99643 11547 88813 69330 60933 94745 72315 23930 62071 73169 75583 74506 11896 34117 78012 99807 90412 24607 34806 38100 32438 18060 2257 74548 97882 94790 99994 39914 93716 7248 38244 52813 70756 18147 40872 17564 65555 58546 32584
93978 69338 97535 37109 96314 54674 12577 86394 18945 98421 86551 41562 14192 33489 63448 92199 12147 78807 86138 68836 77942 86749 21312 21120 85279 83560 20256 37459 14037 37118 84805 69136 65203 3584 2706 1596 95364 99513 34624 97147 29453 61953 22338 78069 23328 5516 52506 77541 84089 99056 15239 35875 22573 86286 68188 22434 85411 47634 76287 38375 11016 6295 64704 37098 10523 30183 67013 91809 27522 76582 37005 93200 52894 85493 23190 3206 61060 55100 23705 44766 55242 23693 39400 64895 63631 63099 79750 3294 79661 23617 19883 53801 90343 19789 4818 14655 5620 35321 40442 46409 74934 49795 91434 72736 95115 78727 14444 30503 48013 2826 52851 70883 13545 44545 20414 77212 61867 17636 91103 2278 62612 57452 9547 57699 60800 93491 63875 55830
52436 75070 44862 96164 96295 83711 70335 23836 71798 30800 3329 99088 92559 78216 41641 2752 33186 86979 32076 72889 46867 27045 79704 68896 87637 21627 42031 85562 58595 43807 13615 25731 2821 47093 47433 63550 41170 43778 85442 39431 97854 13985 63393 49502 67591 24242 39 36416 37787 82306 5712 51921 10324 11545 55782 23336 96303 63827 27774 36464 92953 56476 68587 54583 4169 8995 97722 61574 31840 88099 19266 42089 54853 52277 59759 42960 29378 94846 174 88071 32086 48566 19803 36502 46610 15550 23047 13778 23273 15295 7511 97237 78489 21905 61703 5844 44028 75681 23000 18121 63164 16461 5888 50346 76396 78730 15410 61384 41620 26099 90458 70030 62877 36783 23742 2851 95450 23575 85933 94399 4375 35253 84292 23639 96089 90830 69387 51382
71963 796 11586 2021 6923 70829 97581 78200 79417 50508 91767 47938 70242 96644 64003 91650 32593 52757 61831 22099 76829 72064 74784 63022 38699 53583 10813 39495 43185 77588 31983 19546 27955 99978 46839 59356 54329 84788 3648 80279 29502 14946 49859 40161 84155 57122 13417 10513 31225 45605 35411 79717 77755 69261 93599 61305 54223 60307 89228 83234 24089 80161 60021 78553 25121 88446 43973 36703 73100 8781 10699 99942 97146 91707 71515 93575 27496 33350 60661 52762 69848 23522 16579 82519 53064 86227 96952 12166 76473 64038 44792 63570 58328 79773 78331 45619 59470 16591 42445 14479 16052 63170 41942 69248 62822 510 50715 9467 27983 4645 40456 86707 23482 60544 77445 22633 44649 67764 71187 56598 62374 40223 3479 31072 66555 16710 16835 39865
22577 79489 36040 3938 33120 34051 91431 70302 10283 30024 2093 11322 18322 58139 40383 14370 3858 78803 64239 96827 95878 40511 11058 58450 1625 24281 75956 43128 17610 80800 66566 90200 24923 27268 90295 77881 53462 19954 9553 2469 16018 48940 84688 29476 44211 86547 54784 82583 47498 83491 56668 88908 34239 73056 58277 17158 51297 53317 88162 91285 24946 5100 57254 82394 18030 68443 79964 47354 54060 86389 9192 35235 88970 14872 58112 7149 72833 26924 33297 52176 22862 56450 15790 55505 58854 60515 23196 36911 3531 30835 87260 32226 19043 19872 82722 64104 85790 67750 47772 17772 95660 42826 50511 91873 39431 63617 68561 79326 99256 68926 68404 83982 59404 88986 38870 8509 76554 54680 64363 8972 66706 17450 36866 67883 60079 72265 25134 90727
90925 92308 87585 28620 40913 15245 7462 62912 40061 73668 13601 62601 24023 62522 97875 25055 50233 50650 80198 21164 61883 43994 4930 75669 78187 88544 31364 71129 18454 28947 7372 49987 95083 60891 51909 5475 60627 66033 43652 2470 88785 78130 6678 59262 12522 24295 69694 99708 44832 1298 60620 49836 96178 49883 92131 46500 79021 97531 27871 3627 59692 53919 30964 65759 61693 29455 87123 70437 72255 43131 64291 63459 54487 85679 28539 1512 38646 45487 33685 76704 82715 74555 6433 13126 27961 44347 37632 1266 82361 21029 44301 76919 45640 96354 22548 823 14226 21566 80957 74154 48049 5106 48974 19643 78393 48333 56646 19957 94323 32662 4833 8130 11596 27586 50384 96358 55417 3733 20164 48097 19106 14374 21721 4323 2347 25098 88446 32674
56091 61705 23149 96431 81137 97254 76950 51375 96342 30794 81513 60455 57214 56007 72770 87996 99302 74397 78710 89135 75665 58222 75096 61705 2017 90513 80555 82871 87601 95697 61184 58572 8959 89392 8188 91840 47045 95384 2267 96690 52376 884 95017 1139 94877 11450 34339 82124 5230 6907 95056 72334 79424 84342 62455 30351 9564 61551 91468 18649 38059 17957 18445 38772 92277 4688 95319 60383 20212 1090 41762 78205 49298 41063 15312 766 6984 47499 50946 64673 48428 52224 6024 6647 35946 17534 15512 32462 91526 59325 8584 36012 49038 79662 28790 67735 50925 71633 99541 27595 91074 67746 71789 18376 76208 94170 11347 96250 58296 16165 42966 42259 63788 21391 65656 51041 6380 58154 98408 38175 24087 15313 65272 56842 59915 56774 88236 91956
89635 67789 39297 50749 48949 44834 42214 77619 91497 56910 37322 37904 32036 42653 14213 85376 90561 29002 46822 69025 51935 1119 26796 38153 67413 4235 4594 95626 13639 10188 54690 44926 48536 15981 95136 56477 51372 5428 11635 98727 75142 54334 82169 2169 69165 99887 42939 84153 90370 74397 23920 85140 26132 87794 92950 64107 17761 51006 72468 46618 8302 93210 61098 32793 81258 63505 14655 83472 26915 50771 4578 13094 3699 25029 94031 52038 77104 93999 35937 60708 96126 35211 31355 5553 61212 43272 6749 5376 20958 93932 76537 74134 81012 48798 14818 28917 86304 79892 58505 53151 39934 49498 29300 67909 28275 12520 46400 32684 17106 82712 24503 9820 62248 25825 57613 37007 59722 94017 56366 27586 76664 29944 7500 91462 65623 88355 30109 98074
58730 37207 19388 42681 67056 24533 72445 40098 2211 33077 32773 18139 67656 90219 71969 66509 53653 17829 94222 20256 41613 8481 33050 32830 29505 11136 50917 84816 43557 72218 86346 79094 62231 77905 89127 77394 51961 90661 64122 63627 1349 55977 35082 9846 70368 25067 6211 42169 51091 10896 71592 51159 11717 38767 22366 67698 41358 61683 90171 77692 46498 73961 95224 38022 26298 37984 83861 38114 71622 95973 4450 62926 40481 94646 44200 35838 19969 24174 47821 86473 21487 89692 64193 17462 40658 46769 16912 96042 43506 97537 98713 53182 57954 42492 78306 77953 3795 84826 98399 30069 68331 63265 41642 62140 45351 3275 3758 61723 69549 66221 88998 95919 17885 19922 80950 45298 49443 49272 72942 19402 61987 88539 98700 78146 27723 62270 9996 76509
93917 38036 33971 11490 94344 4513 964 24040 14644 50576 91325 80177 20383 86044 48176 50999 48842 24724 72260 95620 88362 24443 7633 70290 43708 16797 17407 29186 31585 70680 83016 83476 18116 42969 63771 80144 77217 16460 88494 82061 11035 32077 51259 72172 19648 25972 76213 74315 740 72490 5154 28624 14796 84567 76068 88471 8733 60382 63171 62531 90038 31270 57872 21555 84133 12825 81033 82096 57367 64954 25340 20256 65617 45851 44170 53655 62139 19582 65401 93770 7330 87089 2904 60481 35711 43551 63048 19121 39444 13092 40895 90113 16327 76370 52061 63402 51610 19959 49101 6777 11277 89755 84693 35467 47381 53816 276 77751 14477 5382 18642 72336 87413 60919 97439 5776 83074 69748 57795 66743 55062 86300 21661 15562 12408 98020 31922 37827
7777 63744 60138 1850 60107 67698 30764 10348 8730 82193 64897 28023 97367 72975 56019 77100 28901 39304 88454 52876 33297 59368 49857 90871 43731 95444 76723 48882 69470 57467 16377 45751 75710 60704 57527 90327 93107 49954 79351 52729 85510 90076 34369 19427 76373 70544 84053 97873 80226 49582 14556 87768 38535 36390 80867 81638 61648 85302 90793 76436 66159 90964 68863 97662 31083 78507 33447 73334 22135 74346 93172 16642 63424 41412 32080 36408 30002 30337 56942 24188 7424 80675 19452 79065 65780 51304 3342 51622 10227 86659 79883 47539 86463 8414 30747 92538 49247 14460 85436 39981 62280 94068 73512 23316 61782 11440 45832 42673 22748 39 31210 96776 16006 47349 97945 60127 21617 70239 26387 10375 99158 65405 72360 13015 75798 11706 32665 33813
1431333 910826 432881 1129049 720730 565287 663577 306853 1558569 725666 486215 1377716 758988 1044461 1120184 1426378 629557 488906 20070 662354 1270111 80195 747026 1614022 608388 1102849 519833 1454809 744665 976667 1280172 671957 960885 1016871 1044788 259472 518643 316540 28903 191999 369629 813021 859683 514661 374269 979652 1282515 1365346 249086 722080 201203 1589235 1054323 694774 19748 1294890 631119 25634 929668 733733 403379 262483 584294 955412 685493 1669594 579134 932705 1161886 293135 1125193 310568 524042 1183507 233287 402060 745095 37385 1317832 1392144 453901 1066202 461960 720547 62334 382347 1004492 340254 1203682 859694 22829 777131 795928 209345 374476 886607 347380 1264410 1240803 1252001 664324 1628379 1135727 541160 257907 986071 893437 295049 164861 506462 1246843 373632 1218221 560132 269798 939388 753136 389161 1204873 561983 1261974 79715 1288244 730811 1109006 407534 207099 999677
