64
0 0 1 1 1 1 1 1 1 1 1 1 1 1 1 1 1 1 1 1 1 1 1 1 1 1 1 1 1 1 1 1 1 1 1 0 1 1 1 1 1 1 1 1 0 1 1 1 1 1 1 1 1 1 1 1 1 1 1 1 1 1 1 1
0 0 1 1 1 1 1 1 1 1 1 1 1 1 1 1 1 1 1 1 1 1 1 1 0 1 1 1 1 1 1 1 1 1 1 1 1 1 1 1 1 1 1 1 1 1 1 1 1 1 1 1 1 1 1 1 1 1 1 1 1 1 1 1
1 1 0 1 1 1 1 1 1 1 1 1 1 1 1 1 1 1 1 1 1 1 1 1 1 1 1 1 1 1 1 1 0 1 0 1 1 1 1 1 1 1 1 1 1 1 1 1 1 1 1 1 1 1 1 1 1 1 1 1 1 1 1 1
1 1 1 0 1 1 0 1 1 1 1 1 1 1 1 1 0 1 0 1 1 1 1 1 1 1 1 1 1 1 1 1 1 1 1 1 1 1 0 1 1 1 1 1 1 1 1 1 1 1 1 1 1 1 1 1 1 1 1 1 1 1 1 1
1 1 1 1 0 1 1 1 1 1 1 1 1 0 1 1 1 1 1 1 1 0 1 1 1 1 1 1 1 1 1 1 0 1 1 1 0 1 1 1 1 1 1 1 1 1 1 1 1 1 1 1 1 1 1 1 1 1 1 1 1 1 1 1
1 1 1 1 1 0 1 1 1 1 1 1 1 0 1 1 1 1 1 1 1 1 1 1 1 1 1 1 0 1 1 1 1 1 1 1 1 1 1 1 0 1 1 0 1 1 1 1 1 1 0 1 1 1 1 1 1 1 1 1 1 1 1 1
1 1 1 0 1 1 0 1 1 1 1 0 1 1 1 1 1 1 1 1 1 0 1 1 1 1 1 0 0 1 1 1 1 1 1 1 1 1 1 1 1 1 1 1 1 1 1 1 1 1 1 1 1 1 1 1 1 1 1 1 1 1 1 1
1 1 1 1 1 1 1 0 1 1 1 1 1 1 1 1 1 1 1 1 1 1 1 1 1 1 1 1 1 1 1 1 1 1 1 1 1 1 1 1 1 1 1 1 0 1 1 1 1 1 1 1 1 1 1 1 1 1 1 1 1 1 0 1
1 1 1 1 1 1 1 1 0 1 1 1 1 0 1 1 1 1 1 1 1 1 0 1 1 1 1 1 1 1 1 1 1 1 1 1 1 1 1 1 1 1 1 1 1 1 1 1 1 1 1 1 1 1 1 1 1 1 1 1 1 1 0 1
1 1 1 1 1 1 1 1 1 0 1 1 1 0 1 1 1 1 1 1 1 1 1 1 1 1 1 1 1 1 1 1 1 1 1 1 1 0 1 1 1 1 1 1 1 1 1 1 1 1 1 1 1 1 1 1 1 1 1 1 1 1 1 1
1 1 1 1 1 1 1 1 1 1 0 1 1 1 1 1 1 1 1 1 1 1 1 1 1 1 1 1 1 1 1 1 1 1 1 1 1 1 1 1 1 1 1 0 1 1 1 1 1 1 1 1 1 1 1 1 1 1 1 1 1 0 1 1
1 1 1 1 1 1 0 1 1 1 1 0 1 1 1 1 1 1 1 1 1 1 1 1 1 1 0 1 1 1 0 1 1 1 0 1 1 1 1 1 1 0 1 1 1 1 1 1 1 1 1 0 1 1 1 1 1 1 1 1 1 1 1 1
1 1 1 1 1 1 1 1 1 1 1 1 0 1 1 1 1 1 1 1 1 1 1 0 1 1 1 1 1 1 1 1 1 1 1 1 1 1 0 1 1 1 1 1 1 1 1 1 1 0 1 1 1 1 1 1 1 1 1 1 1 1 1 1
1 1 1 1 0 0 1 1 0 0 1 1 1 0 1 1 1 1 0 1 1 1 1 1 1 0 1 1 1 1 1 1 1 0 1 1 1 1 1 1 1 1 1 1 1 1 1 1 1 1 1 1 1 1 1 1 1 1 1 1 1 1 1 0
1 1 1 1 1 1 1 1 1 1 1 1 1 1 0 1 1 1 1 1 1 1 1 1 1 1 1 1 1 1 1 1 1 1 1 1 0 1 1 1 1 1 1 1 1 1 1 1 0 1 1 1 1 1 0 1 1 1 1 1 1 1 1 0
1 1 1 1 1 1 1 1 1 1 1 1 1 1 1 0 1 1 1 1 0 1 1 1 1 1 1 1 1 1 1 1 1 1 1 1 1 1 1 1 1 1 1 1 1 1 1 1 1 1 1 1 1 1 1 1 1 1 1 1 1 1 1 1
1 1 1 0 1 1 1 1 1 1 1 1 1 1 1 1 0 1 1 1 1 1 1 1 1 1 1 1 1 1 1 1 1 1 1 1 1 1 1 1 1 1 1 1 1 1 1 1 1 1 1 1 1 1 1 1 1 1 1 1 1 1 1 0
1 1 1 1 1 1 1 1 1 1 1 1 1 1 1 1 1 0 1 0 1 1 1 1 1 1 1 1 1 1 1 1 1 1 1 1 0 1 1 1 1 1 1 1 1 1 1 1 1 1 1 1 1 1 1 1 1 1 1 1 1 1 1 1
1 1 1 0 1 1 1 1 1 1 1 1 1 0 1 1 1 1 0 1 1 1 1 1 1 1 1 1 1 1 1 1 1 1 1 1 1 1 1 1 1 1 1 1 1 1 1 1 1 1 1 1 1 1 1 1 1 1 1 1 1 1 1 1
1 1 1 1 1 1 1 1 1 1 1 1 1 1 1 1 1 0 1 0 1 1 1 1 1 1 1 1 1 1 1 1 1 1 1 1 1 1 1 1 1 0 1 1 1 1 1 1 1 1 1 1 1 1 1 1 1 1 1 0 1 1 1 0
1 1 1 1 1 1 1 1 1 1 1 1 1 1 1 0 1 1 1 1 0 1 1 1 1 1 1 0 1 1 1 1 1 1 1 1 0 1 1 1 1 1 1 1 1 1 1 1 0 1 1 1 1 1 1 1 0 0 1 1 1 1 1 1
1 1 1 1 0 1 0 1 1 1 1 1 1 1 1 1 1 1 1 1 1 0 1 1 1 0 1 1 1 1 1 1 1 1 1 1 1 1 0 1 1 1 1 1 1 1 1 1 1 1 1 1 1 1 1 0 1 1 1 1 1 1 1 1
1 1 1 1 1 1 1 1 0 1 1 1 1 1 1 1 1 1 1 1 1 1 0 1 1 1 1 1 1 1 1 1 1 1 1 1 0 1 1 1 1 1 1 1 1 1 1 1 1 1 1 1 1 1 1 1 1 1 1 1 1 1 1 1
1 1 1 1 1 1 1 1 1 1 1 1 0 1 1 1 1 1 1 1 1 1 1 0 1 1 1 1 0 1 1 1 1 1 0 1 1 1 1 1 1 1 1 1 1 1 1 1 1 1 1 0 1 1 1 1 1 1 1 0 0 1 1 1
1 0 1 1 1 1 1 1 1 1 1 1 1 1 1 1 1 1 1 1 1 1 1 1 0 1 1 1 1 1 1 1 1 0 1 1 1 1 1 1 1 1 1 1 1 1 0 1 1 1 1 1 1 1 1 1 0 1 1 1 1 1 1 1
1 1 1 1 1 1 1 1 1 1 1 1 1 0 1 1 1 1 1 1 1 0 1 1 1 0 1 1 1 1 1 1 1 1 1 1 1 1 1 1 1 1 1 1 1 1 1 1 1 1 1 1 1 1 1 1 1 1 1 1 1 1 1 1
1 1 1 1 1 1 1 1 1 1 1 0 1 1 1 1 1 1 1 1 1 1 1 1 1 1 0 0 1 1 1 1 1 1 1 1 1 1 1 1 1 1 1 1 1 1 1 1 1 1 1 1 1 1 1 1 1 1 1 1 0 1 1 1
1 1 1 1 1 1 0 1 1 1 1 1 1 1 1 1 1 1 1 1 0 1 1 1 1 1 0 0 1 1 1 1 1 1 1 1 1 1 1 1 1 0 1 1 1 0 1 1 1 1 1 1 1 0 1 1 1 1 1 1 1 1 1 1
1 1 1 1 1 0 0 1 1 1 1 1 1 1 1 1 1 1 1 1 1 1 1 0 1 1 1 1 0 1 1 1 1 1 1 1 1 1 1 1 1 1 1 1 1 1 1 1 1 1 1 1 1 1 1 1 1 1 1 1 1 1 1 1
1 1 1 1 1 1 1 1 1 1 1 1 1 1 1 1 1 1 1 1 1 1 1 1 1 1 1 1 1 0 1 1 1 1 1 1 1 1 1 1 1 0 1 1 0 1 1 1 1 1 1 1 1 1 1 1 1 1 1 1 1 0 1 1
1 1 1 1 1 1 1 1 1 1 1 0 1 1 1 1 1 1 1 1 1 1 1 1 1 1 1 1 1 1 0 1 1 1 1 1 1 1 1 1 1 1 1 1 1 1 1 1 1 0 1 1 0 1 1 1 1 1 1 1 1 1 1 1
1 1 1 1 1 1 1 1 1 1 1 1 1 1 1 1 1 1 1 1 1 1 1 1 1 1 1 1 1 1 1 0 1 1 0 1 1 1 1 0 1 1 1 1 1 1 1 1 1 1 1 1 1 1 1 1 1 1 1 1 1 1 1 1
1 1 0 1 0 1 1 1 1 1 1 1 1 1 1 1 1 1 1 1 1 1 1 1 1 1 1 1 1 1 1 1 0 1 1 1 1 1 1 1 1 1 1 1 1 1 1 1 1 1 1 1 0 1 1 1 1 1 1 1 1 1 1 1
1 1 1 1 1 1 1 1 1 1 1 1 1 0 1 1 1 1 1 1 1 1 1 1 0 1 1 1 1 1 1 1 1 0 1 1 1 1 1 1 1 1 1 1 0 1 0 0 1 1 1 1 1 1 1 0 1 1 1 1 1 1 1 1
1 1 0 1 1 1 1 1 1 1 1 0 1 1 1 1 1 1 1 1 1 1 1 0 1 1 1 1 1 1 1 0 1 1 0 1 1 1 1 1 1 1 1 1 1 1 1 1 1 1 1 1 1 1 1 1 1 1 1 1 1 1 1 1
0 1 1 1 1 1 1 1 1 1 1 1 1 1 1 1 1 1 1 1 1 1 1 1 1 1 1 1 1 1 1 1 1 1 1 0 1 1 1 1 1 1 0 1 1 1 1 1 1 1 1 1 1 1 1 1 1 1 1 1 1 1 1 1
1 1 1 1 0 1 1 1 1 1 1 1 1 1 0 1 1 0 1 1 0 1 0 1 1 1 1 1 1 1 1 1 1 1 1 1 0 1 1 1 1 1 1 1 1 1 1 1 1 1 1 1 1 1 1 1 1 1 1 1 1 1 1 1
1 1 1 1 1 1 1 1 1 0 1 1 1 1 1 1 1 1 1 1 1 1 1 1 1 1 1 1 1 1 1 1 1 1 1 1 1 0 1 1 0 1 1 1 1 1 1 1 1 1 1 1 1 1 1 1 1 1 1 1 1 1 1 1
1 1 1 0 1 1 1 1 1 1 1 1 0 1 1 1 1 1 1 1 1 0 1 1 1 1 1 1 1 1 1 1 1 1 1 1 1 1 0 1 1 1 1 1 1 1 1 1 1 0 1 1 1 1 1 1 1 1 1 1 1 1 1 1
1 1 1 1 1 1 1 1 1 1 1 1 1 1 1 1 1 1 1 1 1 1 1 1 1 1 1 1 1 1 1 0 1 1 1 1 1 1 1 0 1 1 1 1 0 1 1 1 1 1 1 1 1 1 1 0 1 1 1 1 1 1 1 1
1 1 1 1 1 0 1 1 1 1 1 1 1 1 1 1 1 1 1 1 1 1 1 1 1 1 1 1 1 1 1 1 1 1 1 1 1 0 1 1 0 1 1 1 1 1 1 1 1 1 1 1 1 1 1 1 1 1 1 1 1 1 1 1
1 1 1 1 1 1 1 1 1 1 1 0 1 1 1 1 1 1 1 0 1 1 1 1 1 1 1 0 1 0 1 1 1 1 1 1 1 1 1 1 1 0 1 1 1 1 1 1 1 1 1 1 1 1 1 1 1 1 1 1 1 1 1 0
1 1 1 1 1 1 1 1 1 1 1 1 1 1 1 1 1 1 1 1 1 1 1 1 1 1 1 1 1 1 1 1 1 1 1 0 1 1 1 1 1 1 0 1 1 1 1 1 1 1 1 1 1 1 1 1 1 1 1 1 1 1 1 1
1 1 1 1 1 0 1 1 1 1 0 1 1 1 1 1 1 1 1 1 1 1 1 1 1 1 1 1 1 1 1 1 1 1 1 1 1 1 1 1 1 1 1 0 1 1 1 1 1 1 1 1 0 1 1 0 1 1 1 1 1 1 1 1
0 1 1 1 1 1 1 0 1 1 1 1 1 1 1 1 1 1 1 1 1 1 1 1 1 1 1 1 1 0 1 1 1 0 1 1 1 1 1 0 1 1 1 1 0 1 1 1 1 1 0 1 1 1 1 1 1 1 1 1 1 1 1 0
1 1 1 1 1 1 1 1 1 1 1 1 1 1 1 1 1 1 1 1 1 1 1 1 1 1 1 0 1 1 1 1 1 1 1 1 1 1 1 1 1 1 1 1 1 0 1 1 1 1 1 1 1 1 1 1 1 1 1 0 1 1 1 1
1 1 1 1 1 1 1 1 1 1 1 1 1 1 1 1 1 1 1 1 1 1 1 1 0 1 1 1 1 1 1 1 1 0 1 1 1 1 1 1 1 1 1 1 1 1 0 1 1 1 1 1 1 1 1 1 1 1 1 1 1 1 1 1
1 1 1 1 1 1 1 1 1 1 1 1 1 1 1 1 1 1 1 1 1 1 1 1 1 1 1 1 1 1 1 1 1 0 1 1 1 1 1 1 1 1 1 1 1 1 1 0 1 0 1 1 1 1 1 1 1 1 1 1 1 1 1 1
1 1 1 1 1 1 1 1 1 1 1 1 1 1 0 1 1 1 1 1 0 1 1 1 1 1 1 1 1 1 1 1 1 1 1 1 1 1 1 1 1 1 1 1 1 1 1 1 0 1 1 1 1 1 1 1 1 1 0 1 1 1 1 1
1 1 1 1 1 1 1 1 1 1 1 1 0 1 1 1 1 1 1 1 1 1 1 1 1 1 1 1 1 1 0 1 1 1 1 1 1 1 0 1 1 1 1 1 1 1 1 0 1 0 1 0 1 1 1 1 1 1 1 1 1 1 1 1
1 1 1 1 1 0 1 1 1 1 1 1 1 1 1 1 1 1 1 1 1 1 1 1 1 1 1 1 1 1 1 1 1 1 1 1 1 1 1 1 1 1 1 1 0 1 1 1 1 1 0 1 1 0 1 1 1 1 1 1 1 1 0 1
1 1 1 1 1 1 1 1 1 1 1 0 1 1 1 1 1 1 1 1 1 1 1 0 1 1 1 1 1 1 1 1 1 1 1 1 1 1 1 1 1 1 1 1 1 1 1 1 1 0 1 0 1 1 1 1 1 1 1 0 1 1 1 1
1 1 1 1 1 1 1 1 1 1 1 1 1 1 1 1 1 1 1 1 1 1 1 1 1 1 1 1 1 1 0 1 0 1 1 1 1 1 1 1 1 1 1 0 1 1 1 1 1 1 1 1 0 1 1 1 1 1 1 1 1 1 1 1
1 1 1 1 1 1 1 1 1 1 1 1 1 1 1 1 1 1 1 1 1 1 1 1 1 1 1 0 1 1 1 1 1 1 1 1 1 1 1 1 1 1 1 1 1 1 1 1 1 1 0 1 1 0 1 1 1 1 1 1 1 1 1 1
1 1 1 1 1 1 1 1 1 1 1 1 1 1 0 1 1 1 1 1 1 1 1 1 1 1 1 1 1 1 1 1 1 1 1 1 1 1 1 1 1 1 1 1 1 1 1 1 1 1 1 1 1 1 0 1 1 1 1 1 1 1 1 1
1 1 1 1 1 1 1 1 1 1 1 1 1 1 1 1 1 1 1 1 1 0 1 1 1 1 1 1 1 1 1 1 1 0 1 1 1 1 1 0 1 1 1 0 1 1 1 1 1 1 1 1 1 1 1 0 1 1 1 1 1 0 1 1
1 1 1 1 1 1 1 1 1 1 1 1 1 1 1 1 1 1 1 1 0 1 1 1 0 1 1 1 1 1 1 1 1 1 1 1 1 1 1 1 1 1 1 1 1 1 1 1 1 1 1 1 1 1 1 1 0 1 1 1 1 1 1 1
1 1 1 1 1 1 1 1 1 1 1 1 1 1 1 1 1 1 1 1 0 1 1 1 1 1 1 1 1 1 1 1 1 1 1 1 1 1 1 1 1 1 1 1 1 1 1 1 1 1 1 1 1 1 1 1 1 0 1 1 1 1 1 1
1 1 1 1 1 1 1 1 1 1 1 1 1 1 1 1 1 1 1 1 1 1 1 1 1 1 1 1 1 1 1 1 1 1 1 1 1 1 1 1 1 1 1 1 1 1 1 1 0 1 1 1 1 1 1 1 1 1 0 1 1 1 1 1
1 1 1 1 1 1 1 1 1 1 1 1 1 1 1 1 1 1 1 0 1 1 1 0 1 1 1 1 1 1 1 1 1 1 1 1 1 1 1 1 1 1 1 1 1 0 1 1 1 1 1 0 1 1 1 1 1 1 1 0 1 1 1 1
1 1 1 1 1 1 1 1 1 1 1 1 1 1 1 1 1 1 1 1 1 1 1 0 1 1 0 1 1 1 1 1 1 1 1 1 1 1 1 1 1 1 1 1 1 1 1 1 1 1 1 1 1 1 1 1 1 1 1 1 0 1 1 1
1 1 1 1 1 1 1 1 1 1 0 1 1 1 1 1 1 1 1 1 1 1 1 1 1 1 1 1 1 0 1 1 1 1 1 1 1 1 1 1 1 1 1 1 1 1 1 1 1 1 1 1 1 1 1 0 1 1 1 1 1 0 1 0
1 1 1 1 1 1 1 0 0 1 1 1 1 1 1 1 1 1 1 1 1 1 1 1 1 1 1 1 1 1 1 1 1 1 1 1 1 1 1 1 1 1 1 1 1 1 1 1 1 1 0 1 1 1 1 1 1 1 1 1 1 1 0 0
1 1 1 1 1 1 1 1 1 1 1 1 1 0 0 1 0 1 1 0 1 1 1 1 1 1 1 1 1 1 1 1 1 1 1 1 1 1 1 1 1 0 1 1 0 1 1 1 1 1 1 1 1 1 1 1 1 1 1 1 1 0 0 0
95427 78221 60701 9206 54348 92035 73218 44484 26020 25998 10379 73109 15766 98895 28711 70813 40898 21846 85001 65839 34648 37771 81423 12062 17714 221 99264 96823 85719 80308 72075 29218 49364 36518 81474 47077 41447 16047 93075 3068 32734 43650 39900 84830 71738 45343 16503 15832 68520 23463 9477 98491 76159 68590 86175 82695 11388 91808 20862 66758 87926 82962 93002 3353 92204 3449 95175 35026 73331 56805 75529 39629 44936 3036 67303 16235 75960 25276 86150 27619 69503 75140 94034 49919 37274 39858 83470 62023 44288 78450 58533 81767 53007 60429 40555 95860 72210 43402 20471 95682 13028 5510 79555 83133 73403 31409 40240 68795 58946 24778 27829 87961 38842 68109 27382 68032 35281 19117 4890 74973 97103 70726 16485 85350 95901 30984 55796 62296
54518 20498 4830 34733 58340 35316 24849 13827 22927 99593 95834 31853 83470 26428 51726 46350 79021 19959 79027 7639 76039 61290 96915 93897 43767 7769 7006 55560 95408 33559 80587 36018 46785 78894 51862 67734 43982 22414 19226 19643 15664 71612 77529 98968 62816 52798 8457 28161 86071 69751 70185 34414 20548 39255 64082 76953 41430 45862 71034 88443 41556 30676 14641 85817 79450 51676 17323 4399 5653 33486 14854 38700 22128 99565 18231 35800 27813 93528 56626 38027 39122 78994 70717 58405 39693 19102 5833 94669 58713 4540 13171 21981 72781 87140 96622 34285 61335 17868 38597 8510 53622 31271 99514 52276 59258 74150 89075 75866 75745 28169 15634 11243 40475 235 15775 44449 48786 68215 39164 30899 70927 25005 43042 83733 25763 87069 47489 83851
93794 90000 88090 9543 83301 46332 20279 93612 44874 52442 3232 34470 49867 69380 1423 71244 28447 41697 32858 15593 26142 29545 83055 56496 21389 7950 47030 46519 75521 72696 11215 45712 92368 17234 18428 7424 19026 18112 81726 82754 74502 50764 82187 90214 17872 52573 23567 70481 73128 54991 81569 11170 32586 11132 92338 74928 80398 61455 69762 56717 23737 59132 86194 54286 89316 30512 22072 31939 74792 7721 37322 6208 60126 65692 76443 72971 22622 18925 98306 97090 98096 92699 35092 13149 76335 26040 37637 9713 61431 70046 109 27275 54941 79576 92130 55408 78160 22142 59043 42255 29726 65211 60718 76533 91721 79580 41498 46724 3592 43117 28834 18718 80106 6044 98442 50175 41001 73283 91448 17552 24576 59556 7465 52888 46566 38477 8194 56430
7191 52315 22181 32712 57547 43074 76611 33234 6363 21753 11780 43132 3165 29032 23858 94479 32610 38274 9721 18212 90171 71300 23487 82438 86693 26861 34945 21274 2087 17961 56864 73934 72940 39744 33564 57118 40125 72969 97901 95688 66298 28696 40866 65278 25227 87754 77858 63735 43990 54380 25972 82496 71733 62972 58736 46507 17188 88927 96718 40445 19471 89057 98900 93150 58111 76692 41388 49468 36332 71823 61316 24585 96701 76132 14289 10273 53892 41451 8833 3327 29990 2561 54257 58023 99704 33446 98086 40511 64713 35573 49323 80614 33550 4798 19341 40891 92423 77608 40118 76919 82474 86992 49580 14959 56080 68063 51923 38350 57208 28033 50892 83106 64171 51561 18644 1623 47385 35838 34834 26745 84877 77424 43184 457 63448 77649 4232 58254
1530 29282 95476 51795 15363 62164 73505 18192 78689 61040 69365 89663 97484 30080 65152 26227 91090 88334 66097 67265 81055 1947 92399 39336 39387 81977 48773 16045 723 6375 70789 8112 90603 52851 49165 54116 5031 1499 28545 94947 33467 76653 53520 79017 31203 25468 38499 86901 77995 43453 56721 74013 34289 54471 96782 2365 23727 73132 27587 84139 62392 41419 41166 92452 17670 58145 41160 89160 12967 90845 94608 68657 15079 37503 3646 84261 19398 85170 34049 65484 44929 4978 27324 89234 82866 25257 9610 88591 20911 98980 1896 23368 95742 94888 68611 1172 10066 33557 31166 89987 92685 78124 88226 45536 71677 90837 2155 92252 95411 42832 7716 61841 59140 79694 4675 36699 78311 62091 75238 40891 38254 26269 66748 96403 42711 2090 7192 65284
13518 4785 1286 51487 84722 81995 56200 35769 27503 85771 10950 64880 18498 14510 45467 22240 44539 67933 85090 59895 67322 15993 30544 24917 75886 61404 52072 95400 12100 18077 17689 75251 20065 8459 39461 67938 44788 93589 66498 97804 40608 53985 47095 64939 30993 40346 30282 55592 86541 81572 64003 87169 45380 39007 53963 44116 51323 70360 55960 61952 749 40639 27907 35728 30894 2760 95678 43986 89108 2573 32296 1909 54172 39161 29494 48008 45369 7040 54614 42743 20014 41689 50844 45332 90548 92324 16294 7011 54861 95894 53816 15635 36201 64541 80158 12243 53305 66812 35300 79505 16726 20064 57277 90010 7046 20782 89870 26129 8992 4647 78716 90975 37366 30924 60077 79562 70635 23373 25456 56136 11544 25108 1632 62784 40759 77084 63296 25740
99553 9839 53095 5810 85902 52210 54364 61724 76089 5526 53389 60743 70608 68624 51629 46436 5813 43439 84095 52381 71032 51985 20510 53051 78719 989 88017 7214 78744 4644 6833 34777 31606 88518 26037 98806 99394 98016 34365 45198 50518 11883 81376 72676 17160 88399 17680 8756 19451 64084 19741 21251 685 44488 24989 27654 27549 52304 24885 1031 39264 37776 58470 15020 86969 40930 82214 84638 15208 50454 70561 86302 84801 76046 84550 63365 79969 74085 14866 94848 1147 36370 86906 97070 46455 2543 60676 91354 87825 68297 84898 867 2016 12552 17151 83994 54770 84708 58710 55057 73717 86298 35470 69240 12243 48769 50121 70410 96778 7408 75364 71397 87248 19909 76407 76495 67364 58169 23725 54284 55678 4668 78262 19241 73158 62324 90608 20267
89135 82101 40330 24587 96373 57126 54458 32390 94399 9216 35826 10772 63942 10520 94816 17429 26790 85293 17161 10297 46069 99205 9522 59493 12142 48369 3617 8346 65905 64074 34132 34561 52258 66675 49714 33670 94628 30074 42623 82791 53118 14617 5783 61915 27184 17849 72295 1861 4234 84959 27310 69634 10543 31266 53704 50477 55680 35928 72060 74815 64850 68595 32969 3036 83992 83412 15029 20131 4307 62117 9884 95491 90215 86658 68033 98770 58030 45354 42510 93425 18277 49480 76877 55298 44780 84278 10720 16557 93791 99906 9428 47220 63042 21852 11505 48444 3044 52657 2505 14741 11811 18645 11130 39433 99302 334 2601 57097 68252 53061 54102 76189 94789 29479 84527 59096 46659 98639 78427 55558 93292 85941 95869 57043 45166 47167 64678 40181
16158 71079 98419 75530 44797 98723 86413 60506 79354 81396 23865 75717 83383 97894 4578 94566 73322 88700 66718 15066 9290 81194 20029 72721 12534 31611 88530 3389 8178 95274 51353 44469 26618 57631 80863 15895 27860 33667 19697 17249 44077 60198 49778 38260 63849 28621 79480 22847 55297 4715 85112 99882 91876 79580 184 29502 19003 53516 86583 49186 72415 34840 84423 33480 53688 56903 58956 87216 96678 97843 86558 69345 60031 45279 60904 9171 66617 81490 2680 30238 80730 67002 65322 86699 34287 90931 60659 25670 91334 21625 26224 13867 72576 63818 45222 10474 58483 72592 17768 21090 53716 3172 65800 98358 82134 89826 69039 93700 61831 39931 71450 95898 42361 85657 48541 94220 27345 37089 44932 62594 44007 91002 74452 61012 52452 85059 55577 89600
67761 92974 38349 61807 9256 3963 17348 79748 2982 61836 53255 99958 62504 91557 79127 55632 34508 82678 6485 99145 46452 34481 69857 92761 42599 43812 15092 72474 50880 66817 78532 66931 35192 86003 88681 87222 55919 89345 8081 90422 19383 52061 34482 42312 88174 47129 78736 71670 60312 41203 78002 70830 85790 12549 32281 49916 82372 95880 76873 58365 58677 77141 3714 40436 25991 37730 29054 66617 66939 17496 50049 763 7684 87960 16235 29200 42480 43064 66884 32795 54276 74601 83838 62218 81398 66330 16202 71296 76790 87539 10881 50787 48965 68769 93651 27191 25393 46108 97704 33690 33611 91628 7577 76693 43018 65401 15962 10319 88545 82763 14098 77929 73515 29602 26367 71228 29519 92511 86592 9627 20020 21415 96075 27121 3169 68828 66047 39410
51777 45220 93076 48561 3138 99039 33312 34307 94943 97590 7245 23991 91245 12226 4422 89735 61772 6351 46428 44376 73613 87484 5012 66202 96998 83534 92405 44715 99273 94307 63280 72365 28675 22065 34447 78622 68756 44238 49954 31781 30166 39161 97853 40409 45855 73559 82053 27987 6509 45773 21021 21909 35029 60369 67535 52178 38634 93512 84843 45881 80377 52383 38477 56335 61860 76321 16403 22491 5222 25779 95955 71538 59548 3365 4844 18179 7601 43589 23586 94449 23705 36567 80037 52743 43645 13112 79408 35021 91881 31784 56010 65339 9082 38059 5733 24700 37823 55886 6044 8024 22231 87404 71920 1851 5987 86645 68656 65037 26492 77192 76054 83072 65047 25561 53490 72058 58193 35456 10294 53566 60317 13312 14110 25432 1116 38247 80280 43295
7067 40649 66463 34970 86133 87408 60473 58054 88 88985 23436 51988 83368 46863 83046 81227 78524 42951 8331 67054 85004 63596 29154 74561 4775 47660 22481 61309 29548 11200 7931 8712 69728 7137 71036 64733 60963 11576 49284 43439 56536 50296 12215 35524 69578 14644 42420 86011 13927 93552 65773 35974 94571 76195 88251 51571 66490 91925 26645 1418 31906 6552 84082 75190 65508 77984 92663 22438 5843 73189 10037 82627 6348 66709 20691 35077 60780 38746 45525 93751 69268 64464 54010 58054 31731 74367 10867 656 54145 33601 75087 54912 44643 47209 17878 33171 24890 74095 95652 58696 23165 53094 48000 86498 97839 8625 36902 50139 13007 67479 9875 11504 1562 98080 39155 23025 33553 74900 83844 53495 3807 72897 74692 28988 66020 34226 74120 6992
15681 17131 91350 80990 55971 35598 61827 94736 34552 52114 51699 85379 30053 76878 71614 48308 47515 89424 57061 1529 32113 36746 81798 92881 67273 74026 66158 52182 78406 18415 93617 5669 63055 37204 68132 51364 7595 74432 35396 82482 83461 79368 3769 58987 99324 53606 70620 38477 58097 32247 55289 36835 22876 71832 87135 92845 46290 75229 76950 9548 29443 11081 87516 99792 14828 46183 16458 7256 43107 4034 33725 85196 94712 32659 58940 44182 89172 57555 9429 1451 16140 93745 88654 12806 67845 97914 43938 13798 36916 82525 6976 54435 21452 71870 66942 10980 70841 89836 39476 20949 77745 50535 14355 49164 33935 7108 62946 16255 11306 58125 1099 26359 14822 88841 32058 57326 90232 99419 17675 64936 2879 13642 81997 25852 54630 28676 2638 19119
8132 20508 78340 98690 88350 70855 15042 65426 51858 69945 23166 96924 59520 9365 60011 63706 18597 38989 74179 68577 9981 30702 32159 69066 88906 64795 12584 48093 7764 72 99419 14444 72888 35430 60152 25458 83396 22519 99478 46598 33721 64156 78936 20959 47265 7860 94464 69434 86009 88562 62323 50915 40523 91300 17813 60276 88032 10979 49749 10892 35440 24166 51928 99692 25835 25992 7677 93687 89805 31352 29518 57344 99356 51876 46709 48692 24461 43015 38166 14494 24099 88069 57777 90457 61213 47424 68475 80350 26104 48516 79383 75032 36788 14305 48419 9826 10760 6776 58527 73035 75784 86093 37973 25644 59526 59570 12493 9582 87249 98447 75959 24835 22412 55467 57252 88637 58371 19540 91484 85558 88754 57557 91246 91701 10268 82193 82380 22710
86679 41790 88298 7260 21444 78449 34882 26222 29715 89651 13241 3989 72497 95445 71081 83313 72126 56980 3212 50702 6701 67955 20184 50062 39893 93662 88305 54457 59246 70469 7311 31488 63396 67815 13045 92827 4274 15102 95936 91673 41766 85081 74150 87769 45750 25993 67396 39496 11119 84157 85000 79923 4987 95912 61514 37612 88775 34200 91706 29819 36326 78553 87423 92640 84469 53892 7820 47751 50813 23520 76583 42775 1938 56765 18752 8832 93562 77950 91290 6138 97432 57762 93755 58847 96576 70812 99376 45548 82369 57104 58385 60295 80035 20929 22124 39373 74232 68745 88055 18811 14679 48348 82882 38178 49162 57369 69117 19613 7981 42804 41734 84873 48702 21791 69576 36157 64361 40263 97252 9703 38477 24943 2624 59557 16610 69574 52153 87526
83797 99699 69175 9409 44886 13900 27351 83680 44188 26534 9630 33528 76058 74332 15752 72455 50104 67584 83015 41140 49859 13772 64320 46429 67938 32767 28842 75641 23926 9049 90849 89797 96499 24084 65362 16812 57068 17111 94708 37611 51415 81024 60547 21161 53222 53147 47067 11533 88526 43315 46885 93372 79475 49675 66796 18490 12219 67673 43435 18543 82824 36571 4618 20149 41417 72425 28916 12525 22765 12866 84150 77055 57772 65162 11428 58257 83861 88671 30452 5985 55260 61899 67285 10751 72931 54544 79581 92644 88509 70126 92868 1162 92400 12356 4299 8757 16143 54156 42776 54044 50458 64506 33288 15868 20250 91085 5306 92404 34622 11524 41931 93453 7147 16817 4878 17210 71777 69438 87224 12171 90480 18309 35409 70594 75255 89295 81657 81359
82511 4812 62154 78210 51600 89905 26644 79080 15579 28189 5330 21254 3295 82335 20605 66096 32477 14707 9938 56423 86295 21545 28176 64239 3311 3052 20095 39045 31150 19254 65213 3625 6070 63941 96565 50838 13861 19030 17717 23141 69224 83169 98589 13430 24416 87337 93441 28862 20700 49781 7630 45574 44255 25461 17696 37784 30734 73467 74033 11787 19741 38459 55353 5652 47594 12650 57656 86963 87308 44947 43635 97225 56739 56406 10333 64505 95543 99476 93462 93211 69414 68383 69339 44155 39788 75431 76193 86179 23099 26958 42589 27645 20367 96212 54133 92962 85899 40413 37214 16881 63644 27530 26925 32104 69147 18952 98788 62692 33576 36629 31549 45067 49890 24397 39395 99317 58097 35951 26756 20822 35635 99602 50289 27887 5613 55310 516 87572
68362 21921 72390 32021 73897 54934 66085 43136 25336 95641 55903 71662 88134 14782 33037 73438 76174 84776 9406 49120 28830 57661 48432 38975 42339 47404 59829 33249 90832 87511 15315 351 81621 99022 65180 27713 34124 99664 41852 90730 27426 84079 73612 50367 688 95067 42744 19224 22825 59227 96910 95999 19630 69437 46818 74697 61748 60632 17041 16780 74448 45567 68775 71160 96688 85316 11413 34266 12299 16576 6534 19490 82199 5272 20695 76738 82707 15695 80626 42483 88463 94486 62699 76537 13666 38124 33953 74867 25412 7909 58737 69032 24910 12293 5579 80443 22653 6566 42672 52157 27750 97763 2854 2239 51988 59114 14422 72378 65492 19346 60203 631 75680 49073 4874 33837 29772 28376 10410 32195 46300 59303 83625 90805 62604 86173 15513 11460
68058 17230 63247 31042 78353 4342 42742 32746 75044 44184 93377 41225 56656 95598 75405 33941 65748 53559 43764 76137 29631 38724 88052 86874 16315 39971 31309 99895 33396 80652 83180 41149 38502 78977 57906 88638 46636 25451 11818 76298 84632 38524 57467 44655 30694 19333 81051 23020 25755 71396 70071 75657 34148 66313 90661 22997 34017 98549 4847 84555 29762 60928 39054 27554 51692 85565 47330 94908 3645 90824 46665 41543 74444 88833 17166 11858 5726 85991 37185 60639 44243 77330 58853 2669 93063 20560 66541 51689 85473 21179 17360 72637 86245 28586 25203 77467 7055 39215 12207 37094 63388 50364 38665 34189 2983 61451 95649 86050 10660 61416 55043 36466 49886 44317 34551 88224 68869 18298 58810 11331 64272 52843 39808 64297 77513 56305 70353 50636
71503 60027 48152 18374 79598 52202 80125 90399 88996 27528 39620 99374 77245 99104 71850 93080 73128 47482 15141 98997 39672 774 94221 35452 78518 54178 736 545 16433 54356 82876 68706 67533 96816 20938 92552 85429 38268 85643 40055 27913 3346 82279 25255 69255 42348 47410 62363 95116 6292 77252 61064 21213 35976 47675 21752 88014 81506 40742 27420 94104 82355 39475 55414 65178 93471 77189 17268 75046 26678 64096 24535 13184 7792 12381 85258 43461 47603 58223 87101 76389 48774 85295 7189 82440 99003 61000 79848 86758 68677 96567 20469 11263 11578 64123 68632 23607 70737 54535 91697 80235 39408 87024 52105 89608 6631 22960 84320 66267 40788 6205 17471 38314 15148 69780 13699 82350 92800 6108 17668 87743 1959 42615 98723 512 81597 25765 35971
31318 10686 37861 15236 13084 54740 59823 79759 71120 20828 35704 4693 76984 12191 66889 52730 81992 32382 66050 37605 11247 85645 79056 79001 39614 83197 12062 28338 82312 69182 57066 35145 60387 75381 19125 94992 76237 68746 80005 2179 20487 85545 44098 57329 31076 49389 97216 41923 81486 99516 84832 80743 74197 93263 9253 6964 49790 3160 34708 9413 70081 20161 68188 20219 99545 8434 10847 72801 9529 12921 4094 50054 23950 37443 60407 911 8267 18716 7821 71587 91315 3242 63788 23109 57631 15248 42189 71208 64102 30125 23629 27872 65829 67084 86279 14526 96148 28185 23296 66105 5821 94806 5441 67056 63202 26590 67440 5916 14694 39443 86605 47821 35969 93493 41335 78421 50380 38339 28774 13576 94797 17373 9767 30477 41372 67344 19236 10134
62206 82755 21814 69025 86679 58696 28493 39253 74705 95927 10227 37375 46526 23211 15275 60617 81712 35713 54445 26328 42095 48850 84680 29150 25903 93667 74701 45517 85043 63129 13159 12735 82411 25262 68148 36112 77429 57191 18406 30526 8810 76651 85248 4897 16469 2187 88230 81768 83546 61242 5886 88625 48513 71643 99749 76282 40362 11206 75761 82347 12128 11943 49947 85549 2684 57428 20293 96656 79273 26354 30471 93388 43445 2074 87894 71419 11288 72038 33665 40493 75351 8545 22002 88306 1830 6630 51520 82800 86043 12807 3374 92542 8375 76966 23904 5453 70978 43622 7019 7523 28235 51202 32683 83206 60468 85951 82623 65605 5595 89483 22203 50431 28070 89447 87334 2353 92294 19887 12816 82808 86917 6507 57656 97571 71393 5360 99296 7241
84124 18582 30472 74736 21657 79578 70835 22694 46639 72299 80848 71280 90141 23569 7845 85373 13856 70368 32738 4937 67471 88226 91247 24671 84985 88011 37377 23604 405 22501 46619 87749 39371 41283 37726 96950 50897 92404 95245 99749 85407 95163 27386 9228 55751 87727 35709 80769 51824 3276 52343 44053 93361 67101 88069 74701 21434 62353 71108 20404 93109 61327 40094 19685 50830 8920 86769 25603 44315 38867 58978 6969 28590 41386 13894 89393 42198 98513 49922 34739 37127 24703 45325 8114 72064 76282 74781 94461 43676 32186 43127 91622 86351 26856 67468 32781 35393 87834 21523 61494 49033 8803 12497 2471 28287 35261 81437 23639 7344 14124 6491 16476 31995 7651 73072 92650 863 27469 14977 49611 10509 28143 61496 14259 92508 32716 38476 46016
64975 45765 31211 85286 87388 73062 94013 71659 39249 13420 22027 33707 14778 24789 27379 52896 17215 60095 16806 14276 64756 76293 41676 36880 4574 97131 7024 44669 38528 65475 16316 15907 15869 27666 22509 13583 13533 88761 37697 72288 85378 96893 40565 22041 45964 31588 96699 94251 67522 86277 44119 1087 90267 63275 22661 13582 67516 4289 13948 94248 2115 68010 835 92138 24987 34575 20679 86561 10873 49683 84609 58341 816 78635 25404 26632 6334 23214 45833 92945 40251 57425 25288 43043 53452 57151 53999 69965 72427 60612 19092 537 44928 77545 48964 4727 22154 65402 16009 46925 50632 21502 55830 47664 40719 61845 57820 88266 48993 14306 43462 69588 53879 55768 94167 81738 32444 82054 9655 48527 8141 37560 24824 75637 69716 98241 24529 73586
44619 15590 75636 24448 80292 53642 10743 74623 32743 4579 20411 54284 98905 19099 62277 76673 50733 49099 45948 81972 60282 34785 34283 7346 91781 63711 1641 61308 10905 57689 87183 10298 2954 42212 32701 66389 33044 73383 18197 65044 65583 18692 62710 60462 45428 97564 80608 67754 37911 10006 66230 29522 99542 77906 83150 35556 16543 82248 30250 27478 8100 16500 76234 36243 99268 45591 61523 40238 11325 4496 28879 63516 96653 35281 89861 58063 34149 53732 29648 9103 97601 48519 80052 31255 3415 91074 485 19771 29775 36857 28581 55595 6149 47636 10227 37806 34563 29585 7729 88211 33421 89444 38003 81224 27538 77909 95580 33894 55069 51584 40476 8578 46366 50929 46593 66427 51706 29784 37578 89159 83559 4014 45832 66034 78281 68547 79135 47676
94475 8982 22242 52392 61914 35668 20955 70529 80147 73274 34799 56629 77741 46458 51964 73683 10046 15152 97447 60799 71172 19425 40952 39575 2070 9556 76473 50813 73820 64924 58322 68645 96456 70738 23488 52582 483 75041 26507 98085 80043 89990 99519 20472 50196 12811 83383 7681 7349 39486 43792 98391 85757 23495 28664 25176 54128 78162 82867 67815 97036 83233 52121 50454 72063 10517 91516 77382 23350 16261 39395 84601 23518 72834 62110 90822 93601 70195 83131 9246 50638 68057 89011 10863 14148 72798 94318 77437 98857 39896 53012 386 39478 45084 69511 58205 33930 3730 53837 20216 36883 65827 59885 31397 44355 30406 24736 40520 71245 95599 72469 79246 6276 44517 46475 59357 25154 73589 9951 29314 14358 77391 63445 263 67558 19615 81513 78672
32834 14097 67284 58064 11549 50893 72570 46763 56085 49828 92520 16588 9717 34911 26348 87370 62173 73278 29685 24472 15263 2698 5035 78418 85516 84299 25817 57931 24231 63781 90371 69141 27758 48789 97997 67049 62892 77324 96354 50676 66762 73068 80549 24921 47328 33372 84703 95627 31806 16636 29572 88228 12667 86043 4682 95856 6194 62701 44667 37837 77836 20815 41632 57692 94259 68821 39831 7077 26264 2983 83485 42037 49363 62258 28800 74151 98578 79843 15961 9576 10335 46665 92229 34021 24831 48455 86860 90264 41226 81478 76764 49809 74813 29156 760 70650 74539 30236 62587 65182 88856 61162 37116 55675 24440 42217 21486 46587 54469 66374 20098 20572 57527 83852 82542 58727 32370 1721 60812 43772 37255 58649 6754 67691 44390 16344 14373 41923
27416 36768 58310 39367 8944 32056 37782 64443 47966 25575 91578 42560 4674 77927 15333 74746 52937 6528 83736 9520 12914 29806 30137 10565 40305 12703 22919 1832 3254 57039 2911 47212 58215 87554 25809 70798 97506 69231 14928 53498 3660 41270 8208 37977 8665 55014 83387 74340 61269 3323 42742 97919 68196 52973 35109 115 70938 61488 70932 59131 29175 7842 73506 17811 57559 82871 60641 78984 32219 5014 23795 77844 26033 96928 99047 82315 7377 47028 44269 63170 55830 43143 24136 24427 63467 24652 29912 36886 83241 25479 89239 90206 11929 83657 43396 22886 34133 17252 63128 34404 37118 91889 96900 95389 24199 56410 24202 3287 82008 1493 20083 4224 22252 23830 60739 77088 17413 74583 81502 81447 40684 71677 61574 51101 39325 90461 11265 40252
87207 86693 28501 60194 63961 65721 94314 11458 7974 90673 18731 54055 21552 7613 89082 55006 63681 20955 8165 29947 28762 99739 17588 88090 10597 36722 66676 87134 25971 93883 84611 17906 72147 32679 44807 71829 25026 74756 61599 72798 41170 56225 94850 53717 45595 84519 11864 11952 92790 10974 36328 42470 60522 55462 96347 38125 77240 24661 30146 4129 59705 44554 1253 14705 68528 77257 78322 64976 35174 30998 67517 21570 28533 53577 96489 24740 76563 64016 71454 50475 81870 82251 76622 2831 13023 70539 99581 74333 13268 8060 40241 70873 75011 56146 71770 95079 7651 62003 36069 63931 58075 7509 43005 35234 21047 83194 72962 27399 55354 5180 21143 13416 88355 5738 89938 29566 24606 29267 86163 94942 92454 82331 47998 27376 797 53685 51965 44785
26266 30912 32739 26472 84038 76993 98485 23031 27205 71118 84390 52548 56686 23121 68248 28206 48665 56571 31343 32760 16566 25420 47010 29843 73442 77877 62786 25362 40032 49231 96198 88496 26750 79069 77229 41334 5797 81271 52201 16544 74083 17557 25941 17939 2376 94231 55784 19271 85687 40093 48157 85428 7036 90810 33928 12834 12989 64230 13101 13960 7577 35247 8271 43656 87377 52702 68457 16734 4602 84478 41611 96685 65008 63667 4143 22010 78755 36158 81845 603 2358 66127 20067 73076 75687 16240 54137 2722 15610 30784 89050 67164 4413 53702 61017 87549 94477 17611 19074 10255 60624 34110 39207 98242 23792 99348 65694 74014 12410 55460 10467 37757 22553 91680 1462 68002 78209 48247 42973 51066 36497 89292 91124 74095 68185 6645 40102 67023
72534 99797 95252 91297 27428 31263 3052 6932 35094 16047 76568 7556 64270 59422 84718 6980 57862 94168 48547 43965 62120 98731 39543 57060 57458 22667 83155 5240 21433 98783 84619 95961 5610 96548 44929 77466 22949 17054 52627 19763 65309 73291 63403 62209 65867 98047 99426 68421 24149 15661 49050 74006 79741 15348 13454 96920 88485 50938 49778 97924 20301 17219 87456 29341 24760 63538 49602 16592 84454 39299 96937 97470 20199 85086 33635 48314 40865 78477 5434 46861 28578 96163 31196 56046 44954 29021 18110 86281 49409 99913 93285 35512 53843 36540 46758 48000 17661 94570 28767 48479 72028 40087 96863 76829 33336 74344 80660 20348 34607 69116 1993 28018 28762 78592 53360 69134 64624 28959 39107 71943 31117 88321 26362 42760 73335 93941 21572 30299
8120 96310 67047 40431 46049 75995 80616 88411 49867 1860 80785 53560 71759 97513 41493 73646 14524 2117 35935 1900 16668 73441 20680 47408 61671 92341 76650 25034 18834 51513 97321 27581 62185 6280 49045 65381 60271 49690 95746 6874 44496 61091 14686 77640 42500 58798 20788 31040 65959 32967 29376 12797 96614 38202 857 58242 97539 55875 36968 48636 99016 32996 68893 27244 41072 39668 64951 23148 23186 71359 32722 67319 91960 17262 27761 4899 43352 25697 16860 76749 84130 13752 4443 89883 84744 63050 23169 95988 71112 88592 70178 38498 52111 87795 11155 49087 13571 1 84586 72151 46087 77789 27202 77246 47764 3505 36521 91787 74999 41331 55211 49959 28253 47572 50609 36845 26143 62754 37956 87233 30308 49905 99991 4819 13996 19506 32199 62815
41845 14438 95159 2865 11029 53101 88233 46359 48949 69581 56446 97732 96813 94708 64395 99163 79726 6994 31806 28550 74710 93673 99373 61122 87420 46460 64912 40828 34604 16341 41052 53427 86182 27667 95399 9815 31074 77516 15904 81706 47778 34944 73232 35884 32030 67226 88159 73226 38815 3533 39572 32539 25243 9280 53744 95388 85866 80066 9738 20723 57130 45179 27203 80568 34900 58841 36786 69300 69354 54948 6398 89202 83590 4335 27442 96683 39161 80218 3407 21997 81487 26529 60699 65741 56658 22795 72300 43191 94743 2534 13758 55280 70090 29839 77315 88687 91850 30257 85729 59595 35891 6474 3095 84900 22404 96437 20456 93677 26281 51039 93607 27154 69813 17059 5180 8431 33637 10362 67600 44909 81643 11002 81974 81168 42463 92438 85926 39905
89602 48415 53055 50448 97021 37293 26674 64251 42696 72273 58022 45061 44056 91760 97639 14426 80610 87158 41436 84425 24433 11207 63327 15298 96691 639 20784 73662 60106 54214 98355 75076 39984 6048 72022 73082 92751 20156 9059 10290 9043 26859 66151 35498 96828 67631 56931 6802 60231 56579 41869 98740 91303 86014 18447 63949 59409 13943 2870 89958 46082 80772 72461 51339 26114 8439 37972 47798 45095 4347 72134 20507 90069 64908 7225 51087 18481 43543 34118 73776 89276 58371 18379 80129 90731 56246 97258 30140 21830 8803 36583 496 58436 93242 52306 9533 63786 1780 42414 73477 82490 25749 16126 94847 48250 77377 11961 36348 27631 58750 51656 94055 13681 50 43223 65421 78420 50633 68059 66815 89731 92406 48175 83579 94376 20813 54024 6061
6602 21594 77685 78522 80458 65940 84455 74474 32912 52617 8952 81125 94108 14740 1766 31492 87905 30517 81709 23676 7726 56282 85985 86694 90771 4270 55317 68535 25081 1192 62384 27397 92681 49328 15954 66885 67652 75633 44660 97384 82183 32591 25487 22540 34927 98976 76208 90613 14068 57951 18497 97224 42850 4774 51226 15051 40916 79561 51932 85417 39091 49982 12390 62441 71522 8100 61480 4241 77077 70142 60261 88460 6318 52928 26352 7387 79124 82751 67450 63706 17273 44476 44272 37952 35920 47229 17275 34713 56278 57439 3231 93425 7849 24490 70165 85679 16361 295 79434 54867 28239 25797 64895 22776 93043 30175 15324 81442 60252 66332 89125 96685 69520 57971 55305 61775 28658 55545 88509 13368 28955 50366 10372 29012 74031 54524 51686 10279
80286 60313 51788 37467 17603 55417 56155 23422 25993 43413 75411 33520 73427 1463 941 45240 27067 94683 32216 13014 95675 38297 30429 62246 53583 75534 11214 72323 93532 2076 97329 43338 55566 21709 57262 15484 16894 79293 64188 9027 19689 89758 90052 5732 5730 62823 4396 576 49915 33449 53943 28500 30897 20113 66895 22379 62248 40853 24367 14971 13384 33929 54731 5092 76084 63121 59194 90046 61705 8057 3600 80564 31387 19417 99168 62431 73517 6817 18960 48437 82332 22331 54086 36053 56024 5327 39506 30099 86613 41347 16998 58105 18194 86694 72596 66674 58487 50448 70643 75504 98329 2752 72491 55052 42231 44428 67870 7205 26030 30455 69436 97295 25157 55854 48844 71704 99141 60994 65051 59818 78991 5508 58968 94942 76097 52834 1920 38668
72660 19040 76974 21346 70480 29852 57496 61263 12859 28007 5507 56727 39800 46998 51898 94710 42835 78099 52276 32158 30847 79459 3485 85792 87646 8942 7839 50751 75340 82995 54918 62724 40002 99519 48563 77105 8769 85969 97562 36347 39622 95109 30704 77064 20441 50785 7754 5810 74834 7383 65866 87777 9709 85056 5770 92867 90129 68610 2742 2148 5083 73569 46852 96196 85651 3857 97226 26529 87414 68396 29890 21350 9385 56505 28009 53950 91998 65946 92411 69055 79442 24438 14739 69421 31245 92738 94290 44323 3841 52780 34743 58246 26477 81240 79727 22442 69994 98138 54294 17129 66217 77911 75569 35118 13648 73992 82105 81638 21036 23992 48184 70617 73661 12793 96379 72989 85480 87048 1696 85057 33642 83417 74303 41112 17261 49464 68440 41075
94650 88185 13613 9125 80505 41078 97855 15617 59107 3547 13363 72466 27301 52483 3241 51946 11481 61947 24464 63099 85427 19765 22774 34612 92055 66266 58177 28901 3478 71864 26959 93313 5818 5305 71239 2100 67811 42758 85321 45915 62695 23904 24466 258 91390 36973 79432 41650 16202 4544 4005 18677 51824 95209 78762 46421 40106 23188 87690 22129 81620 88295 14384 36702 66752 62311 15583 75532 79850 80103 88168 67423 50659 89004 17053 57930 1228 40171 28765 17405 55697 59046 34014 92067 19252 65848 27316 98661 41722 1362 56919 30783 44172 78822 48425 39517 69730 67406 219 74749 65 59151 57720 95092 98436 87982 6297 11109 77536 99917 57712 90122 31440 54623 15266 653 11669 60374 9515 85521 61919 36187 1087 52507 65471 2240 52585 11909
340 19175 23698 12000 1552 49544 28307 15097 28093 69580 44887 43768 81908 47287 86425 3008 46805 57760 16833 86991 29321 27798 21104 16689 12293 85592 45352 28660 81030 52305 18860 58904 69317 80655 22651 14604 22349 83635 47255 69746 96784 77659 73386 65834 61799 39573 77142 62581 61953 60686 148 70995 93342 49084 4675 10017 47792 18292 11116 54009 71362 25444 44389 37761 43761 53082 53306 56702 40475 70901 34417 82846 81572 88866 8673 47878 77280 88650 86055 55333 84201 57678 4648 91694 4492 85102 52836 971 59286 6988 26538 68043 46206 22391 31992 81207 89323 68766 48718 84130 31310 99091 61752 91135 82297 57686 93438 28534 41696 58134 96582 81577 81966 95214 44130 74120 65012 35927 28235 76616 32009 19962 61967 85724 51845 64926 22290 17041
7948 31674 57934 75012 598 58853 39016 65011 34411 22680 29141 36461 96532 63708 14671 94278 13728 31511 17163 90220 55888 1786 56917 15633 94091 39703 67271 2498 25976 39976 93716 58444 62325 13588 61445 26854 66401 46400 76098 43620 32683 25537 19408 55816 5571 52240 35790 20806 5621 11717 50502 16868 36774 47254 79487 40882 60682 10110 33600 35771 45674 8199 81283 14620 69768 89357 61208 44838 37143 95413 23699 5799 35805 39372 96858 61114 54404 41399 53153 61288 48291 30861 21545 83944 47301 74198 30250 34842 89147 36574 50910 85232 38789 33031 35411 69945 80008 85671 33965 42134 50800 60299 65026 43 89251 49210 80807 79370 6159 42782 74795 70774 62520 2191 15435 12764 6521 17502 21151 92562 11430 38751 72635 5959 22502 54354 94673 65086
96683 92007 17754 42138 46733 79043 38041 6344 47809 80786 87868 32047 23649 37830 18965 38948 54937 74126 52223 81373 41345 60554 97153 327 5776 4780 73248 19376 57507 5329 38035 7713 17480 41708 17934 31592 16692 50169 81148 56818 40819 46903 64488 62740 27854 92201 24482 43790 75430 7600 96681 58622 76984 35925 12531 47728 39183 95239 49072 14391 37438 50408 62634 69457 89647 63032 14264 48495 47005 98118 51714 89 1561 57259 7795 93348 30220 66636 331 85005 47397 57406 93636 41416 20491 31611 56856 97122 71029 51698 19 56237 96404 11924 91135 73700 222 87704 9489 29680 83295 60064 26384 67256 42104 23048 67035 7999 75123 62840 51311 76341 57786 83889 15890 13127 47230 20889 22845 75952 24926 31836 74286 73790 14224 94617 58134 12024
53959 62766 42699 58195 10083 77919 23931 1772 44559 64180 50518 40136 75142 31880 49184 48722 98533 38181 8170 66586 27737 86101 65049 32961 47627 41668 22576 355 14724 11984 55916 14585 97883 18215 77597 54074 79261 91892 14312 32539 50858 57030 72052 74372 86606 11711 15947 76598 29752 11376 44516 90758 17789 98075 44053 33602 64687 3222 67803 6527 69699 93546 12400 33677 30057 96097 90153 56739 79835 44264 34724 37932 43660 766 32731 19254 58974 75002 94329 93380 2527 85683 85925 16764 59886 80489 42818 53681 69667 5028 98524 3091 57529 7916 43604 68330 21131 91277 91238 44775 46275 13324 79399 119 81213 73293 8782 74299 18168 40591 75189 55742 14231 98094 9841 39079 12239 95320 1454 73500 34807 45237 99249 84066 37943 92107 54718 82757
84394 38360 52364 25926 66549 3499 58417 3452 36663 24267 21789 49559 81756 92203 70292 51558 77097 13264 76464 53883 80707 29870 23684 2944 23530 50397 48539 76970 39748 46866 61932 39887 66023 47134 43279 89753 61614 8000 50185 42480 55775 93928 52123 85534 76871 83102 82306 7612 88944 21612 45777 90773 5931 32759 73583 25569 77237 55479 31662 68843 39634 65893 86654 51726 49458 7151 78733 84243 57051 93898 35749 24995 20030 88959 51886 84268 21431 72852 8629 29989 58483 23039 35808 30980 59240 45701 50232 82732 14915 98964 31788 86976 66457 22526 3990 97351 62197 21616 72123 85662 60314 4263 1245 18889 53105 65790 85709 59383 53071 30933 29546 24101 6795 69074 65126 90567 36742 85555 81370 84975 6717 22282 52639 38419 60504 31313 20190 71998
41426 31640 66300 84594 26595 32157 63683 93338 70653 12118 16185 57763 56919 81826 73331 80044 72959 95738 17868 22029 85056 34242 78403 77077 80772 80227 42963 53670 45616 70849 75372 681 53463 14354 58015 77772 30289 56163 21374 17596 91635 78461 72918 87000 40620 59353 23176 85072 22987 81721 3634 66312 77839 69770 72829 55894 10805 10222 48618 16577 90919 59443 77559 26630 35153 8190 9299 37948 19671 89632 48803 6210 17684 67908 14309 70913 71810 31391 37990 30169 43171 38966 52939 79138 87496 26791 81065 58500 54628 54863 70009 56419 26841 18328 50301 78223 26112 75516 31445 81541 65194 29734 27733 38816 70324 48885 16078 6441 69886 18105 82869 12784 70933 99540 26966 71863 46345 69737 61531 22883 94660 67142 22291 80602 21887 27137 45485 37708
12564 92187 26648 7020 49939 58958 55313 46357 19463 6823 38295 18251 29404 78202 84076 77252 38403 581 18063 59714 53270 6036 34920 26346 11258 28731 67531 81810 12025 73338 59222 41261 89105 68911 93582 21323 15504 63315 41441 46589 99398 28152 54839 41550 17911 55111 17451 98633 25362 84015 17192 24799 91853 95256 19003 15485 22988 93085 20504 78181 47283 73582 93471 36935 73499 9371 26322 86133 27484 21487 87442 9531 68094 23499 32452 60610 84951 13817 54419 76523 91820 73925 58330 78562 83661 5817 65797 50307 76583 14924 88583 17795 56913 25384 81851 71118 87522 37330 70554 57218 68961 69753 88435 22857 76982 45195 61755 42345 9518 77855 39860 87507 1471 54036 8733 47942 34532 56521 43856 60043 12369 28052 84640 10596 35040 77705 66104 77191
69373 38436 55051 62374 98373 71676 60086 34697 51448 10044 70942 96354 70929 61396 40337 52231 57281 72956 12683 90635 37071 57909 84368 85382 42306 97022 90658 65309 43836 77935 31889 79064 83824 42486 7639 51027 99644 58472 8654 75210 47330 99909 8423 1809 85152 97702 76158 68165 10202 55480 25509 62448 87100 58802 3805 22159 76857 69824 68167 60567 71223 66171 53296 60291 93077 44327 94782 2139 5196 38298 4728 47804 77831 50452 44810 66947 68756 13111 42875 78935 69209 32769 33492 57678 51146 11893 84577 81111 83717 84742 96334 26435 44883 94833 39287 97580 72375 11380 20293 69932 57113 5419 31804 98983 89785 6079 44635 49701 36621 38099 61929 42994 39253 73539 96424 58495 73154 42321 13116 94067 38214 9642 87019 9197 25024 40182 88574 81832
83664 33309 81641 46151 87184 53458 23556 62868 98256 15460 5652 53075 59455 40918 7202 7421 58416 69199 30381 78995 85984 34680 85926 41498 35722 53345 3005 92681 46993 86303 55705 48037 8245 97105 66959 96272 17247 50244 68853 78712 64846 10989 97352 3459 92353 92677 51578 15547 61330 63208 27813 20009 45440 75485 83312 78525 9548 17898 5856 3743 18360 91196 39281 9771 32509 42260 11921 52903 76598 86831 42945 13046 40614 88146 91345 27431 6988 85229 24650 74884 95216 9316 77767 10289 78673 39729 92878 45173 75524 53205 4624 89344 82730 29823 63310 24863 52588 9839 63674 72720 73220 25932 50124 93544 97613 76275 84416 97523 71742 70260 48559 97334 79553 31164 70869 90850 87021 79018 46279 77395 20461 81223 77243 48177 43914 72742 12500 33008
72450 9810 67431 34685 2820 57908 25480 78972 49128 16280 27890 35862 12102 14504 13257 5422 97068 1824 57772 24957 30786 5541 43741 92909 22288 69606 60903 7825 64489 22993 40616 4676 69552 32395 99708 34459 8575 32911 26335 62898 94698 93163 81396 60766 47825 39742 82820 90027 79089 30653 88062 64424 9492 53067 94362 20396 66842 53048 83280 83099 44788 83272 11257 87179 85160 23202 25356 62880 41125 71033 26716 63647 33218 70878 64028 96149 77867 12302 3662 66806 77950 33880 95082 66237 43227 55244 51787 68558 41429 64885 34754 4208 20220 49594 93610 47909 44776 71411 85694 99699 99220 52872 88099 91721 6905 40613 88921 52946 57246 99680 27777 13614 14747 56884 82271 8714 82405 48162 53010 42699 32346 18226 53978 71352 67669 11362 99840 41632
10984 11238 70838 54698 22534 50304 84872 25428 60427 94375 31787 59390 77180 84066 22507 47950 18393 78696 69809 80668 50395 42501 61370 89375 57323 84542 28935 20595 55651 314 27828 57947 19072 59201 17682 97562 27727 58205 93646 53203 9675 77032 72489 73038 37016 61348 73010 18803 4877 40615 93572 47989 12195 46162 31811 86526 39194 6726 46712 20824 77442 14693 23750 25005 13255 66204 63458 98342 32737 17659 68725 58432 21945 93495 98418 63196 87409 69316 2119 60333 57164 41746 83002 91588 9171 98314 73873 6146 38346 23097 54873 72818 33055 20983 94391 87349 46218 84750 3156 84680 81503 58640 16179 33940 5467 93550 67096 54774 85078 41970 92421 57990 74101 8161 5542 67451 16950 96176 22037 1787 94113 65213 68234 55211 21098 56409 21247 37229
49150 53683 80227 19842 22887 76549 68027 34672 25263 95673 1922 34461 23068 38550 39128 55261 8049 45758 70329 31950 92636 15276 50797 25169 24818 85582 97671 67768 88840 73418 64366 81565 95027 75199 79912 54475 68407 78754 98033 77509 1331 59096 6861 57048 21070 28889 95265 71316 89608 65980 80963 70977 94145 437 88103 14480 63658 33130 8117 16279 15879 82870 99915 39548 73886 18058 3876 6564 34564 8988 10993 12319 2320 36171 25738 41923 95856 28688 80329 59102 80418 29332 11036 50322 73990 4109 4664 41177 54758 45017 12470 19702 66074 67300 64961 98508 64667 69704 39757 47100 27024 44737 6474 33942 24966 95406 80850 45907 45119 95630 73040 70185 38479 7909 65101 42943 45031 62463 15707 45414 20443 3697 82572 30558 16599 78672 92784 51622
9832 88030 90554 63668 5782 82022 80086 41977 67162 50786 17676 79291 92155 28821 32376 36325 73656 32327 52128 48188 51687 78928 45228 50496 3066 61413 17037 63159 57193 61505 60338 67629 35182 10469 50214 89569 8194 8517 36205 82049 16261 79462 79048 47024 91423 46299 14789 62418 44725 54945 94117 90071 23728 18818 26672 38061 53454 83681 32109 37395 25064 30010 14693 22927 1081 99288 33805 58692 56794 50488 44947 19096 59871 89143 92025 87158 91594 30783 78606 19745 11118 16155 53141 43737 11213 4795 73976 26185 5250 37800 51551 25379 45435 90563 24562 91429 54885 59194 33372 66776 24218 74167 94346 99276 29293 22456 12916 92007 31469 8672 62324 9408 60055 86681 17974 83487 46391 60331 98121 44736 87685 91978 97965 35356 75016 6641 25891 57892
85827 93351 40227 27171 51079 75151 83426 64230 14664 84582 17431 26456 91047 13739 39158 98201 39469 60166 53896 15817 13638 39984 96663 94117 2344 87596 58674 5939 83121 61579 86311 31945 36918 31216 20651 64826 59031 61173 6804 66960 54375 63928 71257 81055 43421 59057 4981 11501 19697 73881 17949 77165 28085 91200 1508 64069 7410 35671 28488 27260 41478 90605 73456 85377 76267 77141 32559 59331 34520 15790 49182 20174 56162 16160 27331 95789 27334 65671 91485 1709 21050 68805 29156 28087 40174 28261 45467 42306 84770 45516 24954 42708 96597 13215 79149 50655 50474 35560 65090 66482 71330 51518 51277 87400 38270 99534 34268 55862 95525 53059 36165 26977 19984 89379 25573 93534 23225 46544 68869 44524 73663 88718 29627 49902 78163 71208 73088 35050
27031 572 84553 69633 8490 76811 73586 26148 21748 25182 53148 82291 39232 39849 58968 63027 88902 18425 82810 29404 16074 67308 37045 69973 73428 42806 22319 49944 75634 82640 54260 44066 65887 41589 79476 74036 47998 33238 40694 17105 90704 19381 45059 58888 95424 62864 1817 58609 81840 23647 18824 39352 22482 66444 66936 3634 60975 36836 88892 9970 31168 97866 28858 60254 76500 93232 75391 99912 77823 62876 89622 20102 63930 10388 15625 12096 29697 84833 63155 12583 10016 96352 69320 59235 6425 53986 71700 74417 10414 11003 13936 14200 89701 7410 33968 6582 7117 78110 73146 43995 27059 95772 54971 86949 79804 39983 11233 54842 44087 51587 46184 30156 54999 51884 61928 64066 67755 61026 4173 55526 47737 44356 14592 43619 82369 60945 66779 69388
94858 93532 47561 69634 4216 2193 78921 4532 93727 45058 93080 45207 60075 4 49813 41916 40409 34752 27954 99713 22948 96797 77571 57571 67374 89389 93893 22655 73572 50193 67300 10398 54136 81763 98536 94842 97550 89924 75713 55663 82490 40988 35257 30823 63439 29647 51311 93348 21465 70963 96934 32493 55839 12652 14899 3328 19022 9588 79887 11723 95410 76823 9840 72650 52081 71649 82259 58987 52343 96868 75078 6898 49628 55688 95393 2132 41971 72727 33845 40999 88941 96283 22265 90847 12477 68712 95552 72665 95129 47243 9462 75894 81500 23497 77001 23494 32304 27849 83353 2973 29202 38196 91855 25072 72546 59934 8702 62925 93247 63043 6808 78226 91550 11058 93853 52363 64859 64892 1780 28589 35298 43483 48153 91907 16136 46134 17979 50175
73048 52613 86771 94750 81765 28795 57972 47893 37391 26131 5418 70573 32119 40091 44558 93155 89240 80988 57895 84631 50710 12268 60160 48047 11677 39098 44363 63594 81887 51819 68813 26595 55195 25501 36500 70439 30990 75942 41183 70591 89027 63997 37211 1192 49846 65473 22812 3969 15040 39948 49010 34297 89918 91655 41836 30462 87057 27777 69794 86223 53515 86263 76161 37992 93008 49846 42558 8451 15351 71689 37549 79030 13511 70413 63477 82135 50228 4515 7684 27709 43807 3242 70377 43314 99010 34328 19256 79731 60808 81203 34072 36202 6542 42835 38359 25298 7730 27032 98920 52768 88965 93977 94788 70467 50000 79043 69825 83878 75513 68288 15707 761 8628 25911 13573 69718 47518 71156 45033 86123 12186 93860 26242 37943 95767 71330 68743 58053
53475 62744 55340 2181 79386 16282 24017 37157 60915 26978 62917 78972 69525 65716 62956 80099 96142 46586 18744 17099 61838 2583 79057 19672 22396 81289 63866 50893 42467 68055 57935 62326 73866 93936 87328 99175 57643 18521 86001 85413 15468 96154 38751 5424 63790 21114 1666 18183 275 35581 62472 64476 32773 68334 54368 84767 30399 41995 30020 57469 23510 25936 14191 57664 89418 67424 65156 92875 95244 74557 94375 59007 95740 40224 95560 47467 13869 72275 45641 65537 99525 47946 25358 97476 78882 92308 1097 10913 88258 14103 36028 38724 6611 98748 11410 32857 86416 1264 53488 48001 79639 65098 90494 70804 94828 81355 1960 152 71036 41830 94493 16512 44005 35343 82500 89957 2577 42171 96366 77292 4290 29796 46519 66834 95540 28839 52756 85879
85263 46362 45284 24209 33708 30892 49068 40050 16982 9072 73847 30729 51113 33685 87419 49886 31760 77754 40745 54257 61694 92522 12535 13379 11912 85176 15360 20030 3897 14047 45445 3065 57839 26387 76600 77317 4976 50797 42564 13243 19390 25456 15037 37583 84613 57458 13108 59143 91366 12348 84243 99964 77182 95424 49376 84663 24283 53872 21053 57927 40584 88236 96794 46989 15177 57099 28085 33128 28873 39168 64248 34874 65837 79425 72589 20145 78472 3681 15454 6984 77228 59229 5641 99701 99882 68726 47282 11194 39474 2537 96414 31511 48319 98299 77685 90482 15843 13436 49079 49551 18547 69400 38947 62711 77294 81643 24666 13403 7152 38539 88769 97519 54095 89582 23147 79128 65052 66339 68168 58268 40552 9168 18257 1250 94351 57805 29072 25485
30586 97116 41358 41298 26327 81675 161 18881 3042 18911 22008 9680 38348 83630 22219 79180 47120 38563 63742 79290 55756 42994 23764 31074 87948 49158 67870 71074 74734 29344 47325 50125 15706 15822 17817 5456 16746 93972 28009 34471 30655 36832 92577 88921 56136 72734 90043 59351 64373 11054 75706 96395 22287 85187 50698 9587 29090 41289 81684 99906 10205 42024 97111 73142 17334 91970 78718 76190 2591 76564 70945 81115 68468 75865 86257 17512 46011 73630 73443 45969 85375 54312 46227 5395 92926 72277 20609 54129 24414 85967 34012 31347 93996 59604 92506 61561 62821 4842 21682 60888 11211 88199 81779 50750 45983 92870 93054 46561 86241 37210 89994 12961 13040 18236 10105 98500 89069 66479 74316 59886 83215 67831 9582 70226 87642 48483 86725 70114
55120 21032 12183 41367 96138 6473 6625 82190 4820 57863 26398 17303 32048 37228 41796 65583 590 98637 96464 25222 58255 95916 32836 87502 46593 57873 5881 96557 19251 98290 25458 79865 14362 35891 45169 33185 28647 51389 83696 14819 1798 49059 76294 90531 84503 91544 18863 10891 75652 77014 9603 5809 16655 9933 61332 89942 26141 51593 30040 35210 3104 81454 95973 83631 95222 3513 77380 62960 79783 32406 92711 52525 11307 37855 43987 74620 58213 963 5918 74345 7511 11946 81815 32393 64196 59800 74879 55283 39968 82313 55197 98372 21846 77421 88730 87488 47709 78077 65618 61004 48544 61234 41875 48339 84790 65281 63221 38545 17597 36162 95225 89079 41690 97700 35178 47772 98805 55251 54116 91826 67470 71841 59740 10505 5759 20821 78234 58270
35293 8295 46711 19540 62884 85975 12677 5695 52378 72962 12700 32214 59735 2706 81017 24880 57231 64693 94969 29065 99769 5248 97457 54115 28355 85464 37465 61643 1534 84068 40413 84593 68490 34280 88348 8582 83947 78356 82738 19039 26059 57494 84252 72124 58978 17655 81588 66511 63327 98105 71362 94529 41449 63387 74911 33878 96486 78166 57477 22223 89600 32809 85070 64333 73572 57915 25892 19081 454 88168 79017 16892 21083 29327 34261 79758 25170 44300 98051 93337 23762 99308 42777 46513 36842 85691 80866 56713 24028 67104 88615 10116 68188 43586 9641 98603 26224 27400 91073 9936 76949 7460 53559 90720 87925 93852 33056 76943 85699 57719 84427 90220 83595 61475 87776 69125 29872 8442 65379 73790 40391 24286 29260 54038 40085 39595 8703 15544
36162 19273 92330 59550 22660 34313 23386 72261 80706 62995 12353 87774 47759 35055 53473 88992 81366 34742 13273 91529 34421 73204 92915 60700 83784 58215 75869 92607 54017 65074 96401 47148 16703 52235 66073 42556 96581 272 62392 746 96639 29855 42564 95354 47843 53728 93397 69689 27101 89010 32411 82680 47647 85421 16904 56774 98529 3283 96062 82087 37613 86570 57103 47639 87057 89244 84771 99109 94552 15078 13637 34986 57957 2698 48512 48133 97699 51668 4657 7072 7038 68541 91253 80999 32892 73773 68659 48893 43311 36709 85363 46199 31930 49555 14707 60288 16392 50174 60959 95222 81959 9243 15834 67069 87596 37637 33695 23687 54918 19576 26346 61924 26001 15982 18546 79929 50601 63752 61136 11960 26352 82340 80171 3690 98266 71199 46175 35193
22269 65359 30395 59784 81572 73165 65886 5551 24313 99524 80023 1205 41813 52221 95097 43882 80851 35645 39092 1687 54660 48015 27110 81698 57951 90253 93143 88455 286 96968 25926 67252 11010 5587 72057 53341 83178 73831 48024 28661 72524 53912 36196 40723 66184 33142 39625 2790 9390 5457 75467 98368 4442 25548 31410 57078 2441 90736 18033 84806 99617 17462 68001 42339 67531 20538 52046 32472 89594 71453 80491 29901 69276 30853 75101 48987 29303 93028 40247 48059 21532 90854 4307 30858 70595 19537 19563 57043 33541 51114 86199 30429 78550 6226 20577 80226 91000 68928 83248 43996 63052 56120 90666 66143 12267 33757 260 97159 58374 29958 38464 625 79775 13776 65254 79334 79087 37090 3445 73814 87269 73893 79910 43423 92550 58630 94283 30589
94184 77704 57626 21218 70517 45599 98989 42964 5021 60534 32684 77862 23088 1142 59283 10377 79790 78183 64617 27597 26638 57281 31654 1456 46781 42092 39202 36874 45985 5812 1703 47619 42746 92688 12397 63185 87929 15458 34658 57960 70086 38810 51062 76088 75531 97149 70535 56001 66866 10952 2400 88097 52512 67188 56466 69032 9692 68774 25387 32527 65918 89997 81132 72219 93438 6524 9596 36338 81015 69417 2024 63076 81913 30734 85565 64705 15156 58822 24633 84538 65971 29859 36936 64773 60617 31549 1309 37017 5807 17256 37722 27801 28016 87091 51168 22456 59813 6376 10806 34278 37934 73719 3136 44546 13866 61274 97218 57505 77080 89823 11731 563 67750 31914 10563 51022 27853 46979 47361 11127 60174 73112 72826 66863 17721 65539 71946 12472
65731 82420 63637 90314 69811 19235 7027 18785 65664 40493 15873 86613 1088 57780 35027 25045 19805 15481 41611 82580 76719 56765 50307 43350 81924 7208 10990 99310 56594 60617 17932 64968 50487 58000 65160 71976 70661 97949 71780 41281 55442 74094 61623 23112 72857 37315 64955 77343 60370 31146 61088 85379 5574 71423 43325 70529 44558 62257 48175 74000 60485 58915 47033 34924 66117 5023 93351 57277 32177 67488 26592 6734 77159 70065 58756 87438 56055 48266 69187 38594 81440 78976 41134 29172 81294 75839 82798 6103 25309 19341 92969 84312 19530 96256 21731 70797 37859 29284 53404 82993 92759 70405 53811 71608 25420 50365 14382 94803 14282 332 88150 95991 2472 34482 72249 12167 20847 47780 68768 86776 92653 62279 28658 6611 2673 67983 17215 72925
438274 223832 1212664 839541 636045 283086 141138 1114182 1012950 113371 1004137 851937 1234835 71416 904522 1346002 225912 200544 621006 1466818 1431735 1119538 1150543 279561 503499 1475740 29747 105470 370083 940509 252517 1115625 584792 1152038 954785 371797 1204330 974944 613520 1455222 558802 518435 838289 1157817 238031 1276548 854631 160757 60268 323776 283769 582089 570082 44190 821732 201783 737567 62314 108640 889447 1194297 637028 252938 903853 17426 1015834 201515 49702 444098 20301 560748 1002875 144790 1624678 174479 988690 731228 491369 1072002 316934 575766 1369668 767820 542859 155199 1386712 505518 557458 1298508 1572249 712117 671683 1290127 120966 89297 1756 825120 1282837 227781 381211 729685 452113 358282 811075 930989 359587 869727 1115389 62516 1280935 1081984 803496 348481 699792 1267580 1429136 906408 433873 1063344 1387003 241479 1090810 603635 316445 665744 380608 253219 1383927
