64
0 1 1 1 1 1 1 1 1 1 1 1 1 1 1 1 1 1 1 0 1 1 1 1 1 1 1 1 0 1 1 1 1 1 1 1 1 1 1 1 1 1 1 0 1 1 1 1 1 1 1 1 1 1 0 1 1 1 1 1 1 0 1 1
1 0 1 1 0 1 1 1 1 1 1 1 1 1 1 1 1 1 0 1 1 1 1 1 1 1 1 1 1 1 0 1 1 1 1 1 1 1 1 1 1 1 1 1 1 1 1 1 1 1 1 1 1 1 1 1 1 1 1 1 1 1 1 1
1 1 0 1 0 1 1 1 1 1 1 0 1 1 1 1 1 1 1 1 1 1 1 1 1 1 0 1 1 1 1 1 1 1 1 1 1 1 1 1 1 1 1 1 1 1 1 1 1 1 1 1 1 1 1 1 1 1 1 1 1 1 1 1
1 1 1 0 1 1 1 1 1 1 1 1 1 1 1 1 1 1 1 1 1 1 0 1 1 1 1 1 1 1 1 1 1 1 1 1 1 1 1 1 1 1 1 1 1 1 1 1 1 1 1 1 1 1 1 1 1 1 1 1 1 1 1 1
1 0 0 1 0 1 1 1 1 0 1 1 1 1 0 1 0 0 1 1 1 1 0 1 1 0 1 1 1 1 1 1 1 1 1 1 1 1 1 1 1 1 1 1 1 1 1 1 1 1 1 1 1 0 1 1 1 1 1 1 1 1 1 1
1 1 1 1 1 0 0 1 1 1 1 1 1 1 1 1 1 1 1 1 1 0 1 1 1 1 1 1 1 1 1 1 1 1 1 0 1 1 1 1 1 1 1 1 1 1 0 1 1 1 1 1 1 1 1 1 1 1 1 1 1 0 1 1
1 1 1 1 1 0 0 1 1 1 1 1 1 1 1 0 1 1 1 1 1 1 1 1 1 1 1 1 1 1 1 1 1 1 1 1 0 1 1 1 1 1 1 1 1 0 1 1 1 1 1 1 1 1 1 1 1 1 1 1 1 1 1 0
1 1 1 1 1 1 1 0 1 0 1 1 1 1 1 1 1 1 1 1 1 1 1 1 1 0 1 1 1 1 1 1 1 1 1 1 1 1 1 1 1 1 1 1 1 1 1 1 0 1 1 1 1 1 1 1 1 1 1 1 1 1 1 1
1 1 1 1 1 1 1 1 0 0 1 1 1 1 1 1 1 1 1 1 1 1 1 1 0 1 1 1 1 1 1 1 0 1 1 1 1 1 1 1 1 1 1 1 1 1 1 1 1 1 1 1 1 0 1 1 1 1 1 0 1 1 1 1
1 1 1 1 0 1 1 0 0 0 1 1 1 1 1 1 1 1 1 1 1 1 1 1 1 1 1 1 1 1 1 1 1 1 1 1 1 1 1 1 1 1 1 1 1 1 1 0 1 1 1 1 1 1 0 1 1 1 1 1 1 1 1 1
1 1 1 1 1 1 1 1 1 1 0 1 1 1 1 1 1 1 1 1 1 1 1 1 1 1 1 1 1 1 1 1 0 1 1 1 1 1 1 1 1 1 1 1 0 1 1 1 1 1 1 1 1 1 1 1 1 1 1 1 1 1 1 1
1 1 0 1 1 1 1 1 1 1 1 0 1 1 1 1 1 0 1 1 1 0 1 1 1 1 1 1 1 1 1 1 1 1 1 1 1 1 0 1 1 1 1 1 1 1 1 1 1 1 1 1 1 1 1 1 1 1 1 1 1 1 1 1
1 1 1 1 1 1 1 1 1 1 1 1 0 1 1 1 1 0 1 1 1 1 1 1 1 1 1 1 1 1 1 1 1 1 1 1 1 1 1 1 1 1 1 1 1 1 1 1 1 1 1 1 1 1 1 1 1 1 1 1 1 1 1 1
1 1 1 1 1 1 1 1 1 1 1 1 1 0 1 1 1 1 1 1 1 1 1 1 1 1 1 1 1 1 1 1 1 0 1 1 1 1 1 1 0 0 1 1 1 1 1 1 1 1 1 1 1 1 1 1 1 1 0 1 1 1 1 1
1 1 1 1 0 1 1 1 1 1 1 1 1 1 0 1 1 1 1 1 0 1 1 1 1 1 1 1 1 1 1 1 1 1 1 1 1 1 1 1 1 1 1 1 1 1 1 1 1 1 1 1 1 1 1 1 1 1 1 1 1 1 1 1
1 1 1 1 1 1 0 1 1 1 1 1 1 1 1 0 1 1 1 1 1 1 1 1 1 1 1 1 1 0 1 0 1 1 1 1 1 1 1 1 0 1 1 1 1 1 0 1 1 1 1 1 1 1 0 1 1 1 1 1 1 1 1 1
1 1 1 1 0 1 1 1 1 1 1 1 1 1 1 1 0 1 1 1 1 1 1 1 1 1 1 1 1 1 1 1 1 1 1 0 1 1 1 1 1 1 1 1 1 1 1 1 1 1 1 1 1 1 1 1 1 1 1 1 1 1 1 1
1 1 1 1 0 1 1 1 1 1 1 0 0 1 1 1 1 0 1 1 1 1 1 1 1 1 1 1 1 1 0 1 1 1 1 1 1 1 1 1 1 1 1 1 1 1 1 1 1 1 1 1 1 1 1 1 1 1 1 1 1 1 1 1
1 0 1 1 1 1 1 1 1 1 1 1 1 1 1 1 1 1 0 1 1 1 1 1 1 1 1 1 0 1 1 1 1 1 1 1 1 1 1 1 1 1 1 1 1 1 1 1 1 1 1 1 1 1 1 1 1 1 1 1 1 1 1 1
0 1 1 1 1 1 1 1 1 1 1 1 1 1 1 1 1 1 1 0 1 1 1 1 1 1 1 1 1 1 1 1 1 1 1 1 1 1 1 1 1 1 1 1 1 1 1 1 1 1 1 1 1 1 1 1 1 1 1 1 1 1 1 1
1 1 1 1 1 1 1 1 1 1 1 1 1 1 0 1 1 1 1 1 0 1 1 1 1 1 1 1 1 1 1 1 1 1 1 1 1 1 1 1 1 1 1 1 1 1 1 1 1 1 1 1 1 1 1 1 0 1 1 1 1 1 1 1
1 1 1 1 1 0 1 1 1 1 1 0 1 1 1 1 1 1 1 1 1 0 1 1 1 1 1 1 1 1 1 1 1 1 1 1 1 1 1 1 1 1 1 1 1 0 1 1 1 1 1 1 1 1 1 1 1 1 1 1 1 1 1 1
1 1 1 0 0 1 1 1 1 1 1 1 1 1 1 1 1 1 1 1 1 1 0 1 1 1 1 1 1 1 1 1 1 1 1 1 1 1 1 1 1 1 1 1 1 0 1 1 1 1 1 1 1 1 1 1 1 1 1 1 1 1 1 1
1 1 1 1 1 1 1 1 1 1 1 1 1 1 1 1 1 1 1 1 1 1 1 0 1 1 1 0 1 1 1 1 1 1 1 1 1 1 1 1 1 1 1 1 1 1 1 1 1 1 1 1 1 1 1 1 1 1 1 1 1 1 1 1
1 1 1 1 1 1 1 1 0 1 1 1 1 1 1 1 1 1 1 1 1 1 1 1 0 1 1 1 1 1 0 1 1 1 1 1 1 1 1 1 1 1 1 1 1 1 1 1 1 1 1 1 0 1 0 1 1 1 1 1 1 1 0 1
1 1 1 1 0 1 1 0 1 1 1 1 1 1 1 1 1 1 1 1 1 1 1 1 1 0 1 1 1 1 1 1 1 1 1 0 1 1 1 1 1 1 1 1 1 1 1 1 1 1 1 1 1 1 1 1 1 1 1 1 1 1 1 1
1 1 0 1 1 1 1 1 1 1 1 1 1 1 1 1 1 1 1 1 1 1 1 1 1 1 0 1 1 1 1 1 1 1 1 1 1 1 1 1 1 1 1 1 1 1 0 1 1 1 1 1 1 1 1 1 1 1 1 1 1 1 1 1
1 1 1 1 1 1 1 1 1 1 1 1 1 1 1 1 1 1 1 1 1 1 1 0 1 1 1 0 1 0 1 1 1 1 1 1 1 1 1 1 0 1 1 1 1 1 1 1 1 1 0 1 1 1 1 1 1 1 1 1 1 1 1 1
0 1 1 1 1 1 1 1 1 1 1 1 1 1 1 1 1 1 0 1 1 1 1 1 1 1 1 1 0 1 1 1 1 1 1 1 1 1 1 1 1 1 1 1 1 1 1 1 1 1 1 1 1 1 1 1 1 1 1 1 1 1 1 0
1 1 1 1 1 1 1 1 1 1 1 1 1 1 1 0 1 1 1 1 1 1 1 1 1 1 1 0 1 0 1 1 1 1 1 1 1 1 1 1 1 1 1 1 1 1 1 1 1 1 1 1 1 1 1 1 1 1 1 1 1 1 1 1
1 0 1 1 1 1 1 1 1 1 1 1 1 1 1 1 1 0 1 1 1 1 1 1 0 1 1 1 1 1 0 1 1 1 1 1 1 1 0 1 1 1 1 1 1 1 1 1 1 1 1 1 1 1 1 1 1 1 1 1 1 1 1 1
1 1 1 1 1 1 1 1 1 1 1 1 1 1 1 0 1 1 1 1 1 1 1 1 1 1 1 1 1 1 1 0 0 1 1 1 1 0 1 1 1 1 1 1 1 1 1 1 1 1 1 1 1 1 1 1 1 1 1 1 0 1 1 1
1 1 1 1 1 1 1 1 0 1 0 1 1 1 1 1 1 1 1 1 1 1 1 1 1 1 1 1 1 1 1 0 0 1 1 1 0 1 1 1 1 1 1 1 1 1 1 1 1 1 1 1 1 1 1 1 1 1 1 1 1 1 1 1
1 1 1 1 1 1 1 1 1 1 1 1 1 0 1 1 1 1 1 1 1 1 1 1 1 1 1 1 1 1 1 1 1 0 0 1 1 1 1 1 1 1 1 1 1 1 1 1 1 1 1 1 1 1 1 1 1 0 1 1 1 1 1 1
1 1 1 1 1 1 1 1 1 1 1 1 1 1 1 1 1 1 1 1 1 1 1 1 1 1 1 1 1 1 1 1 1 0 0 1 1 1 1 1 1 1 1 1 1 1 1 1 1 1 1 1 1 1 1 1 1 1 1 1 0 1 1 1
1 1 1 1 1 0 1 1 1 1 1 1 1 1 1 1 0 1 1 1 1 1 1 1 1 0 1 1 1 1 1 1 1 1 1 0 1 1 1 1 1 1 1 1 1 1 1 1 0 1 1 1 1 1 1 1 1 1 1 1 1 1 1 1
1 1 1 1 1 1 0 1 1 1 1 1 1 1 1 1 1 1 1 1 1 1 1 1 1 1 1 1 1 1 1 1 0 1 1 1 0 1 1 0 1 1 1 1 1 1 1 1 0 1 1 1 1 1 1 1 1 1 1 1 1 1 1 1
1 1 1 1 1 1 1 1 1 1 1 1 1 1 1 1 1 1 1 1 1 1 1 1 1 1 1 1 1 1 1 0 1 1 1 1 1 0 1 1 1 1 1 1 1 0 1 0 1 1 1 1 1 1 1 1 1 1 1 1 1 1 1 1
1 1 1 1 1 1 1 1 1 1 1 0 1 1 1 1 1 1 1 1 1 1 1 1 1 1 1 1 1 1 0 1 1 1 1 1 1 1 0 1 0 1 1 1 1 1 1 1 1 1 1 1 1 1 1 1 1 1 1 1 1 0 1 1
1 1 1 1 1 1 1 1 1 1 1 1 1 1 1 1 1 1 1 1 1 1 1 1 1 1 1 1 1 1 1 1 1 1 1 1 0 1 1 0 1 1 1 1 1 1 1 1 0 1 1 1 1 0 1 1 1 1 1 1 1 1 1 1
1 1 1 1 1 1 1 1 1 1 1 1 1 0 1 0 1 1 1 1 1 1 1 1 1 1 1 0 1 1 1 1 1 1 1 1 1 1 0 1 0 1 1 0 1 1 1 1 1 1 1 1 1 1 1 1 1 1 1 1 1 1 1 1
1 1 1 1 1 1 1 1 1 1 1 1 1 0 1 1 1 1 1 1 1 1 1 1 1 1 1 1 1 1 1 1 1 1 1 1 1 1 1 1 1 0 1 1 1 1 1 1 1 1 1 1 1 1 1 1 1 1 1 1 1 1 1 1
1 1 1 1 1 1 1 1 1 1 1 1 1 1 1 1 1 1 1 1 1 1 1 1 1 1 1 1 1 1 1 1 1 1 1 1 1 1 1 1 1 1 0 1 1 1 1 1 1 1 1 1 1 1 1 1 1 1 1 1 1 1 0 1
0 1 1 1 1 1 1 1 1 1 1 1 1 1 1 1 1 1 1 1 1 1 1 1 1 1 1 1 1 1 1 1 1 1 1 1 1 1 1 1 0 1 1 0 0 1 1 1 0 1 0 1 1 1 0 1 1 1 1 1 1 1 1 1
1 1 1 1 1 1 1 1 1 1 0 1 1 1 1 1 1 1 1 1 1 1 1 1 1 1 1 1 1 1 1 1 1 1 1 1 1 1 1 1 1 1 1 0 0 1 1 1 1 1 1 1 1 1 1 1 1 1 1 1 1 1 1 1
1 1 1 1 1 1 0 1 1 1 1 1 1 1 1 1 1 1 1 1 1 0 0 1 1 1 1 1 1 1 1 1 1 1 1 1 1 0 1 1 1 1 1 1 1 0 1 1 1 1 1 1 1 1 1 1 0 1 1 1 1 1 1 0
1 1 1 1 1 0 1 1 1 1 1 1 1 1 1 0 1 1 1 1 1 1 1 1 1 1 0 1 1 1 1 1 1 1 1 1 1 1 1 1 1 1 1 1 1 1 0 1 1 1 1 1 1 1 1 1 1 1 0 1 1 1 1 1
1 1 1 1 1 1 1 1 1 0 1 1 1 1 1 1 1 1 1 1 1 1 1 1 1 1 1 1 1 1 1 1 1 1 1 1 1 0 1 1 1 1 1 1 1 1 1 0 0 1 1 1 1 1 1 1 1 1 1 1 1 1 1 1
1 1 1 1 1 1 1 0 1 1 1 1 1 1 1 1 1 1 1 1 1 1 1 1 1 1 1 1 1 1 1 1 1 1 1 0 0 1 1 0 1 1 1 0 1 1 1 0 0 1 1 1 1 1 1 1 1 1 1 1 1 1 1 1
1 1 1 1 1 1 1 1 1 1 1 1 1 1 1 1 1 1 1 1 1 1 1 1 1 1 1 1 1 1 1 1 1 1 1 1 1 1 1 1 1 1 1 1 1 1 1 1 1 0 1 1 1 1 1 1 1 1 1 1 1 1 1 1
1 1 1 1 1 1 1 1 1 1 1 1 1 1 1 1 1 1 1 1 1 1 1 1 1 1 1 0 1 1 1 1 1 1 1 1 1 1 1 1 1 1 1 0 1 1 1 1 1 1 0 1 0 1 1 1 1 1 1 1 1 1 1 1
1 1 1 1 1 1 1 1 1 1 1 1 1 1 1 1 1 1 1 1 1 1 1 1 1 1 1 1 1 1 1 1 1 1 1 1 1 1 1 1 1 1 1 1 1 1 1 1 1 1 1 0 1 1 1 1 1 1 1 1 0 1 1 1
1 1 1 1 1 1 1 1 1 1 1 1 1 1 1 1 1 1 1 1 1 1 1 1 0 1 1 1 1 1 1 1 1 1 1 1 1 1 1 1 1 1 1 1 1 1 1 1 1 1 0 1 0 1 1 1 0 1 1 1 1 1 1 1
1 1 1 1 0 1 1 1 0 1 1 1 1 1 1 1 1 1 1 1 1 1 1 1 1 1 1 1 1 1 1 1 1 1 1 1 1 1 1 0 1 1 1 1 1 1 1 1 1 1 1 1 1 0 1 1 0 1 1 1 1 1 1 1
0 1 1 1 1 1 1 1 1 0 1 1 1 1 1 0 1 1 1 1 1 1 1 1 0 1 1 1 1 1 1 1 1 1 1 1 1 1 1 1 1 1 1 0 1 1 1 1 1 1 1 1 1 1 0 1 1 1 1 1 1 1 1 1
1 1 1 1 1 1 1 1 1 1 1 1 1 1 1 1 1 1 1 1 1 1 1 1 1 1 1 1 1 1 1 1 1 1 1 1 1 1 1 1 1 1 1 1 1 1 1 1 1 1 1 1 1 1 1 0 1 1 1 1 1 1 1 1
1 1 1 1 1 1 1 1 1 1 1 1 1 1 1 1 1 1 1 1 0 1 1 1 1 1 1 1 1 1 1 1 1 1 1 1 1 1 1 1 1 1 1 1 1 0 1 1 1 1 1 1 0 0 1 1 0 1 1 1 1 1 1 1
1 1 1 1 1 1 1 1 1 1 1 1 1 1 1 1 1 1 1 1 1 1 1 1 1 1 1 1 1 1 1 1 1 0 1 1 1 1 1 1 1 1 1 1 1 1 1 1 1 1 1 1 1 1 1 1 1 0 1 1 1 1 1 1
1 1 1 1 1 1 1 1 1 1 1 1 1 0 1 1 1 1 1 1 1 1 1 1 1 1 1 1 1 1 1 1 1 1 1 1 1 1 1 1 1 1 1 1 1 1 0 1 1 1 1 1 1 1 1 1 1 1 0 1 1 1 1 1
1 1 1 1 1 1 1 1 0 1 1 1 1 1 1 1 1 1 1 1 1 1 1 1 1 1 1 1 1 1 1 1 1 1 1 1 1 1 1 1 1 1 1 1 1 1 1 1 1 1 1 1 1 1 1 1 1 1 1 0 1 1 1 1
1 1 1 1 1 1 1 1 1 1 1 1 1 1 1 1 1 1 1 1 1 1 1 1 1 1 1 1 1 1 1 0 1 1 0 1 1 1 1 1 1 1 1 1 1 1 1 1 1 1 1 0 1 1 1 1 1 1 1 1 0 1 1 1
0 1 1 1 1 0 1 1 1 1 1 1 1 1 1 1 1 1 1 1 1 1 1 1 1 1 1 1 1 1 1 1 1 1 1 1 1 1 0 1 1 1 1 1 1 1 1 1 1 1 1 1 1 1 1 1 1 1 1 1 1 0 0 1
1 1 1 1 1 1 1 1 1 1 1 1 1 1 1 1 1 1 1 1 1 1 1 1 0 1 1 1 1 1 1 1 1 1 1 1 1 1 1 1 1 1 0 1 1 1 1 1 1 1 1 1 1 1 1 1 1 1 1 1 1 0 0 1
1 1 1 1 1 1 0 1 1 1 1 1 1 1 1 1 1 1 1 1 1 1 1 1 1 1 1 1 0 1 1 1 1 1 1 1 1 1 1 1 1 1 1 1 1 0 1 1 1 1 1 1 1 1 1 1 1 1 1 1 1 1 1 0
84719 73890 72790 72992 40671 69147 65008 78903 19875 83983 39342 93557 92750 94064 8975 9328 28815 96798 78740 57599 55839 4443 89440 86166 33311 33785 94738 80081 85827 60753 6283 33414 52448 57110 38444 59777 88351 93953 16479 87538 95346 51152 86799 99316 24322 42802 1715 49575 79137 64082 44094 47781 25676 52920 66480 64682 92716 39795 31160 44823 45004 90288 43317 37176 88087 69017 533 14750 53292 86407 59160 1699 27004 77920 74191 19703 67053 95334 32042 70605 16525 43846 70816 7542 93436 28480 89217 37352 80187 88270 35822 94258 83895 31783 73900 45455 72789 41080 77845 76486 63095 17889 41454 91461 65394 90203 48469 22816 95306 52127 44362 34517 46280 3659 91012 93115 97700 36996 73483 65619 6642 70557 79828 5190 64513 53696 8317 61574
56856 65080 66768 8768 55181 77759 20267 55521 67029 84732 41277 87751 284 12065 41017 1319 38672 5611 80758 4344 18459 27093 35118 77216 44573 54917 88215 31849 89536 48328 84810 11173 54690 35211 3191 56852 72206 44893 17968 51944 36106 49620 91008 42041 20348 82789 90870 89194 20668 77982 8879 23291 89306 29383 59526 8265 7012 86183 17111 79190 69709 65674 14717 90015 6813 90969 85581 425 82104 89756 54212 16617 71826 19363 81113 30638 49741 22001 39328 48703 52474 69687 22808 21639 88208 80844 8299 90056 76360 70893 99724 64133 8504 86146 77 1870 70997 77062 28199 76797 56123 34059 7763 50256 99218 75581 31121 97135 29269 84373 95471 7360 16672 22346 34448 86365 57133 1240 73554 21441 21719 11368 64450 52911 63707 71974 67580 9660
36270 56826 43468 8354 61233 4944 63557 16906 56278 94911 33330 14682 29876 19896 58356 30969 58317 37017 6311 62149 81000 98858 33786 3279 2462 69416 76254 7461 31363 5350 2713 97011 51950 38674 15914 22281 48976 37313 8128 24061 94958 40489 84303 85023 10368 96603 7926 65835 24486 42697 40472 1324 76919 71662 83775 66054 10551 60743 76222 11515 88989 65057 76284 85886 76849 58532 69918 51898 24167 91544 48571 63316 45059 11583 45690 35208 46722 19209 54018 99553 17771 40346 56286 32417 35655 37083 30216 55098 43867 72474 47584 91230 5044 62386 93846 54474 63727 7362 77202 88146 84833 98592 28148 87043 86239 38340 76203 49618 68424 69270 73260 66859 84500 7912 54726 34308 14317 11377 42094 95699 39577 34598 72795 80659 59583 83016 9540 82972
36747 911 49319 98786 21783 45546 69310 9204 43747 92958 16847 99044 90418 24586 41409 45090 90067 36735 33245 80302 5583 46853 24269 16521 7903 7632 95005 26064 61330 41829 1326 70966 53549 69577 96471 34903 10778 20150 57225 29520 4758 42650 13189 18828 2003 37316 29425 2251 7498 6700 26958 22358 213 64057 39409 39503 17052 64006 87580 86199 45695 73563 88206 95739 43504 51297 92977 71692 65542 40352 17569 81617 65117 96068 60597 69256 99383 35488 30969 20373 64889 38098 71137 90304 66546 44957 80714 99826 56760 82378 41670 841 85075 28116 16680 61917 47686 24423 85473 1316 5593 63920 74998 31121 81367 5438 13684 69427 16463 4454 99156 35211 47476 68502 58703 6863 21629 39797 62401 8813 27554 80272 83006 26392 27182 57320 80029 39750
32854 8088 19971 17400 68859 20324 76945 83620 23030 28038 65268 80028 33048 13685 78542 53176 38619 73540 16278 10169 17267 931 26522 78141 54435 58545 92373 64538 93631 81401 20342 46800 46815 39257 54613 51063 3283 84585 45120 30791 53418 71053 74608 58568 48018 16253 22688 91140 72797 80395 7346 1197 73444 96296 60694 56658 74005 85 35541 69218 52077 26227 37126 78010 39202 80813 41221 57202 7067 83126 5 53715 48291 82559 71340 10569 98133 68810 86633 1663 9471 98655 45132 31997 5698 23092 51420 85666 25050 12965 47621 60496 31938 3008 34734 30249 30119 75356 56475 32066 88928 90060 48125 61044 40657 52685 38703 11894 23845 90074 48084 20841 34917 85318 75765 54036 93242 86408 95456 51522 9103 40238 45474 1605 50903 64251 20694 75740
12742 29143 96677 73242 37733 47370 52713 12440 77985 38793 91717 54224 68707 93140 15571 589 22070 82617 95066 85557 33611 25750 77551 71458 77005 58889 9805 31485 45753 25890 85647 42424 52396 38126 43978 17710 51351 4861 90420 49644 63044 89625 77449 78045 16088 18473 2892 72519 65930 75552 37487 51024 65293 11458 14594 97628 54469 63795 14980 61911 27424 54321 90690 39504 39511 53155 32450 32386 92506 56262 31360 69792 76215 68832 27071 69433 85776 92877 89533 7682 58611 4910 41000 71455 29256 12074 24321 32660 89938 82929 1104 7938 82007 81051 26140 40551 43555 29842 15233 62778 91589 48352 25216 54767 76181 52643 76773 79501 89066 23223 62588 18077 39711 74511 92971 36476 85343 99212 20829 34225 89871 73794 79095 64370 68120 38891 11860 4706
89944 97266 92312 58014 76100 24123 3065 42708 23247 37900 70756 84254 22313 18795 9523 7582 76170 4321 82266 42768 5258 25727 37741 65780 12232 8820 92325 48689 7463 78895 80606 96282 72486 66744 45751 47008 4425 30320 32946 29978 77669 23272 77542 322 75596 15582 90879 96198 54813 84472 11992 22404 44714 60713 78014 55860 63774 50373 87879 34055 93481 2054 16268 43614 43321 45817 96078 9713 71343 48787 18863 96466 24489 4477 72607 41842 77804 81768 39929 52388 53229 85103 69532 25147 95575 87199 47786 72378 98441 96000 51780 38625 3411 21625 92507 98390 78518 14459 69424 6669 39347 63541 94137 85215 334 1640 41165 89051 47365 1339 93538 4920 2088 69211 55354 54461 19030 62419 60084 51377 2806 96973 30 94780 83071 55880 76433 52654
83567 39619 95036 45188 93721 84646 35641 98341 36529 71571 98164 78889 84422 69776 29348 74909 82776 61252 42309 74091 78658 4988 42024 37480 87028 83128 54152 36321 86034 71859 45494 75656 76967 64958 19006 56503 38103 11468 33447 13865 67884 544 88669 19749 45019 89424 27731 59643 4551 46714 86227 87615 49230 73291 13939 66837 62757 29541 69461 79256 89674 63333 21585 710 74260 67409 29853 31960 69634 33644 90022 45663 22463 33820 55011 19392 81443 61183 72041 3800 37441 83942 14957 11416 46350 70755 88296 75632 56527 9579 72247 88269 43153 19158 27855 98893 50828 10842 22792 73195 3985 77749 29835 33029 24963 34146 92683 99341 6403 90459 56311 93597 93566 78520 65237 98598 43669 38472 79514 91768 38728 75315 38193 3492 82778 28710 87090 30266
34117 70416 73000 59848 79146 16216 76484 98410 77616 34199 44881 36364 73728 13676 61805 98255 88427 45662 8634 78548 5316 75490 12187 13940 5942 3471 64837 88212 16330 2083 97612 74995 8801 65835 77161 4840 7187 88587 90930 5743 16758 1407 40504 76085 24164 80074 73934 80509 86823 50610 81244 81631 12867 13077 60891 82296 47328 77116 83799 94794 90709 23557 1712 60203 88461 66095 68219 40398 31196 78129 88968 13733 20178 80856 81712 22792 7997 5143 69549 98609 1587 60055 48982 42716 50218 56567 27811 20823 78110 4578 97070 95397 4678 81953 2862 14796 38958 4532 31242 77424 80788 24054 82952 40499 24821 77321 18106 28763 80608 63839 15380 52915 84500 21976 13677 59313 28619 44146 65649 58226 15186 85113 6685 28229 60001 95439 29253 7330
98161 70892 95118 92710 24906 51427 480 69187 60300 87939 38561 8861 87238 34543 39314 63934 82435 97430 10058 73832 57977 4669 60536 43175 45490 56999 5301 45376 59122 32401 51813 59396 1893 74706 98834 52613 6757 7946 74325 23354 21407 97819 56976 69163 90362 95115 65935 69100 81988 14914 32731 65351 64446 53865 93922 69143 46257 65708 65742 39367 39702 15294 50408 57967 46347 89522 63369 44369 59935 51479 83411 64824 71410 47211 82520 62588 58948 70128 79136 75779 29478 40732 59425 2952 6186 94860 51923 42251 76314 64451 89315 50408 35144 34814 59129 57851 75738 47792 63063 58209 88690 13719 8759 69816 94822 2945 14446 59361 43637 4649 87608 58673 55213 81549 17107 23771 13551 88837 91501 1357 21727 11131 88795 14826 33549 23380 28163 82569
74563 98675 71103 76333 76002 24989 40477 67115 15025 85350 71744 58677 11973 14404 84178 12197 77622 10545 96143 48505 75593 96853 29870 95777 65663 11140 15929 571 56112 13929 65891 26039 3419 43533 29781 73958 46799 80141 26349 72259 52760 65085 79046 40952 96597 4106 26227 17824 44626 22389 38468 25418 13468 1122 22891 95848 34152 26198 16969 59308 11607 77182 8978 63796 54729 59669 98425 69566 72012 23469 90605 68803 74684 35791 67801 81506 53021 43489 99788 75426 67654 80931 93156 46820 70558 97337 39972 39357 38278 50359 13968 89852 39045 63839 15995 18854 8657 11679 36400 53290 17119 92414 18649 51892 89934 55372 32888 24208 40705 82232 55933 70765 83998 38076 97885 11826 70249 19137 51539 87081 14998 85499 72033 53114 30278 48349 70757 79675
76139 96942 30515 85417 51951 32614 14160 44050 86279 96517 9587 84246 15638 44979 47818 23719 52926 90244 74991 3351 20587 58983 96871 4218 85775 7164 8376 96386 31822 12396 36407 56601 41912 92078 7585 74395 51924 91367 20429 69735 67181 52525 92695 66599 12977 55186 9097 32987 31167 77823 26147 52782 44366 31877 97466 8177 80663 46683 53094 93963 69026 72802 43269 56658 83452 35146 46302 22476 67065 81669 18050 38884 75948 40347 6077 63490 37434 64608 19590 54183 30364 35742 6145 85653 41327 980 65748 71599 20087 26275 50817 77684 80378 43078 63709 69046 90890 62104 47675 84584 3817 79792 98994 58903 44646 41999 72334 79199 34994 76593 14439 60383 15733 11663 33911 55373 5814 94658 66728 8717 65975 19455 73814 1014 41874 45398 14151 49212
18999 58492 50079 9638 84508 64107 96721 45576 83160 62843 36121 22093 68160 58379 79793 27430 8050 94675 6508 1810 14374 65908 88398 42823 74489 1911 75370 21815 55324 64116 20634 5391 20061 76804 50932 89827 98095 91190 59359 85856 44476 62214 82205 71509 43594 76102 72656 83449 32812 38137 20820 59506 77597 27227 33022 98315 14935 97376 16729 34687 31156 7496 11946 37615 19752 81474 69542 69423 70754 57469 63905 52398 13683 83319 61009 95774 83453 75632 56530 32743 6085 67779 56341 70822 30755 8662 29615 15428 25919 70946 70121 44516 53310 14272 18321 15584 62176 63381 19343 68442 12205 33338 58735 67170 85103 35391 89774 57115 27770 70174 65266 33425 95464 62278 32958 21189 5826 70743 32469 37742 5285 63279 91330 34263 15368 10613 80276 93501
77837 72050 16580 73697 20064 73813 21764 89854 78240 68341 59030 91712 12330 17401 92921 6569 99954 65448 74680 3060 10743 79405 98308 66024 83877 1656 47164 69342 50148 59791 21999 24373 57312 56145 9080 46168 33241 15458 1743 60193 89230 14252 76224 72512 37968 48453 57471 71559 99016 83971 54473 98465 39348 71737 23820 33515 6453 74494 92327 94962 39480 74064 83842 44551 31972 77467 33945 2340 79981 80650 92754 90425 18010 47794 54540 29074 14392 43429 57771 94125 3356 48894 50896 3386 65034 57396 84606 53530 2299 18862 66347 86447 95663 79707 5264 19839 74244 52784 25204 56742 94496 94832 21836 41019 59285 43879 18618 4747 93285 32399 91537 71409 88805 76254 38313 38446 99773 4839 9102 75953 88232 72143 90955 71589 42008 43296 8135 50759
45450 42449 91613 61703 57 2452 27803 87714 81560 79599 32641 52843 43759 26225 14835 4882 71592 5937 46111 40155 66790 57021 44034 42346 36 25408 93500 28718 14865 81098 59454 68455 14861 19794 74250 72707 24746 73440 73790 18278 97865 4687 32862 69721 49665 65849 28856 83065 17835 61655 41703 5501 19441 65096 25090 49613 61981 99628 78944 48894 55276 74979 47137 83130 68967 38844 84978 5886 31200 3706 51288 72769 41425 7361 25870 91015 30063 971 77502 80407 16396 99466 90739 36253 39466 96013 24691 93809 98920 85782 62858 33794 47430 40217 54859 69837 45663 14508 49690 63189 48344 66140 73837 17785 96178 90214 52568 13916 80672 82448 91031 45944 39791 33909 91630 96065 77463 97045 17016 41636 32204 62873 20813 38341 9683 26292 73344 17189
80584 96830 25597 52158 69001 4068 53854 41583 66704 23908 43956 2767 87044 90385 38283 29183 41522 2495 95839 51260 90479 10841 93084 42035 67331 73595 32042 31248 92611 95453 82675 96965 17550 77137 79425 86950 71739 51711 98194 56384 94465 26350 3059 98264 17159 92266 91045 92812 41235 34962 19035 9440 50850 37512 95415 89118 66651 27568 52523 75949 31346 97510 99491 22670 10857 95031 88282 55857 4307 14422 51345 8201 84987 94202 25704 52191 85427 86996 42894 53390 54773 25990 80121 35734 63230 89805 94606 45243 4975 36624 1683 55379 75572 62917 11235 3923 22744 32478 44873 30668 99988 29716 61197 81222 71088 54966 92637 7563 70230 85216 42469 40106 62684 71104 82596 30104 88161 26562 48017 31578 11486 6126 2750 83864 71369 98242 50610 13020
43300 48927 83648 45838 97386 27033 65141 68301 45906 7312 28541 15591 13707 5726 83566 74463 76120 54872 85500 49422 62796 83678 41524 61203 92221 52111 20086 46656 85347 15603 49466 70048 80957 35735 99152 43951 50819 91053 59539 39593 33534 10281 33851 16211 12168 10247 7251 98578 31364 74987 75643 46297 76729 18350 11259 31345 14573 95988 28897 42136 29631 97787 57856 30181 82556 11565 61592 40182 66371 65646 2138 66517 69310 87148 86851 11394 12117 92452 18784 87866 45397 44324 12536 54864 28398 73835 80798 59084 72808 8881 93241 36284 34199 90515 91070 86626 92804 419 9116 63854 11557 33048 98822 5066 80160 91668 77089 80264 8973 97156 80549 58773 22028 85253 33005 34432 85803 62668 65153 59701 67144 73500 92886 62902 30655 61022 30958 35627
42187 87410 11660 80737 17866 21221 23521 34692 74488 81586 1147 12670 78171 91505 1876 99970 25053 58966 58362 43275 36357 63918 2306 67643 97299 22474 11210 80999 65126 34985 40087 71977 16240 48344 7623 86310 38219 77409 74223 33782 80905 67462 41183 3744 55530 72872 91456 15446 14835 89660 22373 76736 78968 73036 85975 22573 83071 96532 83610 47335 56730 19635 5558 58074 2440 76653 6534 74978 88658 42487 80196 69788 54686 63627 60750 37488 59522 84262 63651 36173 96040 50165 21168 38579 86599 45786 22861 43510 7611 66468 6274 829 67630 14963 86932 65479 21068 32200 90815 99698 24858 82719 69858 27141 37110 55194 47057 98255 91935 60818 84961 87509 71169 69603 59800 91175 5423 67612 65635 92947 76929 31062 74667 72769 80376 91578 46432 66286
22783 64452 68678 70415 78825 83104 56454 52077 4452 74268 61779 61160 44309 15379 561 54186 13544 41186 65587 45313 26414 67436 22091 80015 83594 82437 61208 90559 92824 55050 36585 57776 59216 84799 54146 43154 48207 94481 9144 1103 85128 96988 21776 98312 39191 98539 23448 20896 95186 27497 85051 56806 28467 12839 32528 22365 46275 82902 93817 81505 99388 8350 84646 64382 41695 6223 76452 97039 8264 32160 61634 78558 46107 35150 43720 80277 51880 71741 91170 76691 37353 6557 98463 11958 98025 36147 41957 95125 13003 29769 32820 89607 66375 97617 19781 50814 61894 13104 85508 9355 50437 58750 57306 16684 5340 76244 11331 72897 82114 40045 69893 60442 44160 97348 32809 33220 44979 68787 10359 46795 60655 50475 70098 12569 62230 93535 15628 57153
8780 33784 69579 62517 82139 60546 26847 39343 15524 34908 9953 86095 25958 17128 42515 29792 49069 29525 47575 98747 24426 68681 63148 11081 97397 78993 43301 23339 21148 52391 92322 50487 70008 78260 63312 60121 38285 54629 64236 65990 45216 61630 50030 96057 29303 60752 79585 12204 24243 42423 82423 63534 76373 9629 68156 38032 82838 64197 31352 36642 85885 88330 79838 99844 23791 55711 6316 78411 97174 12126 3237 53099 59293 24406 29112 64312 36398 99599 61428 79309 10770 80057 98482 49542 92379 53729 87042 96936 20539 31023 77020 1031 73556 79495 4197 27362 77343 5953 68122 89593 41230 52931 4494 67587 14445 42483 27464 58005 47285 46360 36169 64033 33193 37846 993 82178 16836 23882 99778 5641 76804 28064 87988 25205 23824 9667 89501 5572
32458 87506 34978 54611 49211 61728 44691 32848 69115 49799 29100 2675 25307 71670 87251 33704 79 87614 41036 73793 1814 34858 4039 98017 4337 37459 12946 95581 51860 39786 64913 49579 90661 78140 60107 72267 99489 55728 82543 78312 11291 67601 2631 50196 25682 82107 35402 15264 74292 42146 15811 74968 23270 98273 19756 1536 68915 94106 88933 99206 39124 64370 81597 42864 62188 39935 51632 24620 11613 76021 97503 36212 25602 90461 19516 90018 81993 85604 4804 21702 75305 43557 45276 91620 68038 32357 55561 89155 91312 83908 98969 44940 63732 12057 17235 63130 74483 30380 86336 51963 97881 62245 71030 71594 3238 3281 52836 19207 1521 62561 85464 13780 28566 83978 89911 57451 66622 56033 42445 69629 28249 3193 46857 85347 97386 20828 86046 31002
86322 83325 63989 30000 55134 99727 70510 26885 68294 55253 89206 7820 71459 96626 3254 17992 52671 97805 796 99013 68120 73768 83292 79507 64604 4769 78662 85398 35057 5027 32357 56174 13580 14725 63032 83374 77462 37672 78603 32298 60391 13870 75041 81988 72382 74684 24421 47805 32287 88223 71501 37580 95002 30749 39679 4559 94095 99527 12997 36167 91447 4488 3634 1987 47879 64957 89157 14091 55635 66815 43956 7048 18862 22635 22449 766 59629 52954 88454 75461 67706 15661 11668 57445 68067 79409 93095 54741 87781 78287 41218 59405 54636 20539 7663 86299 26503 12432 48403 74622 65125 29375 60928 50447 67445 13023 65468 69973 44638 65928 71312 67277 6973 75250 95539 15445 56374 5420 30885 69684 71061 38682 62735 73541 61493 59375 46036 27203
42218 65211 31124 24965 99147 35620 21149 20573 94130 96922 59523 73562 24133 87194 10775 81412 62850 35580 92371 51826 86796 66453 49840 62927 60617 85731 64942 22016 92109 23589 58324 29536 96481 93936 72061 80670 3601 29686 45862 39832 90201 80310 47509 71099 50120 52967 92292 80712 36749 38618 49843 25038 61994 61979 22562 18468 2120 23410 3608 38935 35670 44021 25063 37459 55453 51019 91841 34788 13543 17289 49114 63221 99960 84046 96849 73993 94169 32402 67678 74370 36139 93911 70902 77845 31616 54527 71660 49030 66483 84815 31169 81569 71548 38881 81829 8926 60873 13048 85494 57239 28380 69977 88234 18282 2364 9731 60421 40667 38151 32000 66316 54139 77003 52581 38142 15325 35055 77285 93855 42310 51423 13466 32325 68177 54926 55934 90817 98239
87043 46273 3814 71938 76777 83775 59896 21202 72641 38875 1392 91297 7361 37075 88687 44405 9199 11752 86066 31381 14107 85196 87640 78955 47032 59529 84209 38406 60340 17188 98056 1053 36244 50366 72577 95278 40305 1031 72783 16004 89703 58077 26939 74879 87782 40973 17774 15852 85716 2944 1205 73082 85623 30906 60836 21782 10283 48748 74653 91322 96755 22472 7149 20151 28714 71950 84717 84596 31975 86705 59899 76224 77089 518 18262 53124 56366 83245 28154 66427 44100 17508 5474 45189 28387 2813 31523 78572 18607 46305 20443 61562 80786 80599 9043 43381 90149 38208 14467 50374 20767 77450 64492 76051 60578 60941 14083 53318 28557 65966 51805 66818 86948 58653 35241 12015 22596 57949 37802 55509 9819 86366 22366 26476 65606 69339 85298 26308
15798 94453 41998 96217 18547 35218 90702 12970 39905 88452 86231 4701 41444 83003 67182 32258 35382 80003 64829 2655 31463 67712 64275 1427 45887 16478 28156 11342 67936 43743 22679 37030 26452 59024 68056 58254 98521 44534 52502 20870 45796 51310 22261 27590 76779 64778 28765 25908 97455 12378 29588 53808 69374 16415 53088 94617 26699 2985 10059 85132 88703 40767 38651 60272 90385 21843 33269 8752 49802 39274 84599 62391 62241 40859 18008 94877 41859 97959 71831 49303 27513 65754 68604 38281 47676 84429 93475 24877 58690 8691 2419 94231 23979 16327 80763 28813 83632 40982 60152 20068 30849 6971 33147 72166 12795 35588 92652 88830 13972 99236 15406 41550 22322 66410 94874 22825 73777 69889 74984 51975 24909 28461 1913 25489 3781 79645 92105 57754
65880 81585 18430 60870 62474 35733 66769 36894 27323 26233 61663 54489 10690 6310 25533 60636 45636 69389 29960 74218 31370 28416 33867 91209 25113 88192 60092 78920 72824 72441 32143 27573 44603 46119 83813 45672 7173 82685 42505 69303 50142 87193 92058 86817 55706 35109 4359 63536 51829 42000 9469 4197 70426 97338 99781 87157 13953 25635 31515 85970 22945 32827 69019 45718 45029 62061 55803 36790 40138 77991 98234 87031 90254 28936 57847 78002 94154 23513 90508 23838 28914 56691 71132 65048 55839 25588 72152 54471 52974 31600 78831 55699 66954 67471 92920 66250 78555 80238 11754 79396 62868 66360 12412 15863 55141 99403 15756 70964 16756 25824 45183 42023 80728 43302 27411 331 40265 87614 75292 68821 88360 75297 11469 18373 46699 23823 50305 52689
72635 79531 1967 15889 47734 63277 39850 66204 17333 30174 25101 48313 53006 95526 14392 42829 15446 75841 87379 47928 98832 9791 90407 80536 92887 87494 27502 69368 52181 73387 1465 48006 7044 5777 3208 37285 16620 908 46575 71128 13173 61422 16726 81427 13454 63233 43518 82263 80008 97352 88914 80692 66609 67942 44854 56819 46087 16562 73560 91864 86582 28876 58255 54613 63530 11585 71842 35368 67848 32624 91319 20730 20649 46798 16290 94316 6451 4975 79557 17348 72937 19268 22248 71127 51443 82416 83020 16126 84616 97287 21166 15342 80725 71216 47771 89380 90551 33669 45351 58122 3051 51839 79382 8312 38543 73704 14950 96958 46668 86602 35205 1214 46509 21964 78032 7383 23298 68366 78725 97736 25105 84314 29512 3391 74324 12001 4201 48652
95381 90849 16617 53211 65498 51257 19295 19422 63322 32556 90644 86884 97459 83904 34112 55934 73132 80512 17912 2573 24300 93298 32027 49709 53763 94912 30289 63579 35776 62339 18724 34864 78434 51736 39176 89010 88008 91683 48118 38708 7268 72275 1129 8004 9992 11387 61613 45728 52566 11925 2325 94370 66946 40861 84606 3184 47305 93185 11320 76316 87578 64128 17650 57194 99676 62307 30155 48524 91305 27614 88855 7760 58986 66089 58848 73643 52641 45112 59641 88669 47440 5776 1669 28793 97346 14565 86619 54463 39439 73761 60155 27838 96329 12490 27699 49737 52519 95879 89765 4029 94892 79733 6837 74432 81942 81879 78238 13819 55770 3975 24366 96504 49388 52118 17344 89485 92460 83952 92693 59760 38065 50199 82858 85268 29128 91940 24526 21593
73508 5222 63905 48741 85708 2835 14253 80553 96008 11766 77931 95327 19670 39412 63622 85610 73119 20629 69304 54635 24253 45196 79370 56085 61640 85112 68858 75799 12765 30734 62636 37249 68370 16670 58642 49517 17499 90816 401 43375 30372 93745 60610 84004 49264 54201 2011 99997 96794 7004 38963 96267 73910 61261 21409 71449 10123 8401 92716 26531 37424 40220 15760 90176 64693 67742 22021 19453 98481 7785 91549 78091 85122 95635 23199 31173 10685 46472 58637 66038 27567 82059 94918 84846 40995 18788 88507 74282 61721 28746 97964 46748 77630 43981 34230 3511 61059 38660 72967 23929 82659 70144 90841 17895 74078 29750 37704 4714 10872 48521 37301 30702 23441 34449 10449 47000 20083 26166 83105 68741 27117 30204 29877 70993 99182 26249 2517 4454
82151 7039 6845 93748 12493 93200 22167 90109 98493 32334 13760 95564 71390 2639 60742 29396 60115 30008 35929 52288 81849 40386 90575 83842 6798 39540 49171 6581 95398 34565 72445 84944 28713 11256 13840 93008 80579 67773 14321 90047 79843 45318 21713 34582 89107 98771 67451 8083 62181 28531 77320 38677 43247 54951 93827 29944 67796 72638 5395 16307 31960 19445 43612 17857 15230 99474 74534 33536 965 93657 17623 55118 25711 49439 51170 62843 14470 39123 86688 36251 12425 64749 21450 72824 19294 64874 85147 49204 53477 83722 36414 92185 36285 96761 84813 13112 63457 64725 33821 60227 14383 9798 79373 73641 70653 9406 13301 84216 96995 77236 66632 38023 38776 59318 33319 57414 23437 93123 71668 35155 69234 13487 85634 64117 60321 42039 26311 4624
8141 80600 71409 97444 26739 10203 77077 41054 78799 37922 75641 20188 32189 72665 94619 38067 31791 30868 62090 33497 86276 44714 60641 94910 43516 63725 63613 48056 98096 36782 11055 37473 49127 28679 99579 51816 33080 24619 72403 61410 34487 70959 8711 13641 25922 46304 92315 43219 49877 13387 38001 31843 71115 95935 14465 51665 12321 59407 13226 41531 80590 85388 28585 40440 25113 3204 88762 22289 25618 61247 25894 62290 2370 39174 90802 87594 25345 77453 88631 6070 89511 73095 89811 91307 87460 11372 69911 78100 23255 48328 36347 70525 94621 78839 98559 40018 86017 25436 24697 15977 5601 78854 87110 98263 48783 58102 84294 90511 89945 15799 6786 29372 6267 69526 294 42052 24206 55962 76910 86795 98017 82468 83046 15084 40013 163 36878 96758
91204 9619 38908 37470 44274 11980 83843 36986 36296 55665 54383 55463 16597 10583 29277 64172 58962 64046 66796 42443 2877 70994 81782 8789 17551 48318 79261 32841 10653 18087 19834 18585 90147 42225 93313 50661 92386 41400 53573 38311 84886 50416 30985 90401 14466 54818 77771 25787 40077 27726 36157 25939 72648 24865 91260 25339 89076 30510 46342 64754 94481 29372 1217 76403 60644 37386 42793 24490 34221 77399 48418 36275 43554 91930 62250 89081 49869 9729 5005 20044 15273 41579 76209 26119 88276 78198 94630 20307 82373 74770 49260 27345 53785 98666 94296 30586 31402 53403 25441 99589 62827 29272 85158 76883 77718 72587 71327 54890 28876 98480 92051 87680 23227 41847 52689 61492 32035 87724 42842 18980 91856 69355 36043 54864 76164 41128 78703 61459
88898 85849 66305 29750 29504 38568 78971 1367 65855 63518 27374 5392 11433 55862 37018 44404 14898 80518 63653 83791 3439 84725 72590 36954 88579 82535 27078 68463 65970 41827 42903 16674 90242 55099 66931 96355 99307 88530 94786 20266 96643 10262 91914 92257 63105 88516 17805 88394 84139 13069 70152 57249 92689 77158 77732 36667 7748 2074 13260 67810 87742 76229 24174 6407 40143 81213 45767 62612 49729 92168 18433 9210 74370 28825 64559 45785 87770 16685 82558 59001 81881 98817 55758 25359 86106 56871 69861 22628 90736 196 42889 91765 16851 68395 90626 47042 93232 48079 77512 8471 81479 49067 61001 94399 53695 13902 60232 14705 3516 94733 80191 31445 13885 3924 84376 7121 35972 81485 15020 99206 24445 8486 93909 60095 56528 24536 72032 85416
36080 56498 10720 23920 75221 21862 5860 77190 1359 59639 44029 57957 53441 82459 75680 61344 43191 81273 58034 7251 58677 41539 88820 42969 62635 85991 83909 26475 80763 51254 87371 94319 43374 38847 57204 2558 86833 62732 133 72628 76957 37509 24890 54204 51474 27118 41070 2351 5230 24870 8834 65664 62132 36977 2684 36642 18286 28544 94854 13263 6646 97504 53415 93963 69876 64323 43219 4861 71226 51755 86432 46741 6801 90523 54242 99248 60348 99390 40071 80936 73299 80841 10480 20330 60805 92243 14394 52221 97033 39409 12097 77133 25916 72032 41594 72170 73189 28621 39579 15535 16766 71426 2877 57852 2457 52591 1761 67804 37587 61381 24664 21267 79066 67919 16862 85595 13448 83190 18608 9707 64530 32933 66768 5069 55147 58778 29115 206
46346 86911 40861 83459 80453 90807 2437 69629 58435 80314 4539 42944 57530 66211 72449 45514 3183 66262 82882 91852 98473 63088 28203 89571 61494 44821 89694 58624 58231 28964 37331 37593 74078 30523 10918 91665 59750 96776 59031 19770 5068 414 64062 40154 38245 24647 41862 75391 85150 73887 64417 13706 73176 52644 95131 86040 94456 43213 82479 18674 26257 50422 83221 85985 50097 19266 89855 22647 98992 54234 58395 46819 34315 48393 30209 81324 18132 26584 38985 62456 41790 70737 93087 43180 94035 88345 80134 71369 37961 52253 45432 51648 77330 94360 35864 59490 58395 61275 4608 71349 77368 5835 79549 27535 30105 65383 44175 78206 64384 89911 94670 84447 12875 18809 74293 13903 27303 5378 20960 55061 56774 67994 46288 19619 18465 50581 59266 23642
20288 95139 51908 97520 80678 41310 85048 36052 80066 41168 2943 55499 41569 28846 8686 61153 6357 98156 87233 83895 79253 2350 33396 88273 38817 1235 29282 8484 6578 84232 15057 76164 69746 32181 13983 11683 41444 67780 92281 72287 15676 57985 18466 20243 26770 268 33660 37968 89546 60418 20344 82739 28775 93745 28220 87761 59043 33939 20605 79556 76650 41701 60967 19326 27522 27523 79392 5094 3620 28249 83840 47632 63945 97414 84892 48493 4803 15896 42703 15380 93796 31479 65694 29178 13538 94505 80668 36619 21843 65230 94701 62483 91442 86745 78719 21632 71326 99617 5022 15914 17871 1094 65989 12960 64606 96092 81582 70376 41261 85660 5726 8277 24034 47296 44847 89275 62833 30476 84690 61715 41165 94424 18702 61850 55605 54090 93551 80888
14774 15425 70597 78345 97244 76477 31169 66629 61193 8347 48495 77411 79416 94713 52222 52394 84730 46399 99018 72321 65785 53618 36802 496 9533 65241 49285 69976 55949 52920 81985 1961 20152 72470 38380 95892 44261 75073 448 86986 27224 14673 31136 73575 27629 47720 50360 24359 2355 94160 80151 67704 3852 69051 38872 18493 86540 27633 86681 96328 51177 91382 14344 52492 42330 7515 5024 2899 23704 14732 27845 78180 73529 42445 39414 93562 51420 93775 73370 62073 77312 76649 19048 22312 42296 32479 35569 4056 56847 96961 42037 12311 60606 81380 36705 30642 31323 95071 56034 17591 95023 37071 7997 89975 31440 18270 51106 92798 83874 22354 38547 5658 19597 23229 83971 47981 87018 82275 64649 47588 4787 62090 38891 71926 24189 51844 15991 20211
75061 45592 52874 44319 28054 52824 65320 73953 70567 40024 56602 70519 28822 24810 4590 48958 77800 56596 32337 94077 89068 26040 198 14199 58564 45813 62613 30271 72730 23386 83511 58820 12783 83175 56222 30056 1732 6742 41355 27325 21005 99354 22820 7860 2656 63594 50672 9217 75714 25607 12226 32722 45528 93500 18349 96190 33061 45572 46802 77229 90746 15810 1541 46381 34150 97601 48100 14979 89868 75712 68209 24948 83880 76870 32338 61855 79133 2223 51626 14515 24441 17987 76824 75643 32226 28193 15747 53802 5138 44111 21332 66491 26989 28976 6428 23279 63766 20755 58016 34665 37236 81273 84652 86692 64008 11960 45788 59554 17646 545 72337 98738 78565 93411 10455 73105 71854 78113 13677 16 33443 63090 10015 58836 85823 99336 37002 82693
66114 33436 70261 2759 91974 40392 38526 27579 75348 82929 3350 74855 68783 29813 40551 23395 24631 73222 88694 70833 70760 82368 32786 84985 41113 36039 25376 70232 53053 56427 89064 38833 83834 89950 26924 7209 13056 31790 11902 48244 746 66225 38120 96103 51847 57412 53032 31155 62329 31486 13113 14378 55406 47835 51721 40408 56938 22820 54040 59558 49232 62723 37014 942 22558 71088 74455 74264 11408 18288 50215 83567 85219 24692 148 17490 16018 34426 3327 41060 91491 21696 99751 3070 44695 31154 82415 42836 84416 87302 21992 14130 58554 17478 91177 82327 34253 82878 69754 15491 88415 84007 76291 21411 30663 30649 93129 79556 30089 60072 10541 19280 21668 62850 24852 52736 31374 86321 74818 73557 46172 47205 35077 23052 1344 46894 16673 48171
43182 53813 16558 82865 31614 20126 81160 1912 52806 76651 36171 52835 36261 84733 55713 93786 58613 92611 68728 46006 14582 13876 26913 95818 93623 11970 90785 66518 97204 86116 99449 72568 34011 56533 11124 9344 31178 2285 87485 36978 65602 82594 35831 54578 25678 78092 66373 41988 94802 46376 20150 46592 86522 74545 64315 41546 23967 35973 26806 14968 70090 66897 42309 49515 9829 8662 58298 90858 53141 53156 34853 34172 54231 47709 11705 43648 94512 4040 2796 95149 97467 13348 76119 37113 80754 43975 21224 1075 96441 89388 71820 10687 15478 69474 24536 73268 16410 16594 57478 68316 25449 76133 53934 27571 22 57717 1829 10656 5746 16968 42129 64384 4761 47655 28782 56308 71281 95799 97586 60193 62877 24768 53268 44390 11439 71010 31842 79189
11301 79192 35873 35653 38103 91784 15669 99980 22029 10823 27149 75772 2851 2130 15953 60275 1959 83928 6230 78412 32499 67614 48935 36202 36955 92754 36974 37505 8337 31928 28320 59773 80613 93822 65633 23625 75727 94623 53639 81055 44879 23464 69143 89708 14933 63712 8266 40897 6766 49889 25206 60939 16281 96762 72498 13414 33792 13946 38373 97762 91697 71651 19105 71058 37573 62100 47537 32738 408 78260 23053 97185 94642 3685 58694 58802 3985 39 78605 47430 10141 80988 86687 79378 63497 88471 98324 14805 89567 37883 2437 17300 99052 8809 54598 73328 84283 53700 70477 84500 95937 1541 79762 76697 77919 17890 71581 23855 79955 60609 96438 6939 65536 72217 71350 11813 98246 93376 59455 97368 17930 3916 96054 67778 97983 92634 92251 62898
56552 62371 65524 20968 80354 15869 50460 64788 67439 84753 29775 51935 76507 53377 14663 61677 22874 62060 81568 98024 86509 92814 62338 54710 6686 10304 81384 76353 95118 99336 47708 4763 54753 97549 98227 62045 92566 39347 14775 46814 29727 7704 19855 93314 56971 88255 17850 92955 17402 73193 7889 75988 21959 51689 86157 66724 36914 87347 59791 28473 98061 38978 86848 57570 49657 9899 84675 80142 19238 11084 16548 92212 51290 12578 24287 48841 28510 3714 85331 49884 16050 54431 30749 61084 18854 61403 13700 63621 26222 55589 8030 39637 93905 49338 72262 56750 90365 67466 49266 45876 90246 50011 11848 60176 73870 2312 13840 57565 79089 55778 93634 56588 81184 60311 28687 72779 9608 91178 80204 84003 2319 91036 49552 72809 14063 88259 21946 18803
43514 67096 29626 21091 28385 20885 22471 3817 57417 15370 45988 42349 20484 74295 57117 41249 31564 12304 28758 71939 15954 75816 46769 89881 312 8286 65481 9590 22577 87869 83695 50756 23601 44396 59405 39563 2593 15719 45946 91264 75720 98732 35409 70335 83411 6008 3418 71917 81961 59208 36826 90585 68159 32602 78430 29717 8456 71638 88886 49911 56733 75090 42061 24239 18867 24238 38365 17880 44383 91683 67185 53356 77292 95755 31321 27147 20542 11139 5103 53611 80544 14988 72659 46053 21024 23852 64986 79950 33947 88411 34271 30626 71482 1291 71663 26211 76525 46097 41457 84373 48356 69599 74720 69791 78691 46880 96029 90681 32262 54030 20329 28011 9800 83184 65592 4992 64110 1075 76183 58065 15085 70357 44236 24391 74614 38795 95694 88963
95652 60632 45839 89825 59356 17922 80094 87485 16171 14058 47373 58575 7221 88671 7972 31862 87997 23714 6596 68057 26626 68931 57269 1159 62168 4288 79013 24880 32856 69408 58845 42116 41167 53989 86824 38775 20572 94787 24919 30467 90809 11661 11016 9261 76266 33735 87680 35483 71955 61866 4360 83148 24812 45714 60997 99763 65690 79673 54870 88699 23582 11225 56543 67672 87235 1822 13108 55023 8983 36275 66451 86207 66677 43066 51132 5094 54192 17165 75948 69794 23251 75767 63661 86058 5546 12080 22451 92599 36415 19645 94094 88783 40343 12909 22059 44170 30424 47536 74337 30044 36944 63672 32701 288 94404 70294 97253 53315 1493 90854 86434 40747 47006 25573 79494 92407 87914 59202 56488 32863 23486 9127 84882 35694 90381 60796 20844 83062
30275 66167 6502 67628 87999 91450 98313 31569 91764 74880 97548 25199 22719 63331 93709 52011 33531 27413 13000 1925 95731 30686 15071 50642 36374 83281 43063 706 28543 18734 65625 58733 90443 79860 43165 87648 73366 57660 19773 38721 17050 7457 72279 17797 82806 12287 37596 55437 95564 18593 64217 3369 68427 46249 94681 67137 82925 12515 50620 49914 8575 88807 36259 63749 25764 4591 1333 99030 35632 82127 45576 15523 18813 71113 29670 97967 66521 68699 18308 85465 27748 46405 23252 23892 26403 1685 84107 96243 21583 90575 25624 76603 81986 56629 82789 73785 8502 93732 68765 63860 3566 12668 13073 3353 69014 91017 51919 29820 60726 38574 17908 16632 66095 1489 19809 49102 86532 21369 18961 31623 65017 14112 70559 54266 34231 36209 40744 60237
42698 59628 26310 15003 62102 14367 82005 6373 77497 26021 41161 88874 84408 5761 73207 94873 92810 17136 76378 53362 77898 29916 74834 97201 81704 70356 76046 36200 77599 46692 83060 42465 36223 1096 77815 64112 45179 67417 19258 29619 13715 61266 28451 30065 10352 19826 91604 29427 36750 23813 43379 72863 18502 66695 70412 22582 29332 33391 7118 90733 93183 69563 22312 38808 816 84996 78755 66162 19674 45784 25278 68867 54378 92855 80614 35854 49108 59374 74246 12660 43482 6584 49912 26945 95691 32574 79299 4440 75879 45177 69659 9437 90786 63275 79182 1950 5039 96049 66047 38857 42232 44027 12855 43136 53727 17067 11880 43195 98432 11589 57530 61567 30887 86506 36061 59553 29242 90036 91403 79514 2549 87763 21104 90900 35339 37072 79582 9467
84139 50987 80069 63534 41357 99415 60122 90617 44530 73461 971 43807 64066 43970 42617 67126 1671 77968 48846 41034 89954 6271 82691 69601 72710 91632 88514 68135 95065 30617 95358 29410 33270 6323 21157 96923 28972 14853 40870 8577 66574 72965 56101 37750 39311 7130 64181 66086 96872 44827 40422 43144 12392 28831 43439 59657 31708 72656 95554 23291 50121 78098 82483 33454 5472 16216 70421 27518 14949 4176 46178 40620 81441 18010 91703 57836 90328 91073 66846 39459 39242 78605 68995 96570 99484 89210 2310 54969 63771 16271 78418 62517 68454 29223 16616 30560 55605 65691 60033 28242 66158 81182 481 62307 99685 7040 25489 41786 97981 84718 99385 95585 55278 37696 5451 29063 51363 43695 75346 35979 81640 64820 33386 98639 84563 46977 29043 22806
62023 40238 71379 44677 70836 33582 43384 25698 78153 77721 31772 97517 25773 11559 23544 52366 56101 58363 9803 18130 58197 91621 7233 75741 36377 4338 50513 19994 31433 92432 96377 91442 86775 24740 24072 42102 24274 81074 60348 41196 17596 94501 99706 35808 87474 7622 30725 4317 94753 65981 18406 7852 70452 57602 98776 75697 19147 32790 54470 55330 33522 88338 61942 77377 18270 92361 82060 59802 14205 44577 67494 29652 27079 84687 63020 24697 18798 72616 8305 10721 58566 73399 91227 89889 57847 62316 88904 23549 34201 72998 38951 10010 57891 65643 85683 99733 76789 39710 13094 42222 54929 221 73012 28777 71171 26619 11227 13490 32815 81005 42984 82556 48464 2701 15130 75555 81298 1590 79384 94977 39275 75799 61823 17426 95520 62347 45159 30615
22750 97306 40087 31883 97076 87274 20599 37077 86723 11775 32405 76714 85132 50554 85163 69658 24425 94518 87171 35092 36357 9862 90637 51648 35642 72231 89957 32120 31921 51674 89829 78507 70291 61131 62966 12758 88816 31555 78307 63717 8755 47781 24985 30815 15883 89941 68894 3452 91752 15565 53617 97349 19758 70419 41410 85940 49420 6980 53453 10542 9062 88035 51808 63648 58598 84679 26240 66154 52709 23034 65678 1416 80410 73744 6780 50209 26679 10521 6956 39299 57588 56658 89638 17185 29183 30745 9994 46830 71162 57429 92244 89901 80883 87577 47816 55896 31218 25717 66294 87488 73809 57460 83476 88247 790 64372 53195 65301 24596 95163 83775 7181 64598 94356 17617 90134 9541 8810 7082 57628 35508 98352 20834 32701 29458 96689 8358 77067
77847 25875 39210 59930 11333 25682 3828 23307 69269 11104 99164 75988 7575 37129 21763 7337 86120 14106 97101 17024 22817 51181 56344 27619 74689 55508 88799 51538 49934 50382 98603 15550 49066 52017 34135 97666 7918 96710 27373 77048 98134 35474 96578 33196 33960 29217 93366 13168 26721 39485 92410 46501 1714 12997 5853 71765 90545 15409 83140 23389 51183 4278 55412 47328 18520 66855 95368 36668 76901 1089 79234 48435 20044 57007 30171 47021 6031 72742 97170 82824 96401 82123 31795 74383 54317 3558 66145 75681 80289 7180 42858 97771 33606 16005 53058 6231 83196 93115 98974 98334 3531 66772 62580 21881 3722 56405 20938 90427 86815 92854 20856 38115 89412 22866 59511 27057 40690 17538 47108 38695 83270 44660 22792 17115 39441 77610 23094 98005
87032 48832 3072 99249 89525 28423 60579 72534 47568 36477 29851 55441 70293 59304 92934 30149 86510 14787 72277 66916 71664 3732 24960 34154 82135 52305 34187 35893 13625 62379 70608 65985 33758 7735 11623 15972 24614 42320 82316 96067 72505 19239 51351 35514 68168 82310 57665 20467 47887 93262 68212 95678 90966 37253 75172 3558 62470 21284 67045 16853 28927 31787 39647 12736 47693 85043 99503 41011 99667 40674 58154 13242 14060 56947 48539 6453 15606 39789 99386 77012 45816 55628 66226 73617 57780 57773 85081 57706 57434 54593 97472 93698 51278 27157 92847 47379 92465 69601 33099 82646 49655 1527 16487 18037 60220 99806 20328 92552 98931 21744 83217 76707 66699 77439 48885 50822 87927 51394 63535 29493 48750 71010 24687 8867 753 18869 91967 31219
86438 19326 26254 3011 95428 15319 20105 33469 93785 87612 46914 26561 41530 23649 96802 9493 41420 60588 43541 95830 6130 53548 19225 50354 30688 77642 59485 24750 31020 32378 91368 22611 33860 25274 59844 48968 54249 5085 60132 23586 31970 69002 36378 7771 64462 92118 91493 34885 89466 87554 7708 48487 67500 18812 44990 37359 65181 93618 44952 68233 74360 91582 94240 7257 20482 24845 86814 14196 70486 80510 42351 5449 37551 25799 98422 81716 79451 36852 75208 43267 22825 70914 92505 23891 33182 66634 59938 36385 20378 11532 14789 18662 5851 35446 94115 73705 26170 40685 13803 25206 3465 23735 23961 58769 15623 80529 49588 54778 95063 58249 9073 87147 75224 39326 60115 81644 4691 86954 61646 812 78027 61380 41198 68364 4645 65093 25135 8629
11767 52449 94976 46096 68751 10738 60584 69857 83261 82862 20619 9169 80020 98748 3930 92602 83307 61911 91870 2111 14883 41275 39134 46814 50442 61190 75377 64379 98804 24245 67457 72297 67530 23523 69457 97817 55124 10637 4332 23340 7737 2325 9823 97909 36841 32759 60370 6187 90586 67811 67194 19464 19416 98061 90030 91600 81679 34618 5602 24527 22455 41670 98447 62740 98311 6806 79754 78278 5645 79289 75084 36294 80003 74532 38122 32733 6136 76607 34251 93950 94474 26850 147 47248 99671 65173 71276 9275 88158 52870 78181 36165 33216 79823 4173 42251 79752 23439 18873 88004 13511 66607 74227 35911 41096 10749 81616 9310 34297 84126 28992 63084 19634 28492 32053 24875 73821 18174 45287 35841 69573 54357 40555 67152 45563 69217 69537 4231
84145 53320 16513 3277 84499 30295 96847 39907 8203 71466 82018 88476 32407 55878 29792 67725 63198 6078 93518 79847 37755 59234 69242 38755 55229 47761 17874 97869 97241 44116 16721 13705 68652 5149 19242 56972 59106 61173 36322 22073 68424 85736 55776 11791 81280 76601 47851 93015 833 63735 53013 24175 38695 44929 3804 27961 24163 46329 72511 10608 71750 22492 95052 38089 40814 78783 73892 30051 1097 37236 96360 56299 42728 45524 22963 23053 8640 36332 59758 2501 21091 59527 84436 63987 9504 28821 46173 85868 48741 53425 61760 64468 36689 5271 82884 31329 67063 58362 97254 66250 90004 67450 88417 73548 10390 37892 35096 51693 92685 66466 87178 56613 68398 25902 23003 82976 26141 50107 16651 65615 35267 31019 14354 298 60844 39426 3148 36872
89335 25054 41854 65735 78008 22446 32357 17484 75057 16683 72469 57623 47288 31723 4905 96809 87957 27957 65928 4390 43260 43038 92626 65117 64436 46778 24499 66569 92075 37064 50805 1808 6607 77818 15774 1363 78801 25730 24943 4032 75988 33867 69433 12039 58062 99830 34792 77493 56941 20209 87267 863 58975 78906 20266 71972 87811 1308 2034 91633 26916 86486 56832 75381 75698 39157 64116 17883 82536 21559 42094 56408 31508 4919 97811 18224 8808 46412 40752 81524 84891 26217 9100 48735 34308 30871 27269 48606 85626 73174 91129 18333 54654 69096 21927 41673 65650 68751 23579 90279 74824 6261 51715 61565 73017 87324 19265 7485 7156 49409 10145 69178 52071 62568 89499 57581 80344 55824 63481 19627 77785 73688 2773 24671 67479 59311 71037 70182
24252 36034 59132 18444 84371 29489 72914 74914 36558 91957 8683 67491 90560 22231 57291 28042 36980 48998 95060 84305 20344 24817 97868 33904 5567 67456 80747 7133 52252 81314 21707 18110 2603 67084 93060 87026 67635 85940 85477 28497 82918 97689 41061 13320 83999 19927 12384 90141 856 84230 97838 35730 64916 48161 94840 59696 86353 43567 93469 86856 80477 57381 63505 39652 18853 97172 45942 21528 82605 40289 15968 59282 4959 62422 31036 62665 79861 15960 78802 1541 52520 22650 76435 89014 62603 57031 72101 3203 36312 72454 15393 91143 46658 38250 76164 55073 95701 91582 63903 64608 14624 84400 38751 23353 82148 30577 49583 71220 73396 27078 94225 60425 23702 82488 6697 77691 77694 67093 59145 29617 10884 41892 55519 92778 4868 16805 55077 34508
93942 48860 61539 61746 10405 92761 80032 19988 51367 72205 16092 47421 38564 90292 63638 75052 86328 38998 97774 24778 30627 89847 42999 35606 94907 87531 73946 96848 20883 64376 43854 70080 23775 17083 98753 36014 78921 89082 18799 8621 37619 83739 1317 3982 6996 41348 96064 16744 50502 61844 8941 4763 73724 81418 63632 6239 56106 63724 22329 90554 62420 85754 59125 74706 48115 32660 18135 49302 14766 94420 85451 18945 161 95406 82021 2206 29358 97924 36541 32851 84318 73640 35427 20432 81271 48439 89632 95666 36526 33473 7098 59329 13245 3978 91643 51971 2566 26742 65298 86172 21764 24968 88154 98625 41508 76766 57651 46606 59781 97554 47931 58323 38159 58798 73286 45026 26216 14448 87503 90909 8977 10991 50887 36421 56258 76659 14759 18380
48425 10399 50085 31559 24580 57056 37725 95566 14549 83110 71534 42025 32164 99918 8808 23734 45990 61966 16510 37554 28974 76315 5339 55285 18302 26853 26529 82903 87803 60418 89308 11283 40794 41639 836 74532 17992 65947 43996 14128 31841 41882 53668 8948 33078 12951 91881 40283 47619 86367 43420 74011 77322 573 5991 10670 2985 83105 93646 58175 67461 86539 56214 28767 93185 21737 77748 13637 89004 72098 86762 56686 101 37218 45751 17888 1331 66747 8951 45036 5781 15264 39560 10847 6962 61456 93844 30148 11749 55497 29475 39925 44045 43096 28276 65752 60852 60902 82634 83343 63414 46692 20083 25080 31722 52025 83914 16105 29035 70934 98185 59697 30206 10223 24778 93357 77934 46146 83626 36371 76617 28545 60309 5776 10612 85091 57423 61104
1844 9211 32627 88625 69177 86189 13290 41695 71111 82341 1346 44384 50020 25570 15372 95833 48550 4946 34167 21317 68417 73526 80487 95996 27753 88289 606 17577 41158 26821 36820 17845 1911 14025 57826 63714 93147 63017 13680 70412 41674 35448 96890 78246 15069 14196 36813 35944 52018 9602 40570 35029 14485 50135 27379 46010 14614 38599 5139 57426 49723 53342 54797 77768 10875 75898 60981 14305 31069 30306 36786 7719 29656 96749 76106 68773 61987 20889 56700 18943 43828 44690 95510 60032 21946 51786 56344 64887 86072 64300 80221 7766 9624 23513 31110 86199 19932 91223 74008 38308 75632 10672 72784 94257 92130 7148 44670 2200 11261 56224 95960 73415 59328 13676 81554 14730 9979 95983 75895 20926 1758 3379 15558 80692 6546 23524 40021 72021
19297 74422 33816 20824 85234 54509 10061 84926 92735 57912 18381 47073 65080 27862 47393 3822 77227 48790 74291 5090 49718 9175 52326 56686 73827 5628 37712 5697 49825 93668 36167 76716 68782 44312 79431 91642 58759 69068 20807 65271 13045 86980 60815 15426 57547 86687 86066 23356 82942 4911 25487 41607 84509 82208 18525 62543 51957 67632 27606 13193 26863 71778 49626 88669 32134 69977 1954 89969 67458 57298 21857 52743 49355 47766 125 79801 56642 69849 39859 9675 38318 49676 36237 18025 67399 67748 44656 74347 35739 39452 749 87759 50880 51597 80278 36042 81219 25884 92921 47130 90803 38296 2178 46582 79926 91570 34572 65197 31079 83238 17623 13875 42480 15964 85646 89351 90276 71103 91056 94018 49810 84353 5044 92555 74119 15526 26799 59282
78240 97031 53340 95579 67956 88848 64826 12426 60668 31088 86097 24010 47367 7948 38802 34880 27667 64207 64244 1245 71837 40196 64619 81541 35830 22311 4906 63890 86315 45020 63457 68070 81330 20933 483 57339 32145 24620 88975 76860 31241 1221 75978 31663 17492 39495 9895 30551 48672 75528 96356 19133 99670 42999 19962 42149 63498 31515 80409 39536 32537 92989 39575 58642 18998 47033 83943 74961 99900 27990 15614 22305 10778 52877 96071 79605 24220 87204 89352 26978 51379 61148 21561 35492 45143 27669 99549 50061 21942 29763 15651 32610 47934 77182 67198 69905 40588 48476 40149 63365 31287 66206 40150 98468 45133 97933 43655 43415 30190 68298 85779 26532 28146 32743 72125 7363 25031 30271 66476 25503 76650 23897 79000 30442 34835 59396 75860 84505
78270 27143 96474 21071 5410 35274 41199 12537 98624 535 63665 19942 45549 55836 11470 92118 42931 13536 95899 22594 67097 80225 21129 23361 18841 94286 9234 90480 79325 30622 29612 62630 29963 94471 41190 22999 62715 27791 91623 90894 32701 95835 34214 25348 58791 14072 97537 35559 40172 7233 62903 9382 7601 26890 31743 64519 86679 9075 33372 65416 4634 65845 46446 79476 9484 32731 89671 70166 26873 40128 45850 14497 94045 14143 49325 43004 60440 42207 30606 39968 21131 29548 41793 60885 69706 85523 68985 91339 94408 59321 65438 20279 9845 72082 51341 72662 50863 26917 96369 13446 79739 27658 24448 19167 89589 62114 36394 68653 38656 10420 40946 11416 56461 76587 38460 70296 51104 30898 63908 50189 17675 43424 4474 92762 20146 72356 49273 58481
53637 99312 90270 29112 37589 61651 63282 96196 77049 9119 1033 64852 53902 94988 73230 39473 81891 30294 84156 67947 8843 73225 50691 90283 78798 32712 36138 14663 73798 22771 76492 49789 85111 33406 99052 42226 30850 73300 9226 33455 80982 87502 314 50031 44133 28443 18256 19524 72114 27078 64232 97730 7935 38327 10915 68179 26263 3813 81279 83600 22387 99652 23760 32272 14018 22727 35299 39212 86454 32496 55643 87197 98448 27199 22690 42079 2739 77214 81447 78190 42617 3954 30807 55503 46392 85934 55631 19994 99878 99648 1388 80909 88991 19594 46806 71649 66913 69535 56127 92133 82891 61816 35561 99949 3470 82196 41169 44234 26062 645 75868 31758 29589 67812 88187 23242 97573 59379 42884 83642 62401 99927 44844 45323 20024 54668 75548 8171
73974 2881 18317 90022 68167 78282 74988 81315 62044 38113 82497 95163 74945 43278 8606 30641 91830 23330 34761 18546 54878 59979 27071 98262 36279 58632 98015 41817 89460 89614 17340 36465 59784 36948 70209 26567 11495 91789 2400 97358 14302 74959 17219 25657 81657 12041 45690 52008 79306 4917 96828 8353 79785 82377 29688 83075 73252 43297 35874 42435 16849 78206 16197 52920 63227 57520 85564 3680 72762 29801 99677 63675 10012 82914 51923 86164 46852 58647 37103 39726 71860 15175 75002 87894 89510 8681 21306 69991 29755 33463 5331 91309 17671 31077 9278 92223 84003 59255 35934 39007 2182 97052 62303 6265 57969 57838 99553 10203 5449 21221 81133 78512 40320 83979 3854 66652 64711 97143 29090 2698 73763 54158 68973 49023 27163 68483 57756 72443
1259307 1365604 1270965 827798 83204 807190 699258 1289696 261464 1571860 973798 410541 821388 496606 1157331 763519 872916 145844 1404877 1246774 367247 1313176 173697 190838 641681 519878 774255 653313 46094 269278 1098461 1342668 1123967 41477 432814 90347 596858 1260194 460653 571280 732022 1033415 763213 1180559 267562 500426 483041 255890 969169 1058005 761568 86244 897932 1249669 986178 382951 616820 1355789 648464 270741 1640753 339064 153369 944973 809289 962665 1350608 1009397 1101718 134432 654177 790593 768047 1120651 531093 796763 471240 1109119 1154391 531800 866584 924482 1128242 218421 1425257 770357 1134142 1297536 547361 947054 108410 913130 1221192 575913 829390 336437 932606 252300 1083960 1054110 431380 499175 758109 7335 581670 1368690 865692 1101310 467422 762755 527878 533236 1400331 1157029 875242 753149 340908 1061206 575239 322378 15274 617814 170293 676994 518091 1315310 1122126 955235
