64
0 1 1 1 1 1 1 1 1 1 1 1 1 1 1 1 1 1 1 1 0 1 0 1 1 1 1 1 1 1 1 1 1 1 1 1 0 1 1 1 1 1 0 1 1 1 1 1 1 1 1 1 1 1 1 1 1 1 1 1 1 0 1 0
1 0 1 1 1 1 1 1 1 1 1 1 1 1 1 1 1 1 1 1 1 1 1 1 1 1 1 1 1 1 1 1 0 1 1 1 1 1 1 1 0 1 1 1 1 1 1 1 1 1 0 1 1 0 1 1 1 1 1 1 1 1 1 1
1 1 0 1 1 1 1 1 1 1 1 1 1 1 1 1 1 1 1 1 1 1 0 1 1 1 1 1 1 1 1 1 1 1 1 1 1 1 0 1 1 1 1 1 1 1 1 1 1 1 1 1 1 1 1 1 1 1 1 1 1 1 1 1
1 1 1 0 1 1 1 1 1 1 1 1 1 1 1 1 1 1 1 1 1 1 1 1 1 1 1 1 0 1 1 1 1 1 1 1 1 1 1 1 1 1 1 1 1 1 1 1 1 1 1 1 1 1 1 1 1 1 1 1 1 1 1 1
1 1 1 1 0 1 1 1 1 1 1 1 1 1 1 1 1 1 1 1 1 1 1 1 1 1 1 1 0 1 1 1 1 1 1 1 1 1 1 1 1 1 1 1 1 1 1 1 1 1 1 1 1 1 1 1 1 1 1 1 1 1 1 1
1 1 1 1 1 0 1 1 0 1 1 1 1 1 1 1 1 1 1 1 1 1 1 1 1 1 1 1 1 1 1 1 1 1 1 1 0 1 1 1 1 1 1 1 1 1 1 1 1 1 1 1 1 1 1 1 1 1 1 1 1 1 1 1
1 1 1 1 1 1 0 1 1 1 1 1 1 1 1 1 1 1 1 1 1 1 1 1 1 1 1 1 1 1 1 1 1 1 1 1 1 1 1 1 1 1 1 1 1 1 1 1 1 1 0 1 1 1 1 1 1 1 1 1 0 1 1 1
1 1 1 1 1 1 1 0 1 1 1 1 1 1 1 1 1 1 1 1 1 1 1 1 1 1 1 1 1 1 1 1 1 1 0 1 1 1 1 1 1 1 1 1 1 1 1 1 1 0 1 1 1 1 1 1 1 1 1 1 1 1 1 1
1 1 1 1 1 0 1 1 0 1 1 1 1 1 1 1 1 1 1 1 1 1 1 1 1 1 1 1 1 1 1 1 1 1 1 1 1 1 1 1 1 1 1 1 1 1 1 1 1 1 1 1 1 1 1 1 1 1 1 1 1 1 1 1
1 1 1 1 1 1 1 1 1 0 0 1 1 1 1 1 1 1 1 1 1 1 1 1 0 1 1 1 1 1 0 1 1 1 0 1 1 1 1 1 1 1 1 1 1 1 1 1 1 1 1 1 1 1 1 1 1 1 1 1 0 1 1 1
1 1 1 1 1 1 1 1 1 0 0 1 1 1 1 1 1 1 1 1 1 1 1 1 1 0 1 1 1 1 1 1 1 1 1 1 1 1 1 1 1 1 1 1 1 1 1 1 1 0 1 1 1 0 1 1 1 1 1 1 1 1 1 1
1 1 1 1 1 1 1 1 1 1 1 0 1 1 1 1 1 1 1 1 1 1 1 1 1 1 0 1 1 1 1 1 1 1 1 1 1 0 1 1 1 1 1 1 1 1 1 1 1 1 1 1 1 1 1 1 1 1 1 0 1 1 1 1
1 1 1 1 1 1 1 1 1 1 1 1 0 1 1 0 0 1 0 1 1 1 1 1 1 1 0 1 1 1 1 1 1 1 1 1 1 1 1 1 1 1 1 1 1 1 1 1 1 1 1 1 1 0 1 1 1 1 1 1 1 1 1 1
1 1 1 1 1 1 1 1 1 1 1 1 1 0 1 0 1 1 1 1 1 1 1 1 1 1 1 1 1 1 1 1 1 1 1 1 1 1 1 1 1 1 1 1 1 1 1 1 1 1 1 1 1 1 1 1 1 1 1 1 1 1 1 1
1 1 1 1 1 1 1 1 1 1 1 1 1 1 0 1 1 1 1 1 1 1 1 1 1 1 1 1 1 1 1 0 1 1 1 1 1 1 1 1 1 1 1 1 1 1 1 1 1 1 1 1 1 1 1 1 1 1 1 1 1 1 1 0
1 1 1 1 1 1 1 1 1 1 1 1 0 0 1 0 1 1 1 1 1 1 1 1 1 1 1 1 1 1 1 1 1 1 1 1 1 1 1 0 1 1 1 1 1 1 1 0 1 0 0 1 1 1 1 1 1 1 1 1 1 1 1 1
1 1 1 1 1 1 1 1 1 1 1 1 0 1 1 1 0 1 1 1 1 1 1 1 1 1 0 1 1 1 1 1 1 1 1 1 1 1 1 0 1 1 1 0 1 1 1 1 1 1 1 1 1 1 1 1 1 1 1 1 1 1 1 1
1 1 1 1 1 1 1 1 1 1 1 1 1 1 1 1 1 0 1 1 1 1 1 1 1 1 1 1 1 1 1 1 1 1 1 1 1 1 1 1 0 1 1 1 1 1 1 1 1 1 1 1 1 1 1 1 1 1 1 1 1 1 1 1
1 1 1 1 1 1 1 1 1 1 1 1 0 1 1 1 1 1 0 1 0 1 1 1 1 1 1 1 1 1 1 1 0 1 1 0 1 1 1 1 1 1 1 1 1 1 1 1 1 1 1 1 1 1 1 1 1 1 1 1 1 1 1 1
1 1 1 1 1 1 1 1 1 1 1 1 1 1 1 1 1 1 1 0 1 1 1 1 1 1 1 1 1 1 1 1 1 1 1 1 1 1 1 1 1 1 0 1 1 1 1 1 1 1 1 1 1 1 1 1 1 1 1 1 1 1 1 1
0 1 1 1 1 1 1 1 1 1 1 1 1 1 1 1 1 1 0 1 0 1 1 1 1 1 1 1 1 1 1 1 1 1 1 1 1 1 1 1 1 1 0 1 1 1 1 1 1 1 0 1 1 1 1 1 1 1 1 0 1 1 1 1
1 1 1 1 1 1 1 1 1 1 1 1 1 1 1 1 1 1 1 1 1 0 1 1 1 1 1 0 0 0 1 1 1 1 1 1 1 1 1 1 1 1 1 1 1 1 1 0 1 1 1 1 1 1 1 0 1 1 1 1 1 1 1 1
0 1 0 1 1 1 1 1 1 1 1 1 1 1 1 1 1 1 1 1 1 1 0 1 1 1 1 1 1 1 1 1 1 1 1 0 1 1 1 1 1 1 1 1 1 1 1 1 1 1 1 1 1 1 1 1 0 1 1 1 1 1 1 1
1 1 1 1 1 1 1 1 1 1 1 1 1 1 1 1 1 1 1 1 1 1 1 0 1 1 1 1 1 1 1 0 1 1 1 1 1 1 1 1 1 0 1 1 1 1 1 1 0 1 1 1 0 1 1 1 1 1 1 1 1 0 1 1
1 1 1 1 1 1 1 1 1 0 1 1 1 1 1 1 1 1 1 1 1 1 1 1 0 1 1 1 1 1 1 1 1 1 1 1 1 1 1 1 1 1 1 1 1 1 1 0 1 1 1 1 1 1 1 1 1 1 0 1 1 1 1 1
1 1 1 1 1 1 1 1 1 1 0 1 1 1 1 1 1 1 1 1 1 1 1 1 1 0 1 1 1 1 1 1 1 1 1 1 1 1 1 1 1 1 1 1 1 1 1 1 1 1 1 1 1 1 1 1 1 1 1 1 1 1 1 1
1 1 1 1 1 1 1 1 1 1 1 0 0 1 1 1 0 1 1 1 1 1 1 1 1 1 0 1 1 1 1 1 1 0 1 1 1 1 1 0 1 1 1 1 1 1 1 1 1 1 1 1 1 1 1 1 1 1 1 1 1 1 1 1
1 1 1 1 1 1 1 1 1 1 1 1 1 1 1 1 1 1 1 1 1 0 1 1 1 1 1 0 0 1 1 1 1 1 1 1 1 1 1 1 1 1 1 1 1 1 1 1 1 1 1 1 1 1 1 1 1 1 1 1 1 1 1 1
1 1 1 0 0 1 1 1 1 1 1 1 1 1 1 1 1 1 1 1 1 0 1 1 1 1 1 0 0 0 1 1 1 1 1 1 1 1 1 1 1 1 1 1 1 1 1 0 1 1 1 1 1 1 1 1 1 1 1 1 1 1 1 1
1 1 1 1 1 1 1 1 1 1 1 1 1 1 1 1 1 1 1 1 1 0 1 1 1 1 1 1 0 0 1 1 1 1 1 1 1 1 0 1 1 1 1 1 1 1 1 1 0 1 1 1 1 1 1 1 1 1 1 1 1 1 1 1
1 1 1 1 1 1 1 1 1 0 1 1 1 1 1 1 1 1 1 1 1 1 1 1 1 1 1 1 1 1 0 1 1 1 1 1 1 1 1 0 1 1 1 1 1 1 1 1 1 1 1 1 0 1 1 1 1 1 1 1 1 1 1 1
1 1 1 1 1 1 1 1 1 1 1 1 1 1 0 1 1 1 1 1 1 1 1 0 1 1 1 1 1 1 1 0 1 1 1 1 0 1 1 1 1 1 1 1 0 1 0 1 1 1 1 1 1 0 1 1 1 0 1 1 1 1 1 1
1 0 1 1 1 1 1 1 1 1 1 1 1 1 1 1 1 1 0 1 1 1 1 1 1 1 1 1 1 1 1 1 0 1 1 1 1 1 1 1 1 1 1 1 1 0 1 1 1 1 1 1 1 1 1 1 1 1 1 1 1 1 1 1
1 1 1 1 1 1 1 1 1 1 1 1 1 1 1 1 1 1 1 1 1 1 1 1 1 1 0 1 1 1 1 1 1 0 1 1 1 1 1 1 0 1 1 1 1 1 1 1 1 1 1 1 1 1 1 1 1 1 1 1 0 1 1 1
1 1 1 1 1 1 1 0 1 0 1 1 1 1 1 1 1 1 1 1 1 1 1 1 1 1 1 1 1 1 1 1 1 1 0 1 1 1 1 1 1 1 1 1 1 1 1 1 1 1 1 1 1 1 1 1 1 1 1 1 1 1 1 1
1 1 1 1 1 1 1 1 1 1 1 1 1 1 1 1 1 1 0 1 1 1 0 1 1 1 1 1 1 1 1 1 1 1 1 0 1 1 0 1 1 1 1 1 1 1 1 1 1 1 1 1 1 1 1 1 1 1 1 1 1 1 1 1
0 1 1 1 1 0 1 1 1 1 1 1 1 1 1 1 1 1 1 1 1 1 1 1 1 1 1 1 1 1 1 0 1 1 1 1 0 1 1 1 1 1 1 1 1 1 1 1 1 1 1 1 1 1 1 1 1 1 1 1 1 1 1 1
1 1 1 1 1 1 1 1 1 1 1 0 1 1 1 1 1 1 1 1 1 1 1 1 1 1 1 1 1 1 1 1 1 1 1 1 1 0 1 1 1 1 1 1 1 1 1 1 1 1 1 1 1 1 1 1 0 1 1 1 1 1 1 1
1 1 0 1 1 1 1 1 1 1 1 1 1 1 1 1 1 1 1 1 1 1 1 1 1 1 1 1 1 0 1 1 1 1 1 0 1 1 0 0 1 1 1 1 1 1 1 1 1 1 1 1 1 1 1 1 1 1 1 1 1 1 1 1
1 1 1 1 1 1 1 1 1 1 1 1 1 1 1 0 0 1 1 1 1 1 1 1 1 1 0 1 1 1 0 1 1 1 1 1 1 1 0 0 1 1 1 1 1 1 1 1 1 1 1 1 1 1 1 1 1 1 1 1 1 1 1 1
1 0 1 1 1 1 1 1 1 1 1 1 1 1 1 1 1 0 1 1 1 1 1 1 1 1 1 1 1 1 1 1 1 0 1 1 1 1 1 1 0 1 1 1 1 0 1 1 1 1 1 1 1 1 0 1 1 1 1 1 1 1 1 1
1 1 1 1 1 1 1 1 1 1 1 1 1 1 1 1 1 1 1 1 1 1 1 0 1 1 1 1 1 1 1 1 1 1 1 1 1 1 1 1 1 0 1 1 1 1 0 1 1 1 1 1 1 1 1 1 1 1 1 1 1 1 1 1
0 1 1 1 1 1 1 1 1 1 1 1 1 1 1 1 1 1 1 0 0 1 1 1 1 1 1 1 1 1 1 1 1 1 1 1 1 1 1 1 1 1 0 1 1 1 1 1 1 1 1 1 1 1 1 0 1 1 1 1 1 1 1 1
1 1 1 1 1 1 1 1 1 1 1 1 1 1 1 1 0 1 1 1 1 1 1 1 1 1 1 1 1 1 1 1 1 1 1 1 1 1 1 1 1 1 1 0 1 1 1 1 1 1 1 1 1 1 1 0 1 1 1 1 1 1 1 1
1 1 1 1 1 1 1 1 1 1 1 1 1 1 1 1 1 1 1 1 1 1 1 1 1 1 1 1 1 1 1 0 1 1 1 1 1 1 1 1 1 1 1 1 0 0 1 1 1 1 1 1 0 1 1 1 1 1 1 1 1 1 1 1
1 1 1 1 1 1 1 1 1 1 1 1 1 1 1 1 1 1 1 1 1 1 1 1 1 1 1 1 1 1 1 1 0 1 1 1 1 1 1 1 0 1 1 1 0 0 1 1 1 1 1 1 1 1 0 1 1 1 1 1 1 1 1 1
1 1 1 1 1 1 1 1 1 1 1 1 1 1 1 1 1 1 1 1 1 1 1 1 1 1 1 1 1 1 1 0 1 1 1 1 1 1 1 1 1 0 1 1 1 1 0 1 1 1 0 1 1 1 0 1 1 0 1 1 1 1 0 1
1 1 1 1 1 1 1 1 1 1 1 1 1 1 1 0 1 1 1 1 1 0 1 1 0 1 1 1 0 1 1 1 1 1 1 1 1 1 1 1 1 1 1 1 1 1 1 0 1 1 0 1 1 1 1 1 1 1 1 1 1 1 1 1
1 1 1 1 1 1 1 1 1 1 1 1 1 1 1 1 1 1 1 1 1 1 1 0 1 1 1 1 1 0 1 1 1 1 1 1 1 1 1 1 1 1 1 1 1 1 1 1 0 1 1 1 1 1 0 1 1 1 1 1 1 1 1 1
1 1 1 1 1 1 1 0 1 1 0 1 1 1 1 0 1 1 1 1 1 1 1 1 1 1 1 1 1 1 1 1 1 1 1 1 1 1 1 1 1 1 1 1 1 1 1 1 1 0 1 1 1 1 1 1 1 1 1 1 1 0 1 1
1 0 1 1 1 1 0 1 1 1 1 1 1 1 1 0 1 1 1 1 0 1 1 1 1 1 1 1 1 1 1 1 1 1 1 1 1 1 1 1 1 1 1 1 1 1 0 0 1 1 0 1 1 1 1 0 1 1 1 1 1 1 0 1
1 1 1 1 1 1 1 1 1 1 1 1 1 1 1 1 1 1 1 1 1 1 1 1 1 1 1 1 1 1 1 1 1 1 1 1 1 1 1 1 1 1 1 1 1 1 1 1 1 1 1 0 1 1 1 1 1 1 1 1 1 1 1 0
1 1 1 1 1 1 1 1 1 1 1 1 1 1 1 1 1 1 1 1 1 1 1 0 1 1 1 1 1 1 0 1 1 1 1 1 1 1 1 1 1 1 1 1 0 1 1 1 1 1 1 1 0 1 1 1 0 1 1 1 1 1 1 1
1 0 1 1 1 1 1 1 1 1 0 1 0 1 1 1 1 1 1 1 1 1 1 1 1 1 1 1 1 1 1 0 1 1 1 1 1 1 1 1 1 1 1 1 1 1 1 1 1 1 1 1 1 0 1 1 1 1 1 1 1 1 0 1
1 1 1 1 1 1 1 1 1 1 1 1 1 1 1 1 1 1 1 1 1 1 1 1 1 1 1 1 1 1 1 1 1 1 1 1 1 1 1 1 0 1 1 1 1 0 0 1 0 1 1 1 1 1 0 1 1 1 1 1 1 1 0 1
1 1 1 1 1 1 1 1 1 1 1 1 1 1 1 1 1 1 1 1 1 0 1 1 1 1 1 1 1 1 1 1 1 1 1 1 1 1 1 1 1 1 0 0 1 1 1 1 1 1 0 1 1 1 1 0 0 0 1 1 0 1 1 1
1 1 1 1 1 1 1 1 1 1 1 1 1 1 1 1 1 1 1 1 1 1 0 1 1 1 1 1 1 1 1 1 1 1 1 1 1 0 1 1 1 1 1 1 1 1 1 1 1 1 1 1 0 1 1 0 0 1 1 1 1 1 1 1
1 1 1 1 1 1 1 1 1 1 1 1 1 1 1 1 1 1 1 1 1 1 1 1 1 1 1 1 1 1 1 0 1 1 1 1 1 1 1 1 1 1 1 1 1 1 0 1 1 1 1 1 1 1 1 0 1 0 1 1 1 1 1 1
1 1 1 1 1 1 1 1 1 1 1 1 1 1 1 1 1 1 1 1 1 1 1 1 0 1 1 1 1 1 1 1 1 1 1 1 1 1 1 1 1 1 1 1 1 1 1 1 1 1 1 1 1 1 1 1 1 1 0 1 1 1 1 1
1 1 1 1 1 1 1 1 1 1 1 0 1 1 1 1 1 1 1 1 0 1 1 1 1 1 1 1 1 1 1 1 1 1 1 1 1 1 1 1 1 1 1 1 1 1 1 1 1 1 1 1 1 1 1 1 1 1 1 0 1 1 1 1
1 1 1 1 1 1 0 1 1 0 1 1 1 1 1 1 1 1 1 1 1 1 1 1 1 1 1 1 1 1 1 1 1 0 1 1 1 1 1 1 1 1 1 1 1 1 1 1 1 1 1 1 1 1 1 0 1 1 1 1 0 1 1 1
0 1 1 1 1 1 1 1 1 1 1 1 1 1 1 1 1 1 1 1 1 1 1 0 1 1 1 1 1 1 1 1 1 1 1 1 1 1 1 1 1 1 1 1 1 1 1 1 1 0 1 1 1 1 1 1 1 1 1 1 1 0 1 1
1 1 1 1 1 1 1 1 1 1 1 1 1 1 1 1 1 1 1 1 1 1 1 1 1 1 1 1 1 1 1 1 1 1 1 1 1 1 1 1 1 1 1 1 1 1 0 1 1 1 0 1 1 0 0 1 1 1 1 1 1 1 0 1
0 1 1 1 1 1 1 1 1 1 1 1 1 1 0 1 1 1 1 1 1 1 1 1 1 1 1 1 1 1 1 1 1 1 1 1 1 1 1 1 1 1 1 1 1 1 1 1 1 1 1 0 1 1 1 1 1 1 1 1 1 1 1 0
15045 88932 10573 91976 56490 48115 33367 21417 57610 52409 38078 51157 93330 33203 31438 50915 44377 88799 37021 47982 18301 38068 5206 30129 86364 20822 93150 61135 47552 56995 94519 98752 5326 34664 27577 56898 2265 23469 57072 1282 32391 25533 67833 84788 92202 5704 70071 69815 23677 51680 88502 1712 70414 49230 21146 97340 52029 4157 23282 16702 59318 44043 92340 25895 88993 49841 76080 60683 56958 11321 33296 90908 46399 67112 6185 68635 34641 38440 75321 26105 59442 79776 13774 29006 61151 75275 62452 32405 66969 15195 39140 56887 84130 3726 18809 11671 80785 12180 50402 20706 76586 61452 68310 85285 26138 92836 8956 98317 115 91386 78997 73616 94468 92964 25166 49892 91895 77567 55277 61586 53512 32584 63148 41842 98727 34326 1018 19637
51322 88912 2591 70589 23725 11854 859 66777 25599 7546 82701 56347 72618 12643 17098 54413 77040 32335 68384 4299 88293 14369 15995 21494 36320 75690 25678 13137 26517 91540 87041 96730 90920 6594 84718 99829 8207 62809 93404 84150 64481 31262 23559 95528 55082 20671 40906 59501 73475 68925 94619 4748 91437 66450 5621 73341 662 4709 73087 76253 39684 81942 12992 46214 90929 34761 59095 27795 44766 66717 55314 37624 33395 65247 75258 23242 48846 61472 4456 86443 21141 6060 10880 85986 41614 82232 39624 94492 17125 93112 14528 18024 22310 11854 77836 29374 6040 69991 12619 87158 20913 52324 47628 78082 6120 24002 28928 5283 65183 1454 86383 72950 76151 6522 62871 69620 9537 52478 11457 14899 91713 59926 37873 73965 53345 21724 91311 60010
26963 6820 57392 3469 14114 97214 56340 61196 69270 82167 32488 96483 61583 64951 79026 73625 84124 8942 65797 94117 2526 72344 45056 50951 91732 91473 44725 7328 44172 55829 94905 74756 38369 90696 27738 88071 28143 43299 82760 29921 19484 58913 13735 23675 22451 26303 74194 64222 40785 54201 73053 74883 95781 58771 60598 57542 11130 67833 5062 51545 72094 91687 53499 79359 77617 16797 21008 89777 48978 40369 77898 22597 30261 83971 28955 80049 90372 48548 44465 50075 6794 33544 55827 74246 78444 47002 19647 81971 44268 41851 49448 38321 13960 51693 6532 47703 13305 41939 12768 15943 348 9307 56230 6801 24 6227 1789 39191 20908 70367 7439 65271 61328 17588 67982 21184 27083 8581 19643 31434 30862 67918 35537 25598 62051 66111 91730 84015
57158 23214 88013 6567 79421 73093 48830 25095 92984 88197 56165 61191 45199 33348 30653 31731 73955 15176 65439 87682 26233 93499 30505 52255 67453 24499 18480 20152 35921 929 26163 3991 75977 23398 4420 81527 48420 43542 96156 7179 27064 3759 6905 84464 33082 16898 8605 69296 56798 22773 9218 60148 96540 9431 67557 72339 63205 14579 50856 52269 17344 95997 17167 60108 19637 36117 13612 1065 93481 370 69593 42648 49545 73602 50457 10487 96830 27812 82446 75277 97531 67766 72626 68046 73057 79130 65515 57980 45896 20688 25899 26269 21680 95180 72726 84250 44698 55983 60988 15464 96855 20799 38005 9121 31656 95749 4234 72254 56466 81711 76798 89658 78783 39076 52964 60933 17161 70019 30962 9530 31446 50880 10951 70365 41318 30254 53132 49568
70356 18183 17281 77543 60587 7501 40619 53398 63774 26863 48704 99950 19811 57155 55999 78486 48888 76452 72281 10366 7210 19349 91647 32136 16812 29636 41640 10796 96721 93687 35620 10262 59149 31353 58398 61038 99076 67310 2348 46379 73961 34593 14811 41996 50149 56982 47340 65773 30532 76924 54963 64471 61173 1479 92275 26950 55636 64885 50503 71850 67834 31611 2307 76131 51437 58143 35603 12010 65074 66168 46894 30660 94123 38833 62716 33509 78842 57303 12035 38542 456 99128 32054 29522 59725 89601 81877 24816 89422 14964 32262 38299 42722 55945 37129 32775 32386 11713 55285 57321 84364 19423 58420 56614 83109 69180 48858 83819 33135 58884 55539 85103 22272 3040 23500 32702 25221 23953 49461 38377 82567 5303 64047 51708 98015 81457 39722 92239
59532 49983 73637 13182 99428 45683 6986 63772 92423 35388 45912 58114 13203 50959 97139 11164 98487 44635 2559 16454 10910 18644 14556 2863 37047 70934 75748 82097 37116 9839 6108 71242 76100 84177 68694 36653 42081 92283 54126 88285 66284 87262 85661 79715 36417 65693 21401 1837 46707 26024 85588 47261 56956 7442 20898 29897 31427 30407 50724 81141 29144 11517 23964 89479 3797 55325 45590 86747 2285 80433 58920 82202 3327 24968 79078 89036 79503 91725 17097 19258 12264 60313 57269 93974 77584 21464 55663 15025 60241 7122 73191 91080 97432 405 12073 32056 4591 66776 98936 7310 26262 30849 88170 12904 27516 3669 95577 49118 82229 72108 45991 97902 24494 77161 11585 41542 40407 23665 55701 57106 74524 76949 79419 33613 60931 99689 66254 40301
54438 99350 39418 49713 87495 20510 35743 21997 21274 15735 1872 94550 42319 3387 12157 44591 58527 25481 78638 22317 98822 25551 7399 14682 69463 56246 63414 72149 15072 37841 90360 40188 6962 210 41945 16953 72834 37145 72466 78025 18605 12237 40623 8950 13970 95746 93009 43943 34587 98538 8468 38368 84234 95768 49307 87668 17070 2339 7783 85202 56908 86287 34164 1634 30922 46875 38006 17900 61704 98074 82349 743 86819 9659 87889 69290 58869 16214 97668 32952 13246 58951 80595 27851 10822 92744 31535 67449 8825 63503 75186 62801 19698 12278 24395 63798 55692 46094 24598 1803 64426 34182 35144 36312 40617 79488 65406 69698 83853 7870 68163 84763 72025 78830 93026 93516 77424 30272 94107 39765 90271 61252 29925 85343 30415 49788 88106 62019
19351 75580 7960 52230 62034 83375 12570 60582 38585 4517 54188 65263 56984 92580 73652 68714 1339 37945 54072 74171 37997 95662 77819 95403 76643 68335 58315 61538 22735 64056 79057 5742 74055 29454 42170 54403 81161 59258 76414 10847 68000 80768 99604 66070 96480 96549 28348 88855 25915 77216 36626 6939 2356 89059 92441 37214 78815 30943 6302 33651 76894 76542 70795 39421 57842 57018 98290 36018 85312 25372 43263 49505 83187 11515 17919 65913 77808 99672 72929 93275 13309 93814 56733 54092 39036 72715 65782 88333 53241 70498 18271 26439 6035 42618 85218 32690 24325 54157 87617 43094 41638 22233 99864 70856 89163 85977 81656 61393 24566 13528 48037 94185 97851 87429 32120 60025 18015 73670 55074 73418 86166 53183 1302 84493 2599 50262 79101 50638
40403 72704 47202 40979 97328 1196 77067 72757 485 49109 42557 70420 33643 76772 67149 60132 66801 79141 93151 92344 49545 81751 85051 17924 46399 118 55164 33110 12497 31262 62791 47390 21321 12278 65869 25142 59719 63550 81026 97248 42270 4288 67747 85454 44261 82698 48502 14526 42296 34010 82706 9195 17694 47042 76908 31304 70593 53570 57212 33475 36257 80405 9911 52049 11886 79043 92400 80068 11304 49514 67524 14958 46794 92322 1261 9293 4024 16040 71401 97752 37874 56988 80674 18326 33769 91855 93093 16977 31078 30593 11330 74421 70718 61385 18477 67982 11362 18367 53636 9293 13544 69715 83306 39057 17348 32087 38924 33406 63566 15825 20688 5796 1104 81512 84433 89920 50630 25075 34213 61496 78295 89042 70077 39603 13954 17041 71100 51320
28677 44776 55029 32800 14932 11756 32313 49879 67602 37848 55033 44424 51370 35011 97043 97401 99463 52804 36430 49991 13390 93772 57779 2754 17383 51053 24117 36138 44938 21645 19959 94275 89077 59919 45137 74933 51873 35444 59436 68930 32973 2369 78725 49808 83147 8593 43915 80751 24974 64406 42335 92775 120 83762 86413 43910 55432 91329 3734 80313 37512 60984 94548 27392 12804 53396 85394 72160 14430 85894 2119 65830 70792 17400 46320 62781 60916 3658 73072 95225 50049 57720 87919 81034 56634 22007 57820 58289 6415 10362 116 64082 88444 58987 25522 35512 40461 74973 92232 76490 22375 9667 51660 68790 82487 8659 22796 32090 22156 95829 19323 92282 59729 98751 67246 26215 17292 86839 65583 63120 45025 62594 50727 97428 63421 82202 38898 20775
41580 6467 3747 50002 23798 1208 94098 66810 40587 46439 67518 47535 1439 41591 97069 3647 4399 31027 47662 77232 46210 91794 87186 786 46952 37916 81917 49691 38982 37457 99734 95094 84619 97174 84659 47123 19138 46067 38218 42260 57649 81755 10196 75663 52449 36305 55994 41939 29384 27908 59067 47160 29819 42481 19943 73500 94503 75590 58847 35916 3378 55849 1935 69562 73399 59107 59359 16036 86154 41827 7310 28243 36059 88986 2532 60815 52323 9736 23531 59978 60341 3091 25657 67865 80314 65462 97456 9653 89349 88690 33972 11829 90970 89122 82076 69820 98014 22836 46815 81940 28271 34652 43010 21470 7302 80140 24855 89234 74592 22571 7553 23321 76740 21384 71168 55902 85563 92936 41308 71343 5316 49195 3535 89109 78843 55190 81845 61554
13727 65069 43746 38435 33259 89994 96854 50835 27972 18701 31846 57123 42675 2667 20123 72661 12062 92304 92856 93822 5098 78462 13367 24838 41004 54902 84660 27828 54560 24881 19087 74651 90610 96585 7436 52939 52771 7638 2315 90076 30830 164 61011 62006 92548 52183 96256 3849 4527 94212 84866 43161 33069 63002 21674 71895 462 39232 51563 82700 67187 64370 68849 17110 73854 73480 10342 68879 78970 56135 95188 87105 6785 49904 29557 87282 55533 31713 12183 75672 68870 97405 36138 87537 10792 88656 79916 76776 34126 70708 64962 29688 92424 70083 31293 40111 983 21254 75483 13504 26295 5410 42717 50228 59031 55030 61033 15075 67804 78907 75523 90970 92251 53397 66105 73716 47338 78064 22717 95936 49358 97915 54254 79894 990 61296 25088 246
30487 78312 72616 50632 74231 75902 13330 38530 89270 89150 96357 93164 1316 87365 44187 66862 25216 5447 5089 77186 54070 72579 61887 52070 55045 91070 11958 31849 89645 77226 69062 46078 80864 95892 95407 52669 22051 16089 38361 99189 12201 26973 64346 62023 73618 34044 62580 77284 51311 91457 91797 3247 23934 80906 40927 94559 34732 73377 18214 46304 6207 50963 64480 941 14349 76883 3386 4831 62997 24987 72160 95493 98673 65573 98835 21808 50912 87130 61473 39583 53270 20057 69726 97890 11526 80366 50567 6231 42023 57122 88198 74399 61328 22082 10198 33105 67201 80770 56744 26330 42186 9518 98756 75905 39410 90824 4523 6755 26680 60946 4623 92082 28816 60388 8499 69099 17624 18305 84561 88935 49883 98994 55963 74607 58720 36090 93269 78186
3948 41847 2012 26593 50683 44998 95084 14862 92532 54674 56886 49428 22089 7818 729 67881 55616 86702 6236 50072 32860 4438 12153 5806 31520 13099 88107 1344 55513 12591 13719 8683 84374 32301 77134 64394 32547 66352 77188 42770 88717 39430 45893 34048 28378 4434 63830 75460 47437 37452 72935 85026 30019 59253 11092 18768 51017 43941 20699 93760 28633 44390 207 68936 40742 58718 5255 64714 10822 82846 62546 90726 19541 39119 29003 75156 79008 48296 2719 70683 77883 48070 24570 22713 12793 81837 97157 17153 53366 84575 99550 80945 44599 55600 80681 55386 76303 55462 33089 75018 4883 1882 42917 90550 49665 81518 14017 26851 86645 96461 89445 66973 52681 35045 17404 48889 42661 1106 82806 49946 48406 63345 67191 93865 94237 77697 74260 67838
74701 46265 13524 1122 68588 61104 59220 83375 78151 80362 52501 12653 2255 147 68743 89968 80783 77750 37412 29192 69224 58092 49495 16282 29598 3388 38560 81171 18527 89197 19691 33248 99285 88184 94651 2924 23881 14515 73106 46070 23820 81033 89461 7345 41643 16244 56315 86650 33623 20185 82331 99812 92249 49811 27768 40310 10891 66156 34720 95198 35391 67844 23070 68317 22815 43425 46760 67070 50735 10769 30590 19880 78754 6853 22287 42113 71652 98024 52873 7490 59223 3879 20539 4775 904 70457 72467 94318 35588 13455 76611 92799 71535 2066 82979 97025 82941 55381 28681 88174 71226 89594 92778 8940 88385 67615 15017 55384 13366 60756 91280 56614 72246 80886 6280 16376 71409 76260 17732 48953 43687 87627 25205 99479 24145 52637 10912 54465
12889 23143 70056 97456 44780 23798 50440 51710 42616 90379 43604 41932 79510 11040 91022 24690 40632 42324 14168 2519 2096 34199 69537 93668 54174 12047 21074 34727 25530 93627 49562 2177 20899 94751 20991 7241 15332 6649 29697 3033 1945 77822 3278 38338 28812 35501 53453 50317 63528 57320 80264 3908 38506 13823 5204 81766 91785 86830 29166 89401 19256 5298 18923 79401 45970 76456 41684 36673 60060 66319 37473 88747 8873 63714 71371 45277 19051 91426 56279 91869 15217 21130 49090 44921 82539 99081 10645 83349 37486 44137 81430 52412 59979 84187 65746 66730 60453 97876 54629 18029 68736 98498 88008 85389 44494 89899 43665 624 1409 71066 23800 88431 19269 83258 26369 72921 99884 33357 13854 93013 12693 70525 37365 8252 27822 4256 20948 48547
68119 77910 98545 35367 79328 97998 43269 22995 24968 36918 63289 34638 64408 37420 54395 40370 35165 54461 98098 82283 56721 55365 34932 49903 58574 14796 9090 86168 68743 45566 80515 28169 75551 81212 73816 63610 91416 63015 20354 26844 15166 3511 95230 3948 29276 40867 33014 5238 29385 73588 99942 82675 114 14106 82845 53993 93704 89450 28975 88862 42974 23233 81759 96958 8415 29059 26430 34761 36594 54034 72655 1370 94244 96992 54645 66131 12350 97373 73313 94062 47945 71323 20735 46934 64908 58279 16132 28588 32783 81400 5057 69368 9474 36557 30938 23458 53118 12044 36021 90447 44422 2572 74833 39409 82445 5838 49275 88299 21581 25952 7285 47661 86346 47077 44777 45050 3148 87661 41860 40550 23063 35674 41992 37063 40070 79291 90327 61701
95222 89691 37499 26624 17171 43918 330 10943 75393 22100 95831 48630 82977 48129 66182 47289 82380 18525 23855 26506 40542 22003 51837 17772 79318 72280 18052 76294 60943 60033 55381 82823 11632 75734 82482 70003 12565 91821 46846 65639 29576 47855 57801 82991 36116 16681 41308 732 19608 30990 542 92270 74131 59079 49042 62585 2094 69086 1696 85888 39754 19279 62968 83971 55347 82375 21612 43796 24966 21477 20330 60621 80925 44082 80238 74642 29972 46002 16737 63184 19032 54344 62427 8923 91768 23812 34605 68091 46861 27337 78437 44262 26463 89301 38838 53938 20984 73926 21968 8777 7999 33600 20845 99406 34023 44916 33588 8132 89463 77178 77274 17521 29069 55993 17799 79267 374 70426 12105 51018 91623 73567 36796 11198 16295 14122 24193 34355
11708 49208 68788 8872 1910 1141 47230 76363 47686 13000 87539 34343 5022 92323 74587 98574 8143 70246 65298 62449 60001 16742 75357 22472 18957 40867 22683 78737 11574 84783 83393 97200 58617 85866 18283 55180 42090 35489 98173 33169 55870 64908 57945 80789 53524 66080 25637 17586 54696 67176 21678 91807 59603 36256 27779 7654 92319 42675 29704 95473 85623 90957 11559 54317 42493 20297 57253 66625 95458 55167 68644 39582 57388 2463 50571 10585 57663 92537 77556 59785 42023 95450 46019 19546 62429 65083 1837 63746 12244 34214 98793 42127 20883 17587 83128 97579 88988 16401 18727 35336 67014 87397 20753 56578 26526 97525 94768 12937 29799 31307 35678 99423 68899 4052 72508 23311 77271 6750 83557 30615 41212 42455 17915 73079 95548 15362 22467 33099
15593 59659 70699 32729 71562 44057 35084 3135 52076 55835 11496 12217 39046 56934 44709 40607 69306 66738 52755 75246 40073 30184 43153 48513 52700 34055 5782 85275 44691 88533 94449 76529 9659 70735 33005 66753 30916 71287 35652 69888 25018 12916 12444 60889 11099 69985 84516 65980 48644 39439 76981 80815 79124 27150 1499 6639 18796 21689 8732 4198 47580 2618 14128 99280 70883 83317 26065 13080 10422 44761 97061 76543 63519 97589 65661 11312 61289 67713 14241 90665 85763 99926 69250 72924 81295 33264 61529 65717 56718 10331 36896 67197 46584 21129 1592 83869 42213 19274 26192 86744 3523 59720 67329 70323 29029 67405 14941 1683 14828 60206 84642 46647 64221 90831 86508 3444 60910 6860 63486 23886 92202 51251 38868 40928 71349 62528 14788 36617
36588 17032 54505 93518 41181 84133 65011 53301 87032 30403 74892 51191 64035 370 2163 59857 20749 49223 64152 40993 74482 60488 66189 88254 24386 54023 63749 65641 47402 30700 14255 31809 82432 42623 87255 95450 61030 29713 62272 81631 85238 2730 13407 74363 41013 76289 63606 73556 67655 80945 66098 29111 93370 36848 42364 25459 57779 32261 70954 32372 31395 94506 63998 11436 95205 12566 29532 94979 75647 99026 28324 6329 69772 31973 17202 22732 81834 97868 17367 62678 29580 55589 70892 86828 63835 9082 86108 6599 2096 91091 51243 34983 27431 21065 59433 37226 50170 75957 488 82366 30874 27660 7942 86661 28644 92824 32781 60823 41698 78606 91192 21696 23970 7829 28684 35851 89418 41768 60640 78341 49968 28560 49514 38210 84769 14179 32919 75432
81498 21498 16234 22972 53258 57234 21867 40423 57223 75127 81252 73183 49320 53801 99822 82928 50715 38397 13573 95676 90851 32602 12261 78350 29620 25985 67740 16018 88199 90788 36272 90507 55126 68301 57009 79502 5352 79861 7270 64779 62578 22644 71907 14171 27011 71444 43387 61864 56594 54833 51627 34601 63583 20823 82942 42627 31824 3709 50013 39614 58854 25222 7925 63004 7662 37972 68710 27052 39272 59750 90702 27118 77460 75776 78292 52623 71881 5473 33491 58858 80214 76841 66182 56398 9307 69880 26503 45775 44973 32359 84494 87123 22955 97151 10972 61147 44204 36063 32929 17763 89488 70191 32694 69404 5960 23780 55270 68268 21094 87018 84497 49622 81332 11730 60378 30452 78137 81511 6578 77403 34222 64286 48235 63713 8942 96358 3618 99237
8749 55639 38732 67247 64970 6595 42498 32453 89193 81418 11036 70574 62899 18202 36677 90 58157 67406 94009 55053 7133 59199 59601 66140 40729 33200 42384 48646 88310 35827 19042 8005 8524 52955 42992 59811 20249 68771 98443 42599 53803 22661 99854 68095 24933 69348 89125 75069 70645 5751 94265 65829 50706 20723 84515 90420 13984 90581 69627 61670 57201 35373 61202 67243 5670 44371 7841 8272 10155 27786 21882 59165 17087 31642 7218 79145 22665 33111 66114 89748 6184 80688 70323 6223 84042 64750 93613 89085 37606 58968 39263 6337 7264 7710 27236 61158 45148 76254 51607 22229 41745 49803 37901 28239 3140 47972 5465 26641 61842 83766 63437 90996 65202 69731 41471 61619 22804 53837 26352 51498 48199 49629 58429 11002 33683 26126 30532 60441
60582 74384 68911 45392 92317 74250 52257 95832 20648 75382 67629 29300 72625 43841 32999 95416 79055 73761 12922 18528 92330 5564 51263 68987 28211 14895 62451 21421 37293 54601 57986 31322 29874 14204 65653 39829 12263 87184 19388 31575 82727 32979 65863 5822 7306 13336 16448 40732 38570 36844 39981 84514 10568 93174 10644 4339 67157 93916 12158 55868 36841 19706 72541 2916 1602 59995 11325 68246 96299 2149 91034 66436 19894 7468 62460 29461 24259 5312 72690 89935 92994 9743 43536 71021 89806 75522 25149 57797 73884 21357 72951 97567 99987 48401 11784 26913 93503 60218 11722 68919 61889 91106 50863 72706 67102 82272 53462 27653 13643 62942 64161 30898 20188 43632 90176 22008 94560 46357 93945 15645 79459 33862 24896 9662 37484 33023 63861 1235
62587 2512 1290 9988 97280 42852 25409 69885 80820 79892 36438 65717 25481 7474 34786 43624 611 6248 32060 65494 77761 65947 95278 65399 39002 9724 76086 53360 93724 58833 9933 28425 28180 39536 19191 9016 66790 61511 71241 56803 83796 49015 57021 84045 53473 90852 26713 75693 90023 77874 25538 64431 54997 40939 75761 83636 65996 2080 50428 58234 27229 18045 14202 2044 844 74417 88616 77837 85375 65605 99834 47613 47403 27791 57053 60014 53772 63677 71326 46453 28040 12542 43061 7644 26702 57755 59390 74037 47163 60387 26853 22840 26204 22477 58281 2127 53522 90203 91722 98018 23145 40645 95503 25518 78933 93054 26368 64433 95497 46892 99817 92538 94400 59030 11014 69058 68332 76962 62283 70672 6014 22634 90477 26041 55425 83592 77992 40522
16626 3409 47097 32634 78189 96221 27004 52590 49291 79727 15171 8350 15555 2719 89388 61806 31330 22651 21797 24113 23086 87001 56852 15195 6758 42318 22426 40758 70712 33980 23932 8428 10281 59298 86503 68608 38046 23993 97912 70112 77665 93049 35251 81420 24064 51774 58707 19479 66643 84207 11305 18495 33864 28541 99071 73187 93901 52073 51133 87695 90528 32269 67210 96017 96148 85700 67727 66517 13545 41277 42238 12587 57712 39397 99800 1968 38218 91230 74007 99313 33457 45287 64149 60808 61753 14168 13905 9103 2850 62122 67936 22431 32030 94079 3810 69495 55556 4441 34989 42875 31139 90250 41361 28614 96619 27644 71815 25363 234 90301 62068 14613 14176 84638 47088 27646 24644 12568 57988 9817 39503 12063 4704 37596 70049 44288 25037 32833
9151 73825 88600 21750 53135 14871 78840 20803 20548 15140 94876 71491 91875 54276 66384 30449 81807 4640 37638 61760 78890 59873 1009 68231 68272 73754 45537 89642 55367 25614 9922 90199 37059 24424 44429 73962 71931 55095 85869 80383 91212 78372 98184 2734 27381 4054 60579 88760 70158 62284 86410 91109 4300 76373 54542 47890 54183 84572 24012 63139 50815 97733 543 93778 25104 35400 46161 71343 96083 11739 99954 61127 35307 52820 88276 41631 71635 545 18891 78001 97197 69848 33892 64894 9636 48881 50824 97416 25381 60455 19441 13815 44989 36485 46680 70820 69977 54229 98704 73137 65643 76566 62949 23499 19921 47357 45390 36304 83033 25226 31980 88331 4206 44536 7077 45618 48412 14253 55503 61689 35999 39822 22924 78110 45403 31230 39814 19052
19516 28143 8363 82024 80718 59686 45619 62814 76596 56037 17829 73588 49674 64529 68290 58109 56114 2587 1147 73328 9209 22862 6052 13801 97242 30931 94066 81251 27575 91113 23439 93684 12799 65311 55334 7116 81551 45033 23914 1327 85489 91123 1349 82079 46334 83849 39327 31041 45917 60957 45688 52927 1946 38776 36957 26265 29614 78644 45974 60615 59448 26932 89352 29140 8524 34186 1171 88969 47646 17716 16592 93799 66404 52478 34122 35687 71882 79097 61966 53634 60821 17339 760 60 5646 16046 35339 71374 25919 55890 73698 1848 63661 47110 24001 42621 35471 4535 63840 48165 579 7626 32974 29334 48077 91363 19544 62474 99507 12544 18246 96252 60167 5001 99344 73591 34877 64216 28282 46027 74059 83152 12976 83724 28570 98012 53540 43704
36226 33610 3857 799 46708 22921 10862 40802 68544 71730 70652 83313 39257 63342 26599 57841 8408 38692 22976 23573 25424 4991 36896 69591 39730 42046 63740 79541 8424 66752 88464 29317 62872 61808 16673 30373 21540 79339 95803 68754 78014 46097 14940 45832 89521 52898 37103 38781 77655 59 68929 82842 12904 44282 30013 75629 16713 58928 47799 78049 34260 56908 87714 36665 74451 10755 71162 19250 14353 8575 72560 33758 67399 81070 571 50512 40038 35502 67553 52463 93317 19270 42438 12572 58025 19843 93182 90311 34266 84906 81783 29804 46497 91477 40804 11378 40194 57133 70656 64550 70779 57510 67305 137 44535 61264 31502 90645 85179 9159 22552 29143 1496 22871 1526 33417 83958 49135 51980 68894 91812 4093 52094 71921 11281 64819 58567 62403
3625 41999 40420 83034 56649 68848 39787 78708 50643 61841 88389 42239 13041 65339 67243 31576 52270 72461 99942 12490 99866 5049 5796 24437 80184 40914 7817 14754 21945 53853 76605 53555 3735 83774 41991 60010 39062 68461 76395 52409 97664 51014 62700 58144 67059 17710 16183 33605 59369 87690 40990 63415 4456 92445 8476 60384 41 89742 56051 74791 8517 44819 7371 25501 55302 8920 36632 75447 47385 28586 69429 68280 4789 65009 54320 6306 98830 44896 90640 96970 58229 3051 43529 92025 64694 82577 70216 61145 22928 87483 7468 53097 14391 63953 67249 5857 89002 21710 85722 33557 96813 55190 42074 40989 88598 18059 5963 33577 99150 27157 58555 26001 75986 26792 13410 2996 17845 68943 15867 8923 3319 20351 79956 32339 12992 70218 73351 6423
1105 6062 87052 13865 27329 94570 37563 67011 52787 52397 63813 71770 54949 36579 5168 88005 28124 42516 266 43358 42973 96177 9022 51647 63965 54851 27285 65034 67533 98097 46612 60498 14826 2798 96678 85108 58546 38895 52532 8565 40283 3506 88040 34061 33659 75295 67134 40842 16689 86162 58615 97400 90636 34976 85985 91847 6848 54006 28005 6132 18270 95642 10803 84223 37865 29853 33158 36362 96173 89762 757 77805 93353 11831 82347 69253 83709 70874 63167 65028 40192 29719 9396 14690 63544 65474 99119 60416 69927 96036 72049 68353 87039 8592 11066 60520 44696 82965 2033 42136 25376 83252 20260 82556 44945 25342 63193 74822 25193 81059 10376 48633 49480 57061 45163 24405 50229 81759 36091 33683 28751 12579 48053 39903 7588 69026 17784 70620
38331 12448 17150 5311 22291 33761 54210 4540 92986 23965 97937 54435 84975 71210 53805 79215 59668 34752 89213 96163 51084 92804 24926 54679 6675 35618 3418 91277 40960 17053 13732 96632 66298 71622 74187 26174 16630 94031 34701 27410 66102 77361 37793 22079 62330 87361 81845 88901 90658 88013 8976 21156 80698 47716 62316 82741 27515 61072 98377 40276 22341 96998 63646 12200 28939 54917 85413 8142 74767 51665 74204 88297 6343 55603 99103 70137 95347 72964 12123 45282 34527 1932 30208 36366 14835 7064 54170 72705 84 86987 96891 14093 23287 46396 14354 98699 40661 76293 15231 38205 80111 67628 32994 82269 70116 57172 58225 71109 54986 40132 98882 3067 64882 16499 33000 3645 89554 85807 13057 38977 48508 17173 5524 40625 79669 90964 38683 56242
46494 84862 2790 1405 796 9311 42207 58613 78616 88445 53623 41454 94261 15839 71865 91647 34191 87805 14078 56874 27142 2590 19814 50849 89792 84557 89417 20983 94553 3120 30131 19946 5466 11861 1328 65543 90422 36405 74814 1632 80207 15622 71308 66847 52850 85495 10462 40885 62218 82837 38145 63216 29471 12107 87467 68315 77637 93140 98347 22235 3814 49663 68199 98313 58163 70970 64033 82625 52251 73319 58783 7908 62767 70435 53130 26246 40230 68353 21239 46683 71248 18174 38813 72097 98153 98077 87116 75349 86110 98102 10101 59716 70002 16426 26337 89047 12915 17623 82481 62304 10976 19673 94164 30037 56072 67246 70198 50693 83331 47842 74295 87981 57267 73985 26106 14414 6124 99905 41305 90141 49640 40485 76220 41591 96153 46086 33297 31887
87572 54697 83717 97156 65939 34958 42879 22603 61753 32097 74313 61780 45188 45957 82696 33528 36777 17412 14436 3497 89965 15418 42779 39119 45930 52674 66309 67315 96806 67238 32974 73013 91423 19360 90035 52573 76754 171 83516 47005 79856 24273 22022 40414 27263 6286 94966 91323 96498 99312 97861 76240 94384 76982 66370 24882 98656 90554 17503 20224 82196 45424 80786 76995 59486 56 87592 68940 98453 41475 48331 30419 98165 92467 83658 54893 63196 1626 67769 16220 55578 32817 39278 20998 88592 63198 5284 26936 99208 28593 79774 61280 13782 7179 55596 48944 76627 64744 64204 70861 47453 9333 85127 33288 98309 74432 93981 41649 2475 71152 13452 60616 99111 98516 84816 91270 17968 43063 34398 16430 40090 40992 31682 65132 19371 4294 33551 3311
5111 20235 14024 71699 3744 49588 65364 15122 58290 62702 31935 96615 40397 98973 84428 63906 69903 56476 94941 38598 963 17102 92444 53520 85161 12766 2706 33606 59489 95876 52185 94666 94538 18769 82437 82038 77476 94254 29178 33333 78248 61618 14832 80548 26825 33195 31759 15810 30767 50796 51549 37917 85905 79477 2325 74064 68815 57568 34656 36960 24192 14500 60566 5499 55216 46140 94700 95287 47198 71021 19269 38853 57898 497 617 17056 74491 32561 36595 56457 45604 77488 32910 77703 53712 2380 58415 463 83851 64397 11600 12037 54152 9272 11355 73412 27342 33102 80596 98000 67572 92294 9404 18062 80406 87647 53729 82264 97260 19612 13792 79001 12175 35927 81067 89355 91299 99106 18054 95945 47650 59020 27376 21600 92362 58518 97037 21009
63861 45891 62723 62695 39510 62231 82581 70484 9121 84111 37423 30081 6466 19466 61864 60685 98502 14184 80632 75806 92635 71035 38306 35964 43413 16317 65873 83627 72729 94038 68622 91420 89427 96400 84524 15958 79729 31718 24974 39270 69957 31447 99991 88172 87466 50775 56961 36184 4949 25388 83730 76186 9407 90262 35216 54811 70464 54647 92195 19676 64303 74730 51438 21894 44806 57038 23987 53063 19221 41486 21404 42733 36066 62878 20472 36440 72422 35936 75814 5822 19921 69113 46261 75141 52345 77604 40745 3343 17856 10967 13734 2947 9328 3145 13219 68264 22949 5690 31126 26060 49337 50194 78470 23709 55061 48075 7130 55249 7955 42104 24560 81509 37714 22726 70728 94859 54048 11517 99493 51934 99801 54742 43384 18647 62400 53961 68191 11912
19727 78655 56826 586 37260 68913 52017 53849 53408 80325 70902 98770 9379 18144 28858 78683 31543 73089 64526 602 93850 5553 43870 92240 37560 88117 92311 8015 92481 90570 21706 79240 83613 62458 17381 76117 12573 66843 3585 85022 25346 44161 7528 55066 25170 7096 35136 32389 95686 85632 39995 97827 21195 47532 97883 22434 66950 24793 28340 84837 73949 45477 45317 84682 63098 17568 44948 71403 13596 9895 9657 86607 19232 32689 99917 58879 39870 54177 60548 27374 40053 75581 40278 45363 87771 30596 55160 86102 48462 48686 11544 29891 11646 58594 82096 17266 35654 92843 21535 59126 69678 62535 31171 40179 48897 58454 74919 14855 16349 17265 72021 15969 16967 41607 1542 77095 62510 24891 49326 6609 18770 2150 14293 92227 95446 82416 20807 15368
11865 74414 17136 67611 1755 25544 69308 85111 97 94901 36260 57770 41773 47802 92997 8756 1948 93048 505 85545 65205 49087 29239 13958 47857 8397 6280 2335 54669 20831 30059 30557 79059 55916 24194 78085 80530 44353 47724 13259 26222 87255 34512 28007 23485 60878 83374 78206 39528 46191 26765 58457 73344 70001 31036 9278 86557 82813 45645 13807 56108 97765 95118 85285 80342 3119 57786 95503 21018 14210 20137 17110 83597 95631 65054 8704 61658 79596 96567 75148 5741 94369 41314 39260 8878 87839 15794 65752 91011 79182 77716 27586 39776 51319 94458 38542 3947 5849 2991 77867 29549 88447 21486 60042 91461 24671 12410 98418 63205 16268 14270 30223 45660 89651 3616 31592 3866 39067 23733 87146 91392 91312 16077 41614 22209 10649 59265 19896
37751 12705 50972 5604 69501 8771 9773 24590 8595 37077 55210 756 18018 44854 2215 71274 54692 68573 16105 12891 82147 47002 3134 51602 58606 95258 70530 22535 94939 86959 77719 78420 43712 5460 25384 18892 26631 56064 67271 7061 60850 65384 45988 59764 54974 48669 68401 44743 48056 80846 17357 40383 81050 97721 13551 96909 68020 44651 2708 48589 99709 17209 39093 50478 98145 19585 10741 82048 30476 44104 94206 29279 36224 17885 36308 25322 75978 53441 22858 10203 52633 80533 59239 49812 82836 84831 54113 73557 44686 76419 15758 10900 99643 45785 88735 76638 40898 83301 59400 21312 38587 44525 24029 64734 39083 60856 61606 34198 19533 32188 90125 55615 29251 89558 68687 71135 80061 62369 41887 27686 87940 6429 66510 94712 19158 97618 44758 46845
97928 3242 58032 76962 24712 20317 14982 11180 50555 25177 7059 22230 22562 68099 34567 86369 16173 81600 96742 50093 66839 23694 88362 61137 262 31878 5923 58091 12806 14221 33701 19416 14416 57564 59108 21873 2009 45675 57616 67215 65817 33621 78786 9922 90562 42084 63332 209 8317 86795 47709 86585 26938 2480 71302 63188 68283 82247 4805 26025 97718 35456 79919 79728 54339 27725 2937 13722 1952 4707 53756 91748 26685 48063 16813 35965 47215 54400 48509 3255 97854 30112 93418 41821 30995 2692 95150 23530 63430 20982 73436 90720 48743 89140 91085 72875 16519 60091 72691 75006 23457 60883 97218 50283 93331 65101 90596 29665 43486 97165 7193 16676 7342 6792 91330 81138 64862 97179 36281 3840 50458 15123 98912 65813 61462 74020 74831 58645
7700 64061 39292 2941 21067 40001 10204 47724 23499 69623 91595 23932 92325 59738 56793 83568 13026 17669 29609 24173 48933 9343 74067 36179 14397 63612 80875 93096 72427 82823 49562 39760 71521 9858 92825 90330 23980 48703 53566 77741 42381 62201 80164 4370 71508 14874 28290 37808 33914 8351 13959 65929 52369 18948 59011 41224 87201 45833 10626 11603 4795 74751 91670 96329 82779 73239 88420 42354 65382 10015 7005 34914 26957 12767 26613 48349 98191 32848 14080 16223 31364 87179 51306 62949 468 76188 6059 48848 15039 73190 66155 64046 64939 8980 35219 82245 66444 28470 39984 53696 1120 31080 55232 55248 36590 42263 78246 23952 27799 9828 94566 27834 87585 96063 8079 70052 8353 83227 95601 1938 51664 87571 83588 61701 99503 65138 60729 78706
27485 80345 53651 70420 99193 96838 6129 6473 30299 99026 22371 27328 56047 85464 30983 1161 16611 99752 76754 75320 29783 87102 83906 14058 83063 67308 88234 98439 4034 57472 63722 20845 90441 32475 34534 52293 84484 74620 93957 64211 87917 54001 9326 89994 13087 38976 74845 30349 16204 77436 72038 35820 37207 36508 4354 19758 53952 63129 40086 51404 80440 95438 87351 56179 54649 95615 64368 77178 93797 83140 59094 15986 48668 93134 55626 93671 80057 56653 57007 69667 92369 92889 61266 56786 8068 33002 45836 10629 17672 48164 71783 26270 7787 26971 84908 35468 76918 6039 55023 26010 7179 47349 97549 40442 19537 95244 74453 78830 32622 22364 12509 57976 6112 26362 27216 71210 272 67236 19914 49036 79179 12380 93031 58998 10826 28699 92446 41200
24756 19235 40384 76744 45195 91895 84960 31907 43407 25550 84118 38751 93777 74990 35648 97958 27088 94933 3511 81681 50924 76006 17097 12113 86438 98891 33284 82838 47090 73384 88500 26668 46665 96272 11506 15264 59853 1375 41544 91527 35278 40152 3340 35483 41891 69517 63623 2646 63186 40277 3953 73354 68167 79174 5363 82170 56411 79058 74380 9165 53474 8313 63288 22080 11670 79197 24041 82604 15074 9535 28154 35077 84312 7290 7131 14137 26612 88639 93891 83293 92367 95761 89798 19137 38638 86788 73216 19232 86953 44854 75986 88382 30862 1154 19693 30865 19659 15006 14869 4232 1863 3395 23080 94907 34999 25826 3511 78949 43376 88012 846 76911 19769 87327 41059 73085 26573 14855 17473 80576 26115 12860 619 75365 48519 56065 74250 35167
63828 68962 60467 92575 24524 46495 13619 53824 48962 43434 8325 81927 3172 40547 4950 510 14431 57389 55598 59152 63703 32871 16974 63735 30198 24436 37643 25809 53329 99190 57958 87217 82705 81760 85283 68823 18718 26179 25569 67774 96336 14617 51240 19898 62812 39010 96923 61959 14019 70374 33780 22296 77772 3924 77634 44593 93601 79133 59400 13722 59413 47876 70282 7896 30132 68264 54386 16857 84045 66911 49149 66435 54599 38692 12414 14572 95487 74391 29713 41043 51371 84968 72642 13538 27042 97012 76105 11843 91841 34964 67861 41543 5051 62816 87993 94260 59812 14485 7214 88977 39979 92582 70702 16545 13533 17514 51313 72404 30318 20794 28740 87505 77006 53707 23137 50479 15571 28019 46170 44224 85137 31516 47720 95366 17237 45697 5129 88165
21825 8240 98392 81380 64910 51147 68513 60581 26593 6844 67841 7362 35470 67673 29087 36915 87389 29263 96826 76174 53262 49404 92565 53312 41262 92311 34882 85074 42854 33755 41602 47847 19913 27086 91807 35410 49058 51210 67950 2940 31549 81245 69826 12384 67835 20279 10936 6373 59463 4179 90943 95003 86213 68088 10880 4530 26236 62234 19060 95234 25014 19358 56099 59811 53123 3360 80617 12260 56346 53272 61570 4657 80884 71157 44394 56149 32292 46060 12723 15639 11697 72768 16938 31644 16020 98551 29413 32704 13487 28943 68133 89234 7411 75104 47225 63023 15015 86701 33664 89193 48034 99043 85638 67058 3128 11183 8073 82287 95580 99983 25230 27919 3809 86727 52258 78881 94636 70681 68649 37718 66835 20526 75953 53282 56477 10532 51349 52551
86189 57051 71916 54280 89837 83398 32567 88251 96338 23005 78145 10460 94755 46725 49964 57586 7551 47525 60834 19562 27913 6280 66550 30923 97355 26590 57906 55027 42330 92409 41432 39486 17737 86456 5255 5515 46961 69689 72734 30275 9978 16957 83459 17798 63153 68753 14438 78321 25832 96878 75158 43277 93915 51548 31838 68835 30806 77806 66523 69744 34361 95846 98052 10113 68901 71656 3826 15439 66395 37835 2659 78915 41686 48079 88119 41775 47545 86121 78357 76403 9040 63274 63346 14343 14147 14261 76483 44919 57043 61210 56727 75463 14320 89232 67512 47363 33186 78431 55968 61624 70812 79362 21203 85944 14754 45431 8181 20378 56416 61026 91486 76813 92960 58717 83012 27751 82798 82911 34011 4905 29533 70833 93539 59257 38324 13254 93612 53777
46897 68823 63980 99143 48356 92095 31314 5201 72544 719 66206 35479 68708 37606 59789 78481 80436 85084 9132 18723 56699 75971 89637 85472 86258 92813 27584 74550 95271 35198 73408 34516 76733 11892 57885 59500 88269 60923 83327 44527 33563 49001 9696 16351 11585 30569 4779 70221 77696 45812 4537 95526 3944 22855 39800 65673 67111 99347 51583 686 12805 8981 83411 69592 19404 17770 86572 71794 16682 84497 123 8471 44799 21648 33482 44399 24481 18165 60008 72050 54252 47938 3148 28468 7940 46112 77276 95213 88888 39403 26918 15487 47216 74484 88402 2853 60000 59372 18484 82955 32157 62748 11824 74409 41357 72691 37394 55736 81174 98796 5305 41071 75757 92996 51760 41903 4860 77275 95363 9548 76293 66822 16000 35523 87833 95358 15290 23639
68884 50829 78301 99590 45192 19641 15014 38060 96918 74014 58583 79588 96258 15269 16336 86781 88501 65782 35769 75134 68731 2896 11793 7301 82828 46837 30147 32668 66261 28554 75647 51761 58621 29541 67127 59944 54847 8430 96166 32594 51900 36223 61107 1611 30126 76594 24391 27514 39069 4127 89292 65173 24312 16939 21548 81045 55479 93157 45422 41099 9930 59203 7698 84094 68985 15946 57484 92594 17663 47984 14330 21846 2773 45835 98063 47074 42281 16666 71178 81798 59438 82519 39377 48015 4247 27559 17316 27339 29865 30168 62534 92944 90592 59678 57914 46622 18875 46235 22556 42649 70128 38397 28132 43670 45219 60719 48571 13814 11309 595 84852 4606 49544 18604 88640 77887 49662 44965 43608 80852 90425 20453 35328 77112 10140 73848 60044 76774
93664 11155 22649 71573 36987 17985 61175 18339 55589 1514 46478 20330 11026 7318 41648 78589 53480 72810 21655 9639 9014 10177 90310 71132 33194 46639 12002 81460 4812 16372 89178 26020 48577 94765 72254 34859 79949 76934 55826 37453 70049 92644 78918 45708 56979 5751 94995 4477 66093 6675 65391 42996 77929 11716 2501 62631 63520 77202 48473 88912 84883 58955 60080 8186 20731 79242 6298 82431 23612 95134 63793 59385 24633 25781 73512 68646 32242 38991 48157 65334 4009 1975 96254 84929 11954 97060 28900 48822 97146 26655 17452 82655 46127 52932 3807 94980 54287 74554 43032 97728 14360 12563 62320 54543 28876 42417 39402 31113 10907 53033 97142 12115 50289 84436 23500 37612 19841 38270 89844 83985 2717 87777 30751 32475 46829 55181 92216 39093
40323 41354 3328 14864 37007 23333 24034 39082 73188 67764 23772 97693 38116 40519 50811 11820 10867 97978 86513 75739 4313 65478 32397 91374 43 68449 2529 86472 57652 10661 97440 93040 51767 23073 58968 90814 39850 32354 26594 38877 83617 74213 77717 14054 18331 25828 51992 89110 60921 55765 74731 79680 29649 85108 55725 7048 54527 92609 95829 28012 94874 83398 26159 81379 42239 2332 39894 10769 29414 44738 33814 12165 58348 12366 67262 3220 13471 9100 30612 19282 3672 85590 51459 66871 90384 84539 59025 15613 87303 15028 27578 25878 55598 54029 92914 25622 1747 70943 17881 89798 71197 63069 70181 67468 33079 34210 29148 14488 99951 41148 51755 649 40353 58296 4933 27674 51820 39037 10182 50640 93671 85080 29778 90190 65170 80337 73035 71935
70299 50472 30713 71677 83337 25610 62917 40638 99038 13143 37148 68904 35649 48687 5527 89309 29439 35679 34760 6105 89542 40624 27250 96601 85405 73472 23704 85337 96616 71140 36532 79671 70278 9457 10527 48390 42899 75580 87454 32513 48438 23916 40444 16467 43750 34600 39917 55164 85033 89111 30396 4619 4201 75671 67731 84959 94531 93390 51611 79357 68777 24304 70880 14586 88619 39323 79813 75339 69781 65513 24110 90586 15320 31947 99747 55025 64760 39782 52574 48970 70946 57541 90175 8983 61248 77992 80529 10879 16836 53324 73556 42947 42941 36055 44170 25333 72992 5534 78680 22819 76713 16760 97029 92013 31294 2436 58826 50147 21303 92820 81294 55679 81235 72335 44033 95522 99396 11323 432 32847 22106 75362 53022 32255 50924 85736 32797 62498
83585 79832 86323 96944 22456 38736 57943 89569 96821 39355 78756 7666 52569 60941 18910 58237 28566 75743 81915 62275 23053 82548 76388 37014 19569 31840 63243 91179 84265 74320 19814 69518 82020 94537 79435 43684 17151 31747 60514 43192 4401 45899 60329 32166 86263 70654 64911 39310 53550 60583 33411 67322 73520 34577 42814 61412 60781 90881 73468 92506 59459 46705 38443 85954 89897 80935 45788 23064 3280 81661 53828 57303 34100 46550 45972 71736 68260 97850 62170 34650 19811 8931 23704 90861 23912 32108 57474 51136 97323 39572 96610 40719 6466 37183 89427 58476 71023 3504 28441 71935 46049 17152 62024 38736 8012 49214 28542 88160 80085 77236 51278 18145 90558 11262 35560 96344 31512 59924 77742 20211 21395 71735 40422 54510 19843 20965 4292 96771
30847 94816 66858 55156 3600 63228 96403 53909 51237 64901 77207 8276 42927 58285 83702 13563 12062 9962 55177 11155 71828 91019 15712 60574 64686 23387 100000 28460 51838 35845 93475 4456 44637 72114 32364 35937 74795 16907 75396 76994 18691 37285 31889 27257 22452 92922 63685 58074 40147 63884 69972 24162 42465 36999 69581 48297 60462 20529 25175 38495 29391 36246 72283 34028 63300 95552 99612 16424 88765 40078 38011 81947 25625 71776 41481 36701 27675 44520 72167 11452 55534 35554 55948 47722 29967 56059 80494 78740 99285 44163 55752 35281 40735 90938 17953 72251 21022 11485 70293 49678 10496 39779 85829 61036 77208 82861 7897 74850 6046 31490 86320 44149 30495 71509 29464 62120 91033 97757 86284 76053 75465 80882 23737 18094 62439 26986 2217 39637
2163 60480 18410 15633 3252 15741 23689 50100 84301 58524 79849 62536 36281 55402 1999 30691 33078 29998 84559 13232 31261 42951 83449 24085 88423 67124 41661 41713 82824 4674 69977 20413 17763 5029 48385 85759 14013 98181 448 37367 3960 27018 74225 74184 34943 24850 48798 83921 25086 4339 99774 80840 54411 44416 2492 91903 79025 7961 90953 90555 2560 95055 74869 20020 99835 68528 14159 81598 49068 34243 26124 63785 60111 31686 77325 53169 36743 14752 62985 66477 62017 81585 6674 49469 54968 27074 5795 35304 65266 78399 85046 14004 53715 81966 85019 74622 21350 9779 6055 82251 64534 25562 58167 68120 25372 15625 92091 28692 28858 39139 78832 81904 45868 80814 31920 47924 27340 31953 70888 24178 92137 48239 689 8439 874 13842 15761 11826
13064 61870 60784 20 15413 57340 57299 80977 79173 85619 23146 76811 46393 80091 28435 50128 73288 11985 27054 16214 74404 38635 75063 76353 60660 2938 73357 51843 3887 82623 79075 33078 76259 54494 43955 21924 92245 82586 23794 78958 18575 44377 73509 98793 99584 46232 28632 93859 16550 83089 90938 46323 79766 87981 72529 48087 32456 18326 66999 4794 45001 92954 97341 47423 19029 35200 92427 86777 23969 15554 54192 7632 77980 48634 10426 37022 77327 37515 49362 18289 1901 76261 11717 22004 85099 40510 30776 94950 26557 62978 75809 57032 20000 9479 90735 70028 42520 53219 34518 77726 26155 16739 30114 72912 82744 34419 21929 3600 72080 96035 18903 76384 58480 96659 98910 81384 33198 78461 1014 74252 54975 15726 2579 86570 73229 53477 62107 4571
53369 35071 16877 31866 6497 17598 86474 77610 7901 34935 92319 13561 76694 68224 6761 37002 22260 38571 20904 91835 15278 65059 16668 90108 50622 76252 37601 21459 3640 17932 65030 57836 55628 18986 29415 51236 29971 26464 68107 31888 19560 93355 77289 98908 98607 9614 21310 94896 33007 87168 83685 49875 9051 93542 99109 26865 61812 49731 73754 86751 15024 76435 53187 24858 42092 72927 28179 57041 54200 46821 10534 21468 50800 18423 92747 71875 38739 6394 18551 41776 54417 58628 40790 36477 44188 33368 28073 93539 48059 10065 31599 86419 2160 37741 30594 78506 55494 18045 46153 37044 5694 75718 79804 54942 86714 3412 96270 56763 2696 61968 27580 44201 47461 51352 81559 51165 72684 64542 67046 62003 24940 41599 28584 31102 29725 54963 72583 90955
91857 54484 6781 46511 58156 55675 40091 92931 66794 38647 55779 73470 91191 4744 97138 81007 85362 17027 1764 96906 65496 18100 54812 20684 22141 64560 32710 79352 36077 17612 58005 26083 65320 69652 3121 73426 58498 7757 5824 13763 84949 43434 5619 39547 9276 96696 39993 48667 50090 36399 69438 80935 14623 53315 59470 87707 4117 46101 68386 90329 68359 81822 51909 33816 79880 80994 36007 4802 69472 73670 99142 39822 35334 35315 24386 7905 45015 62476 24358 68455 65273 9988 30673 85189 8541 92368 99448 20419 84310 58316 95033 62718 72494 73856 99604 80338 79355 65371 43528 25654 48085 4788 99898 5452 15398 63435 63618 13797 62705 21175 76787 62676 21684 71480 91914 82661 59226 25350 88712 32319 13279 93231 50571 41979 88566 69393 60482 28777
10748 61527 43521 62886 23346 2959 73362 92862 43920 79146 72582 59586 41629 32793 77185 38715 59055 65358 39974 31440 99521 84025 5247 13037 77536 72515 53847 41098 70544 9768 92000 92633 32076 86097 1963 39226 2791 9455 24415 68658 95079 1392 91708 282 27505 56776 280 62792 445 82685 90978 51825 30633 40592 54144 83035 50724 61345 90293 79529 44788 25436 76062 82429 30964 89776 97329 71500 34266 21243 75028 42028 38513 1110 34757 31845 18222 40990 93522 62897 50444 80528 4554 67373 63434 56307 68531 54997 40358 12758 85264 70487 51380 96913 41327 80200 35242 81573 9588 42774 65708 79080 4264 18147 18482 84797 45505 11857 86653 30959 6276 58955 3710 51520 86681 36512 97145 93515 18381 17929 54242 31428 70074 24641 96878 15839 15894 33447
25672 63912 40160 57904 89491 33925 64012 43025 35964 18393 11079 24520 11984 92755 62164 57989 48289 52874 28325 27284 91075 76176 22746 73024 6100 19743 25270 78566 73664 54402 68758 15709 93903 23515 78978 90503 77405 33944 33863 69990 61561 4538 57957 57271 75371 43258 43611 31361 49322 96351 38482 40634 23245 66923 43417 95941 56554 96308 18374 95189 50430 70562 80177 53258 89036 47949 78711 49795 41697 49768 13331 70339 65005 50548 64983 58764 38916 5819 52833 45397 409 22127 85011 27702 55777 72308 97992 21931 69730 72308 47457 69656 18739 64278 32975 93462 376 2291 45359 6240 95648 98595 76576 77026 67487 49941 16585 6208 72071 79567 12443 80737 36818 83322 1232 38694 30347 18997 36283 18627 68800 19697 71234 39698 21225 635 20418 32813
97205 24572 90167 67345 30951 92304 46424 3919 22449 41085 41784 24806 91742 1559 1870 66285 19689 50335 67455 41777 49387 62973 82286 32082 46741 13022 34033 24809 44738 53173 36666 85643 98767 77178 46445 16678 50732 5842 44297 58620 12461 26272 39152 62175 46042 57601 6778 91099 92271 93738 86110 10026 87716 72318 16023 53325 48266 35912 16809 31520 52434 77393 98512 49531 60977 60050 11949 11348 10784 38998 66259 38626 20911 18984 5237 74828 12456 82699 88489 97098 10440 83790 73648 9112 88529 51484 98603 46282 15129 49417 10345 65447 8639 8567 23315 19174 44015 22621 23872 10926 98036 79265 76424 46730 6283 66078 52338 80321 80611 31335 82523 92419 2690 85453 8238 46856 65537 22773 78473 25744 288 14142 77185 14395 60556 9538 11748 7072
99705 42721 66884 34685 85110 53611 5791 65214 76538 11446 88932 47027 70500 30633 20297 78318 53154 93442 51438 55513 52558 17784 36867 41278 83400 18216 33453 62304 45111 61655 50689 86258 58204 83454 9880 11299 24980 75682 6030 44417 28976 63988 872 55497 49222 90653 27123 20025 70435 99915 51090 20161 3962 79468 84024 24402 7909 9025 38480 79751 63352 64932 4410 24185 97775 61490 65628 66155 65543 92052 16383 27251 52954 47663 83653 6613 62175 34251 67967 88965 9755 63632 6743 57524 10507 50129 47194 31508 60508 57236 82323 87936 24853 2533 58785 5197 46987 96485 47215 90531 33990 2310 28004 19393 9563 21961 61892 22600 66339 79518 60784 74575 7317 91334 25915 9351 79809 76630 20683 66417 33535 34815 39327 19576 39008 48103 95549 41130
57762 16519 24681 74365 57250 59019 2901 92096 96418 72846 13235 97921 34181 34931 5585 26388 22112 11678 55137 34938 49095 64265 70035 88175 20407 5419 35097 4592 85691 68739 61280 96396 93670 70221 94790 66321 54957 42451 67928 15762 64384 96052 14996 33284 86036 56255 41245 91615 34316 12687 20321 22257 30879 28847 88947 62813 6208 2301 6820 33311 44923 95906 49264 32226 18816 89400 57232 29158 79937 14518 2763 35258 8513 25171 86794 70935 49326 21657 53507 60530 5399 20757 52640 75752 50741 81513 68041 76782 73174 2566 43183 97600 67769 41233 89321 35069 21882 56317 33015 44690 13692 93378 81965 54539 95977 91381 89817 15428 23010 10261 9019 6539 54908 46672 61355 51542 3055 85462 54678 26194 25742 85213 41574 91614 53178 38188 99014 93596
65978 38136 8493 62678 69210 98959 32620 63642 79312 51718 34030 57889 79587 4012 52755 98238 14461 79361 39530 36373 67391 43232 89216 5610 10200 91333 75116 26498 60951 2378 74754 89237 53206 47464 36734 16164 27639 33001 10142 66064 20409 42071 2117 68929 41062 74004 60969 84391 80448 86741 3835 96951 87500 99042 20165 27687 17875 27492 75158 93228 69546 10081 76377 21158 71822 34219 51313 88912 8576 52141 28402 41203 31769 69428 9271 94781 57669 18667 96049 93787 19026 5637 50614 55131 50861 98455 61652 67780 35680 31807 51092 36454 95185 76766 22679 84924 43238 80149 62985 72535 43427 93295 25316 24139 53973 78008 19722 17696 17778 99516 93939 18138 86653 62041 72195 75683 63041 33291 76223 45823 63363 79838 63056 91258 77407 70492 86496 33686
38557 64639 45459 56071 13616 26550 94920 78920 71095 64658 52332 24298 80076 29063 5927 73811 45671 70016 34007 45366 74816 37445 97145 4150 72659 91623 87303 14905 24784 92246 93124 79854 82272 57911 49419 77986 22658 62323 24405 12850 85945 76635 16795 59468 83670 87817 28333 42337 8650 47754 87682 36114 1104 84227 27298 13477 2314 60726 86938 54946 67069 66432 23042 23821 85180 55921 44537 56132 80944 78114 88571 50514 91596 52914 82083 70958 90494 73688 37189 78445 24123 75542 25032 34029 56803 19281 1486 3702 44077 70967 65247 20978 38151 40009 21722 55792 45713 24363 97226 12211 32944 32379 22729 81266 99576 46029 58170 28289 18924 36472 56533 78664 59621 94935 17185 3432 35879 86072 32957 81623 99245 76207 32560 86140 32115 63042 75231 50281
689671 488775 46796 748101 41007 203586 812334 275422 1212348 983945 993972 233564 460087 887863 45446 113186 155131 649310 343144 1133883 166719 649512 66590 693922 799291 1054143 59322 1103408 1068264 792149 974945 157353 676391 1032562 1035446 1167626 828658 327901 285417 516 1284060 63047 679543 449275 745883 185475 577682 670861 749148 746732 1168212 938788 53179 752970 727393 756821 1104064 76137 339055 409676 657156 551571 266835 500227 925621 218730 105913 845044 200479 1051460 1194931 864476 615305 258285 259095 455704 1110348 612779 946744 585362 529456 1121760 184458 752693 77436 786048 219715 117463 995936 942666 645402 1098787 70741 475647 1060756 290978 236758 509315 55389 474649 689105 1011732 266504 156116 646110 688745 1044384 471963 1109955 457082 843728 53462 616717 1034141 578496 524933 533592 251561 150774 447373 902753 647827 864927 556050 529922 189767 740620 176182
