64
0 1 1 0 1 1 1 1 1 1 1 1 1 1 1 1 1 1 1 1 1 1 1 1 1 1 1 1 1 1 1 1 1 1 1 1 1 1 1 1 1 1 1 1 1 1 1 1 1 1 1 1 1 1 1 1 1 1 1 1 1 1 1 1
1 0 1 1 1 1 1 1 1 1 0 1 1 1 1 1 1 1 1 1 1 1 1 1 1 1 1 1 1 0 1 1 1 1 1 1 1 1 1 1 1 1 1 1 1 0 1 1 1 1 1 1 1 1 1 1 1 1 1 1 1 1 1 1
1 1 0 1 1 1 1 1 1 1 1 1 0 1 1 1 1 1 1 1 1 1 1 1 1 0 1 1 1 1 1 1 1 1 1 1 1 1 1 1 1 1 1 1 1 1 1 1 1 1 1 1 1 1 1 1 1 1 1 1 1 1 1 1
0 1 1 0 1 1 1 1 1 1 0 1 1 1 1 1 1 1 1 1 1 1 1 1 1 1 1 1 1 1 1 1 1 1 1 1 1 1 1 1 1 1 1 1 1 1 1 1 0 1 1 1 1 1 1 0 1 1 1 1 1 1 1 1
1 1 1 1 0 1 1 1 1 1 1 1 1 1 1 1 1 0 1 0 0 1 1 1 1 1 0 1 1 1 1 0 1 1 1 1 1 1 1 1 0 1 1 1 1 1 1 1 1 1 1 1 1 1 1 1 1 1 1 1 1 1 0 1
1 1 1 1 1 0 1 1 1 1 1 1 1 1 1 1 1 0 1 0 1 1 1 1 1 1 1 1 1 1 1 1 1 1 1 1 1 1 1 1 1 0 1 1 1 1 1 0 1 1 1 1 1 1 1 1 1 1 1 1 1 1 1 1
1 1 1 1 1 1 0 1 1 1 1 1 1 1 1 1 1 1 1 1 1 1 1 1 1 1 1 1 1 1 1 1 1 1 1 1 1 1 1 0 1 1 1 1 0 1 1 1 1 1 1 1 0 1 1 1 1 1 1 1 1 1 1 1
1 1 1 1 1 1 1 0 1 1 1 1 1 1 1 1 1 1 1 1 1 1 1 1 1 1 1 1 1 1 1 1 1 1 1 1 1 1 1 1 1 1 1 1 1 1 1 1 1 1 1 1 1 1 1 1 1 1 1 0 1 1 1 1
1 1 1 1 1 1 1 1 0 1 1 1 1 0 1 1 1 1 1 1 0 1 1 1 1 1 1 1 1 1 1 1 1 1 1 1 1 1 1 1 1 1 1 1 1 1 1 1 1 1 1 1 1 1 1 1 1 1 1 1 1 1 1 1
1 1 1 1 1 1 1 1 1 0 1 1 1 1 1 1 1 1 0 1 1 1 1 1 1 1 1 1 1 1 0 1 1 1 1 1 1 1 1 1 1 1 1 1 1 1 1 1 1 1 1 1 1 1 1 1 1 1 1 1 1 1 1 0
1 0 1 0 1 1 1 1 1 1 0 1 1 1 1 1 1 1 1 1 1 1 1 0 1 1 1 1 1 1 1 1 1 1 1 1 1 1 1 1 1 1 1 1 1 1 1 1 1 0 1 1 1 1 1 1 1 1 1 1 1 1 1 1
1 1 1 1 1 1 1 1 1 1 1 0 1 1 1 1 1 1 1 1 1 1 1 1 1 1 1 1 1 1 0 1 1 0 1 1 1 1 1 1 1 1 1 1 1 1 1 1 1 1 1 1 1 1 1 1 1 1 1 1 1 1 1 1
1 1 0 1 1 1 1 1 1 1 1 1 0 1 1 1 1 1 1 1 1 1 1 1 1 1 0 1 1 1 1 1 1 1 0 1 1 1 1 1 1 1 1 1 1 1 1 1 1 1 1 1 1 1 1 1 1 0 1 1 1 1 1 1
1 1 1 1 1 1 1 1 0 1 1 1 1 0 1 1 1 1 1 1 1 1 1 1 1 1 1 1 1 1 1 1 1 1 1 1 0 1 1 1 1 1 1 1 1 1 1 1 1 1 1 1 1 1 1 1 1 1 1 1 1 1 1 1
1 1 1 1 1 1 1 1 1 1 1 1 1 1 0 1 1 1 1 1 1 1 0 1 1 1 1 1 1 1 1 1 1 1 1 1 1 1 1 1 1 1 1 1 1 1 1 1 1 1 1 1 1 1 1 1 0 1 1 1 1 1 1 1
1 1 1 1 1 1 1 1 1 1 1 1 1 1 1 0 1 0 1 1 1 1 1 1 1 1 1 0 1 1 1 1 1 1 1 1 1 1 1 1 1 1 1 0 1 0 1 1 1 1 1 1 1 0 1 0 1 1 1 1 1 1 1 1
1 1 1 1 1 1 1 1 1 1 1 1 1 1 1 1 0 1 1 1 1 1 1 1 1 1 1 1 1 1 1 1 1 1 1 1 1 1 1 1 1 1 1 1 1 1 1 1 1 1 1 1 1 1 1 1 1 1 1 1 1 1 1 1
1 1 1 1 0 0 1 1 1 1 1 1 1 1 1 0 1 0 1 1 1 1 1 1 1 1 0 1 1 1 1 1 0 0 1 1 1 1 1 1 1 1 1 1 1 1 1 1 1 1 1 1 1 1 1 1 1 1 1 1 1 1 1 0
1 1 1 1 1 1 1 1 1 0 1 1 1 1 1 1 1 1 0 1 1 1 1 1 1 1 1 1 1 1 1 1 1 1 1 1 1 1 1 1 1 1 1 1 1 1 1 1 1 1 1 1 1 1 1 1 1 1 0 1 1 1 1 1
1 1 1 1 0 0 1 1 1 1 1 1 1 1 1 1 1 1 1 0 1 1 1 1 1 1 1 1 1 1 1 1 1 1 1 1 1 1 1 1 1 0 1 1 1 1 1 1 1 1 1 0 1 0 1 1 1 1 1 1 1 1 1 1
1 1 1 1 0 1 1 1 0 1 1 1 1 1 1 1 1 1 1 1 0 1 1 1 0 1 1 1 1 1 1 0 1 1 1 1 0 1 1 1 1 0 1 1 1 1 1 1 1 1 0 1 1 1 1 1 1 1 1 1 1 0 1 1
1 1 1 1 1 1 1 1 1 1 1 1 1 1 1 1 1 1 1 1 1 0 1 1 1 1 1 1 1 1 1 1 1 0 1 1 1 1 1 1 1 1 0 1 1 1 1 1 1 1 1 1 0 1 1 1 1 1 0 1 1 1 1 1
1 1 1 1 1 1 1 1 1 1 1 1 1 1 0 1 1 1 1 1 1 1 0 1 1 1 1 1 1 1 1 0 1 1 1 0 1 1 1 1 1 1 1 1 1 1 1 1 1 1 0 1 1 1 1 1 1 1 1 1 1 1 1 1
1 1 1 1 1 1 1 1 1 1 0 1 1 1 1 1 1 1 1 1 1 1 1 0 1 1 1 1 1 1 0 1 1 1 1 1 1 1 1 1 1 1 0 1 1 1 1 1 0 1 1 1 1 1 1 1 1 1 0 1 1 1 1 1
1 1 1 1 1 1 1 1 1 1 1 1 1 1 1 1 1 1 1 1 0 1 1 1 0 1 1 1 1 1 1 1 1 1 1 1 1 1 1 1 1 1 1 1 1 1 1 1 1 1 1 1 1 1 1 1 0 1 1 1 1 1 1 1
1 1 0 1 1 1 1 1 1 1 1 1 1 1 1 1 1 1 1 1 1 1 1 1 1 0 1 1 1 1 1 1 1 1 1 1 1 0 1 1 1 1 1 1 1 1 1 1 1 1 1 1 1 1 1 1 1 1 1 1 1 1 1 1
1 1 1 1 0 1 1 1 1 1 1 1 0 1 1 1 1 0 1 1 1 1 1 1 1 1 0 1 1 1 1 1 1 1 1 1 1 1 1 1 1 1 1 1 1 1 1 1 1 1 1 1 1 1 1 1 1 1 1 1 1 1 1 1
1 1 1 1 1 1 1 1 1 1 1 1 1 1 1 0 1 1 1 1 1 1 1 1 1 1 1 0 1 1 1 1 0 1 1 1 1 1 0 1 1 1 1 1 1 1 1 1 1 1 1 1 1 1 1 1 1 1 1 1 1 1 1 1
1 1 1 1 1 1 1 1 1 1 1 1 1 1 1 1 1 1 1 1 1 1 1 1 1 1 1 1 0 1 1 1 1 1 1 1 1 1 1 1 1 1 1 1 1 1 1 1 1 1 1 1 1 1 1 1 1 1 1 1 0 1 1 1
1 0 1 1 1 1 1 1 1 1 1 1 1 1 1 1 1 1 1 1 1 1 1 1 1 1 1 1 1 0 1 1 1 1 1 1 0 1 1 1 1 1 1 1 1 1 1 1 1 1 1 1 1 1 1 1 1 1 1 1 1 1 1 1
1 1 1 1 1 1 1 1 1 0 1 0 1 1 1 1 1 1 1 1 1 1 1 0 1 1 1 1 1 1 0 0 1 1 1 1 1 1 1 1 1 0 1 1 1 1 1 1 1 1 1 1 1 1 1 1 1 1 1 1 1 1 1 1
1 1 1 1 0 1 1 1 1 1 1 1 1 1 1 1 1 1 1 1 0 1 0 1 1 1 1 1 1 1 0 0 1 1 1 1 1 1 1 1 1 1 1 1 1 0 1 0 1 0 1 1 1 1 1 1 0 1 1 1 1 1 1 1
1 1 1 1 1 1 1 1 1 1 1 1 1 1 1 1 1 0 1 1 1 1 1 1 1 1 1 0 1 1 1 1 0 1 1 1 1 1 1 1 1 1 1 1 1 1 1 1 1 1 1 1 1 1 1 1 1 1 1 1 1 1 1 1
1 1 1 1 1 1 1 1 1 1 1 0 1 1 1 1 1 0 1 1 1 0 1 1 1 1 1 1 1 1 1 1 1 0 1 1 1 1 1 1 1 1 1 1 1 1 1 1 1 1 1 1 1 1 1 1 1 1 1 0 1 1 1 1
1 1 1 1 1 1 1 1 1 1 1 1 0 1 1 1 1 1 1 1 1 1 1 1 1 1 1 1 1 1 1 1 1 1 0 1 1 1 1 1 1 1 1 1 1 1 1 1 1 1 1 1 1 1 1 1 1 1 1 1 1 1 1 1
1 1 1 1 1 1 1 1 1 1 1 1 1 1 1 1 1 1 1 1 1 1 0 1 1 1 1 1 1 1 1 1 1 1 1 0 1 1 1 1 1 1 1 1 1 1 1 1 1 1 1 1 1 1 1 1 1 1 1 1 1 1 1 1
1 1 1 1 1 1 1 1 1 1 1 1 1 0 1 1 1 1 1 1 0 1 1 1 1 1 1 1 1 0 1 1 1 1 1 1 0 1 1 1 1 1 1 1 1 1 1 1 1 1 1 1 1 1 1 1 1 1 1 1 1 0 1 1
1 1 1 1 1 1 1 1 1 1 1 1 1 1 1 1 1 1 1 1 1 1 1 1 1 0 1 1 1 1 1 1 1 1 1 1 1 0 1 1 1 1 1 1 1 1 1 0 1 1 1 1 1 1 1 1 1 1 1 1 0 1 1 1
1 1 1 1 1 1 1 1 1 1 1 1 1 1 1 1 1 1 1 1 1 1 1 1 1 1 1 0 1 1 1 1 1 1 1 1 1 1 0 1 1 1 1 1 1 1 1 1 1 1 1 1 1 1 1 1 1 1 1 0 1 1 1 1
1 1 1 1 1 1 0 1 1 1 1 1 1 1 1 1 1 1 1 1 1 1 1 1 1 1 1 1 1 1 1 1 1 1 1 1 1 1 1 0 1 1 0 1 1 1 1 0 0 0 1 1 1 1 1 1 1 1 1 1 1 1 1 1
1 1 1 1 0 1 1 1 1 1 1 1 1 1 1 1 1 1 1 1 1 1 1 1 1 1 1 1 1 1 1 1 1 1 1 1 1 1 1 1 0 1 1 1 1 1 1 1 1 1 1 1 1 1 1 1 1 1 1 1 1 1 0 1
1 1 1 1 1 0 1 1 1 1 1 1 1 1 1 1 1 1 1 0 0 1 1 1 1 1 1 1 1 1 0 1 1 1 1 1 1 1 1 1 1 0 1 1 1 1 1 1 1 0 1 1 1 1 1 1 1 1 1 1 0 1 1 1
1 1 1 1 1 1 1 1 1 1 1 1 1 1 1 1 1 1 1 1 1 0 1 0 1 1 1 1 1 1 1 1 1 1 1 1 1 1 1 0 1 1 0 1 1 1 1 1 1 1 1 1 1 1 1 1 1 1 1 1 1 1 1 1
1 1 1 1 1 1 1 1 1 1 1 1 1 1 1 0 1 1 1 1 1 1 1 1 1 1 1 1 1 1 1 1 1 1 1 1 1 1 1 1 1 1 1 0 1 1 1 1 1 1 1 1 1 1 1 1 1 1 1 1 1 1 1 0
1 1 1 1 1 1 0 1 1 1 1 1 1 1 1 1 1 1 1 1 1 1 1 1 1 1 1 1 1 1 1 1 1 1 1 1 1 1 1 1 1 1 1 1 0 1 1 1 1 1 1 1 1 1 1 1 1 1 1 1 1 1 1 1
1 0 1 1 1 1 1 1 1 1 1 1 1 1 1 0 1 1 1 1 1 1 1 1 1 1 1 1 1 1 1 0 1 1 1 1 1 1 1 1 1 1 1 1 1 0 1 1 1 1 1 1 1 1 1 1 1 1 1 1 1 1 1 1
1 1 1 1 1 1 1 1 1 1 1 1 1 1 1 1 1 1 1 1 1 1 1 1 1 1 1 1 1 1 1 1 1 1 1 1 1 1 1 1 1 1 1 1 1 1 0 1 1 1 1 1 1 1 1 1 1 1 1 1 1 1 1 1
1 1 1 1 1 0 1 1 1 1 1 1 1 1 1 1 1 1 1 1 1 1 1 1 1 1 1 1 1 1 1 0 1 1 1 1 1 0 1 0 1 1 1 1 1 1 1 0 1 1 1 1 1 1 1 1 1 1 1 1 1 1 1 1
1 1 1 0 1 1 1 1 1 1 1 1 1 1 1 1 1 1 1 1 1 1 1 0 1 1 1 1 1 1 1 1 1 1 1 1 1 1 1 0 1 1 1 1 1 1 1 1 0 1 1 1 1 1 1 1 1 1 1 1 0 1 1 1
1 1 1 1 1 1 1 1 1 1 0 1 1 1 1 1 1 1 1 1 1 1 1 1 1 1 1 1 1 1 1 0 1 1 1 1 1 1 1 0 1 0 1 1 1 1 1 1 1 0 1 1 1 1 1 1 1 1 1 1 1 1 1 1
1 1 1 1 1 1 1 1 1 1 1 1 1 1 1 1 1 1 1 1 0 1 0 1 1 1 1 1 1 1 1 1 1 1 1 1 1 1 1 1 1 1 1 1 1 1 1 1 1 1 0 1 1 1 1 1 1 1 1 1 1 1 1 1
1 1 1 1 1 1 1 1 1 1 1 1 1 1 1 1 1 1 1 0 1 1 1 1 1 1 1 1 1 1 1 1 1 1 1 1 1 1 1 1 1 1 1 1 1 1 1 1 1 1 1 0 1 1 0 1 1 1 1 1 0 1 1 1
1 1 1 1 1 1 0 1 1 1 1 1 1 1 1 1 1 1 1 1 1 0 1 1 1 1 1 1 1 1 1 1 1 1 1 1 1 1 1 1 1 1 1 1 1 1 1 1 1 1 1 1 0 1 1 1 0 1 1 1 1 1 1 1
1 1 1 1 1 1 1 1 1 1 1 1 1 1 1 0 1 1 1 0 1 1 1 1 1 1 1 1 1 1 1 1 1 1 1 1 1 1 1 1 1 1 1 1 1 1 1 1 1 1 1 1 1 0 1 1 1 1 1 1 1 1 1 0
1 1 1 1 1 1 1 1 1 1 1 1 1 1 1 1 1 1 1 1 1 1 1 1 1 1 1 1 1 1 1 1 1 1 1 1 1 1 1 1 1 1 1 1 1 1 1 1 1 1 1 0 1 1 0 1 1 1 1 1 1 1 1 1
1 1 1 0 1 1 1 1 1 1 1 1 1 1 1 0 1 1 1 1 1 1 1 1 1 1 1 1 1 1 1 1 1 1 1 1 1 1 1 1 1 1 1 1 1 1 1 1 1 1 1 1 1 1 1 0 1 1 1 1 1 1 1 1
1 1 1 1 1 1 1 1 1 1 1 1 1 1 0 1 1 1 1 1 1 1 1 1 0 1 1 1 1 1 1 0 1 1 1 1 1 1 1 1 1 1 1 1 1 1 1 1 1 1 1 1 0 1 1 1 0 1 1 1 1 1 1 1
1 1 1 1 1 1 1 1 1 1 1 1 0 1 1 1 1 1 1 1 1 1 1 1 1 1 1 1 1 1 1 1 1 1 1 1 1 1 1 1 1 1 1 1 1 1 1 1 1 1 1 1 1 1 1 1 1 0 0 1 1 1 1 1
1 1 1 1 1 1 1 1 1 1 1 1 1 1 1 1 1 1 0 1 1 0 1 0 1 1 1 1 1 1 1 1 1 1 1 1 1 1 1 1 1 1 1 1 1 1 1 1 1 1 1 1 1 1 1 1 1 0 0 1 1 1 1 1
1 1 1 1 1 1 1 0 1 1 1 1 1 1 1 1 1 1 1 1 1 1 1 1 1 1 1 1 1 1 1 1 1 0 1 1 1 1 0 1 1 1 1 1 1 1 1 1 1 1 1 1 1 1 1 1 1 1 1 0 1 1 1 1
1 1 1 1 1 1 1 1 1 1 1 1 1 1 1 1 1 1 1 1 1 1 1 1 1 1 1 1 0 1 1 1 1 1 1 1 1 0 1 1 1 0 1 1 1 1 1 1 0 1 1 0 1 1 1 1 1 1 1 1 0 1 1 1
1 1 1 1 1 1 1 1 1 1 1 1 1 1 1 1 1 1 1 1 0 1 1 1 1 1 1 1 1 1 1 1 1 1 1 1 0 1 1 1 1 1 1 1 1 1 1 1 1 1 1 1 1 1 1 1 1 1 1 1 1 0 1 1
1 1 1 1 0 1 1 1 1 1 1 1 1 1 1 1 1 1 1 1 1 1 1 1 1 1 1 1 1 1 1 1 1 1 1 1 1 1 1 1 0 1 1 1 1 1 1 1 1 1 1 1 1 1 1 1 1 1 1 1 1 1 0 1
1 1 1 1 1 1 1 1 1 0 1 1 1 1 1 1 1 0 1 1 1 1 1 1 1 1 1 1 1 1 1 1 1 1 1 1 1 1 1 1 1 1 1 0 1 1 1 1 1 1 1 1 1 0 1 1 1 1 1 1 1 1 1 0
4561 99759 27157 14956 12854 3073 90474 71858 14011 2072 22699 72779 47842 23735 29885 96528 63868 98531 23685 447 65969 39169 53181 65540 82761 68349 10453 10130 49822 21564 62099 75182 24320 11632 93923 64213 56455 15300 92547 80580 86961 17935 81806 78421 66668 37900 70589 27823 87426 32819 5355 33139 90091 83003 66344 93697 67301 48206 28356 95223 92598 52910 9630 10094 97882 913 65122 90552 20977 94019 52074 57208 30268 95460 64644 99306 81687 56822 84710 26115 74712 92411 63588 23927 64832 15646 65469 33792 93041 49658 5889 23615 94727 34100 59554 46712 96555 41461 91010 66101 36614 30388 68343 69683 54342 90340 62685 14713 74297 75913 23731 19837 48024 42378 49156 83376 18825 25321 94207 53077 41213 11417 88142 92253 69895 12849 90920 66463
65181 78568 3421 87373 43808 98458 36124 34090 62729 12080 93882 97104 35811 36276 35265 11736 69778 54008 53633 52530 63083 25832 78306 12254 46991 53914 61029 17444 17938 47411 9572 28465 78932 44969 81789 59361 7001 41747 47845 93685 53578 14440 40176 30647 44822 62348 47358 65272 48965 8813 42955 80702 51186 29030 96022 37348 85078 36124 42362 12568 24846 91984 58796 41850 1149 40445 30676 83254 52860 1315 55598 472 5411 27327 34722 44569 98873 38280 8901 93869 90815 12567 43562 50934 39951 30681 80350 18399 54526 28995 21751 58885 46602 72528 62315 52247 90665 56396 33520 52311 58883 23310 43594 81934 53091 61988 93755 64767 99091 49756 27595 76024 50934 37675 67779 67348 9583 49765 43192 99811 73094 3767 20120 5410 31764 24664 68524 61957
59337 12857 81161 86775 28589 21760 50172 28420 18121 40770 15922 41989 75561 24284 58556 71865 91442 16446 95066 28269 41213 36939 2115 42663 70363 52294 38530 65853 90720 38914 17946 24678 31916 8517 88545 74701 8949 93182 55946 88603 57906 19741 85116 77055 28007 51140 23432 22308 34961 13909 29566 23503 76060 98934 79200 9037 59058 27520 55044 1038 68215 99743 87105 83281 77172 66711 60516 16060 70946 97255 3630 76677 10954 14388 90572 17081 57334 109 69496 40103 42969 29351 83381 5528 39574 93498 85703 9370 43635 27045 47228 94688 92414 72105 58866 78998 10762 30877 92993 79827 95364 1797 64897 75634 39371 90817 97989 25680 24135 62679 13789 51931 10907 74824 80873 87023 81941 97549 55157 58757 89218 96283 16909 32314 23188 41782 59013 5715
99183 53677 75559 75373 4996 27056 83666 84082 88890 4534 67358 88806 49460 5313 66169 41152 73125 34902 51129 26326 94250 92300 88871 57018 36984 12948 32996 71074 43506 98086 12345 7967 33157 66030 58514 25753 46049 22826 24433 33689 69115 10860 15717 30868 99982 40392 26963 45815 74494 63218 56982 87286 93545 60806 93216 49341 53642 498 4352 75738 60207 33967 4567 98692 93224 34064 32744 43837 93555 67729 48854 18956 91313 31008 59273 96685 81083 47325 77086 30157 5741 40006 44332 36627 98846 696 5439 50686 93616 68888 65427 98285 10464 23715 13187 98298 80859 69172 46240 34223 96728 59121 27317 19067 40656 34525 65093 43389 42679 92052 14539 42653 80338 96222 82030 75080 93253 64000 50012 97253 87053 10475 29893 96739 27151 44705 98809 22348
41247 29643 19021 36367 70910 90057 37681 80617 79283 93001 95203 34388 93956 61017 67073 18483 88345 82283 46722 84572 9829 9073 61965 55309 89378 57417 20986 8652 81995 12864 5993 33924 46434 76782 94609 9294 28567 9779 64745 3109 32577 97639 22678 4840 79237 57326 16815 33674 27722 56213 62494 72598 50375 61665 70598 47530 16033 30289 16669 85505 41330 81121 92433 83310 99957 59755 60864 23249 41830 53816 67683 95938 10489 53062 87513 85317 99355 26004 44530 64324 28644 40341 72507 42873 51857 56087 7797 19001 73900 20440 18188 14871 42677 15986 45688 19143 75379 16159 76804 93440 65583 47520 98513 67958 76671 25232 10967 60358 89989 81182 45703 38468 20679 72892 66325 11254 98233 90710 18901 6939 47433 3885 75079 93550 53785 87647 5911 37709
83830 86788 88084 79191 91785 28396 56650 62500 17857 35373 25893 30502 47595 77627 97244 93950 21763 19788 26605 94181 79498 7009 71345 77844 80395 63787 80314 92729 53388 58331 99303 27957 64470 78158 70088 87626 68119 1552 20967 35892 65340 63012 97730 43246 1201 25610 34447 68393 72805 73904 53321 57831 58148 42635 42320 31195 13651 45808 56698 67829 414 21675 58024 53224 52025 4686 18642 98290 73116 33597 77048 42682 79633 3228 12551 77410 17055 5016 88209 88616 68672 48322 23922 22150 87464 4691 71349 72065 57745 36080 68167 10156 14184 38981 94328 13425 4897 91616 99403 96323 74923 97517 33788 42153 76936 45502 18668 29614 55787 74398 40363 78067 50054 3780 17583 65358 46940 27125 19574 62402 78651 96969 92600 71726 1726 40817 76147 32854
47069 23568 25908 52812 28060 8560 5294 62377 36099 81193 2990 97296 81535 46853 87467 26222 82037 11361 55772 41669 82275 72316 13257 64395 38499 10570 91154 75347 10577 18194 42386 84487 96533 83954 61366 84974 98715 64539 53396 53890 84119 74598 51182 41771 21739 99319 9270 82990 76776 29406 39631 69163 72407 11186 77134 88096 14884 36303 14916 55673 82115 45209 47321 68427 88253 12688 61909 69859 89557 8495 61214 58533 65126 19974 88424 83748 2361 30230 34828 87650 40839 52276 45783 6066 5626 74535 23762 83337 17037 70776 20144 27141 73689 80930 47849 38212 99623 2403 74903 91380 63791 75970 32140 34096 24237 21055 77368 58389 72026 37829 85748 94885 18692 92073 23258 48095 74144 32705 74729 55367 58072 79682 34447 34711 6317 91547 30892 42357
44648 97393 9042 48492 12206 44552 92792 67232 16005 4464 22927 74669 95255 34522 75835 60732 55888 71016 75160 17020 4697 51184 78462 4195 38625 80504 58336 58081 93332 86110 71789 99834 79706 38700 33443 78001 69485 63421 93488 32170 8758 90855 77588 22368 3799 10336 32988 57566 46187 30242 89983 23450 71937 86347 94954 50396 51290 91391 8952 31886 62577 68940 86292 43619 75965 16349 9910 27980 77240 33622 82089 72624 69262 50424 97217 65383 65681 8473 11803 55983 64687 86415 61385 93174 27503 80230 92336 96616 28631 85268 98597 37857 60612 54164 9712 32731 24324 26847 50989 8993 86444 55472 66056 52025 90008 34778 76425 70849 91801 65088 57767 34637 72535 75308 78466 14547 95108 83482 63359 36631 70158 782 6335 38139 43551 86108 92323 22560
61533 34098 65430 8455 17745 68483 29088 62335 4098 47843 79642 94756 77124 94115 17647 20000 18127 7158 75926 85082 93999 55150 80632 95637 72712 6602 16 43181 70715 59131 43172 32119 2066 36552 57355 30790 79161 83573 38367 73531 54431 72922 21761 48731 8443 42042 70621 79412 61643 145 99410 20883 92016 33234 98293 92219 79663 82825 41437 95480 23181 4366 87221 50310 20520 90858 77691 14719 34450 72483 32220 99336 13205 97862 29142 4861 33228 38914 21122 75132 18384 46265 48570 29966 56073 81027 2780 25914 5201 85728 99878 1262 95334 81779 59042 82850 41460 43545 57345 50967 20943 13144 9344 26264 51989 74445 57806 58100 74904 40629 86504 90363 40963 15949 87246 1532 37635 29959 80099 47550 6747 32571 23646 55394 41770 86077 51579 15766
33009 20285 97191 92016 37152 24500 52730 55506 2754 81556 69997 99198 71929 56787 99478 27054 91899 61981 55295 38340 85414 15587 96298 66422 35798 33944 41442 73304 27434 59290 86733 69724 4697 28913 68676 75070 56034 55640 27639 73937 70730 86078 28507 72566 84902 26336 11812 71749 98709 55711 30555 30335 92789 10793 66928 65047 93054 36885 94116 28954 92830 91132 22065 20695 19054 52747 86492 63315 99870 40102 30400 46565 7849 1304 60605 80419 6501 44649 79943 78753 92712 48586 20132 83738 57653 56712 49696 60166 36461 34411 63378 25932 69764 90428 37125 3588 52993 19134 53723 32409 68710 28784 4305 75443 89188 31391 36222 44965 62584 2430 44266 29838 88408 68001 73554 94175 86601 39326 92776 56823 90623 57132 9761 58494 14785 67508 29908 84447
71571 16824 79734 66140 44979 90542 35255 81735 57641 24409 88802 92876 8119 8348 64301 84885 80460 86546 7222 41998 73712 3642 11459 20837 20624 17972 33582 9723 21072 21937 18258 18196 90573 9915 70560 96392 27385 92815 89068 49521 24169 27910 76985 59342 46494 44863 75211 94561 9805 42487 97448 50984 72336 5735 53669 78772 28092 24389 77529 77574 33249 82112 22367 20409 97135 42780 35828 74323 17979 43197 69467 71380 65313 10636 80225 84277 55116 41622 78144 45383 86509 34549 60442 83677 75934 59527 31282 53660 56314 37999 39233 98266 94591 95711 31106 94034 33705 68474 88284 25669 25977 89292 19598 33567 183 88027 15207 28477 65064 78037 73127 67472 25073 9010 59356 73875 26037 33368 2299 4145 26028 34442 14176 26384 49794 11923 7990 43250
1446 88966 38343 79667 73259 61627 58614 27113 88210 99811 52185 16730 11819 627 84393 4510 90962 13354 46905 37027 86109 56686 10513 17655 92369 49657 94580 77923 89874 99052 33867 57981 80560 66560 39177 88939 88510 58805 54359 97661 26963 75138 98597 14744 10849 54900 36681 9370 85532 50079 75782 24167 83027 7926 58124 90837 30499 70541 91821 15291 51612 50937 95409 85643 29334 76312 16662 78011 57312 71775 25687 17276 78629 52870 18377 12010 26106 15566 80121 43864 24624 62843 93023 62907 16601 49523 78388 37974 47582 27283 92137 98962 47312 27082 28129 5870 60027 66613 96861 50583 30243 5081 58235 35033 16840 49106 93859 38514 32233 83345 14105 96801 46557 50082 8485 8683 27000 71411 52449 43204 73887 73536 3282 6877 16341 26296 67850 91771
12677 35287 2014 62247 97700 14960 47149 17014 66395 59019 67210 41638 81420 94336 67508 10459 37609 35432 54488 58875 22188 10258 45216 97746 13350 9687 85798 40705 53627 56288 94679 20349 21300 99235 99506 14190 19091 50424 32078 1868 4964 90502 70465 53517 21832 96599 17385 37060 31809 14513 34214 62230 39688 23174 37351 25535 59768 40699 24358 20505 78530 31296 12183 45625 93631 89523 87661 34947 93354 26619 66432 27509 99708 46296 9156 44696 97399 74696 32081 22905 29151 10375 53327 58304 57929 40124 80861 44417 48259 16955 27565 81017 69275 67874 88106 61891 2967 89032 86959 60888 22624 77150 93456 18610 83005 97018 28634 28749 37055 32880 45001 86529 30857 36758 91955 15532 94015 76879 58094 48752 50814 23047 85679 95594 29802 13984 63799 22428
86131 51265 63330 32806 64587 84601 29323 87306 5154 13398 81934 91550 5675 15591 12891 29693 83354 27834 42693 6733 9367 37830 8680 42108 98174 13873 12035 86529 53566 2997 43762 92891 25093 72872 36237 37543 62453 60006 26098 20414 88323 67442 62672 25367 87044 21706 91213 49251 55699 54058 87104 34284 25648 4070 76435 71810 33164 26231 43972 5078 53885 2461 26134 92759 2035 773 43792 92191 18035 8773 13295 18659 76182 58098 75134 53810 7162 38511 64217 14058 54871 35503 26133 61138 70738 71658 91590 3867 75005 82847 7212 81087 33393 30040 76403 71028 17942 5599 55504 98537 39427 85143 1830 89107 66432 92053 7246 59437 98328 55181 7172 31698 76851 77202 41613 33905 71285 31885 63445 97487 53419 54064 28416 9129 71691 99495 51215 94016
50774 46135 39813 68748 42148 74459 91103 30035 75844 3886 86443 5628 73966 41603 80530 74397 4276 98779 2014 64988 32917 60772 64249 33820 82108 86041 27152 96898 63635 29563 88406 69668 12944 18744 84544 90642 103 69751 97030 5877 55115 23498 8401 34024 50137 89066 26342 55149 33011 94432 57466 76876 11470 50836 95487 56710 65008 99849 15678 54698 65264 72625 79013 55192 37722 86524 16942 98890 77141 39092 38850 21147 52932 91210 14999 15971 70009 70298 93945 28771 68196 68241 86807 2796 1954 10604 78351 21840 21254 76881 78830 54074 43901 74847 58698 38607 93070 23890 62848 27175 79953 74433 22883 41174 14859 3493 5666 8799 12927 80826 52939 61567 17253 82173 68071 8422 57946 60178 98958 30382 85304 32888 44347 84599 63095 90209 82789 25163
10033 87062 79612 682 29058 52915 17416 15955 92886 61318 99812 48621 89643 8201 42518 62175 26032 53468 1327 92547 3812 26305 98139 7483 52376 30628 71949 14498 73332 62928 91611 56564 39519 52084 92025 81516 56284 81679 37208 38569 64449 40651 86900 49556 87379 27342 73380 83594 1039 77083 81110 19136 90804 43017 97168 85879 89802 77799 67930 4578 99684 73666 46494 1380 42898 50121 10226 27184 97462 3158 23659 15644 68095 3847 56558 1853 37437 54901 58709 98921 44654 80135 68236 22729 85629 76057 80240 11706 87204 69781 55986 88209 50024 13568 90716 65879 44936 67101 40716 34428 57942 50113 58705 41283 75691 17221 24474 24325 2347 61038 5272 75896 35839 93785 28294 6602 52831 99567 88733 93198 17427 17690 63750 43229 26968 46817 34927 74341
82512 70633 44732 41873 25675 68426 29058 6583 4420 36371 5333 92956 7303 79899 28958 90186 70464 42283 22913 99571 45523 52223 85946 17380 70916 59699 64200 24408 5555 1188 22965 93590 34467 36610 75917 86985 67177 76773 6000 10502 60750 28400 19012 80070 72661 75263 40471 12395 69040 49649 22405 57717 70018 62665 60151 37623 62135 71173 10749 28749 27201 65267 43683 94529 78987 32827 86217 52146 97263 4016 63626 96500 36902 1505 88630 77679 98124 61704 94741 18285 83645 50318 17758 72545 51317 45928 77312 91761 79662 28659 94898 63513 54676 75676 66566 38188 94218 16823 95664 34370 28387 30387 46037 83087 64594 50359 19615 41618 78049 72696 94061 79363 51179 83726 80720 8286 76150 83618 64198 14647 73103 80846 10577 81479 86027 41844 3533 88678
72054 13381 9754 69023 52922 86862 91170 78204 45976 32948 2705 90854 84880 12446 97050 94029 24108 64222 9199 72678 31990 57457 28734 32904 20372 34059 2086 47307 60473 78218 67551 60418 97987 50404 55820 21973 92269 67415 81751 65421 91991 32061 71584 82148 40258 5046 13977 24508 91729 19454 48319 99927 49222 35127 7536 17233 45813 98522 42084 98977 42993 40693 91097 40979 2611 38475 59951 27099 73999 14117 14982 28697 60866 57488 69672 20455 69902 56443 11350 91420 45323 38361 59293 85319 21393 2151 51359 15440 75741 87435 47356 19400 92742 41199 53638 29099 18818 6884 96289 8665 56375 74432 68949 91191 74082 75496 47881 34894 11352 84472 32017 7976 9646 8974 18088 5156 54556 8701 87542 79592 98294 44138 70385 76056 6592 19012 98914 32590
91594 43409 40217 84756 40121 69312 10803 35437 69729 12958 39250 57690 53235 54242 19939 33132 15146 89542 95234 20192 27278 83163 44635 73621 24848 79507 84621 41855 16678 32073 24610 40315 94405 82361 42501 47756 32356 94367 94757 31529 92934 56641 93947 12397 62969 60229 86475 3162 84064 78719 79565 11632 81448 91144 64180 52405 66036 42388 69340 56609 51163 87882 74059 80364 95417 57292 1068 10231 83034 30700 69914 46653 74270 78858 5770 77887 91830 83147 79597 73191 26867 13838 83165 60330 56 29283 42390 37536 95741 97090 35933 17934 85128 94538 14498 42947 75445 46989 74111 6888 19658 48818 14075 36266 9590 45183 55316 11787 74295 3298 74717 38205 12222 41857 79680 24514 13623 21705 68815 53323 31194 54784 38617 11767 56333 14554 98570 81351
23013 3650 2750 53170 26531 84059 97559 85486 56116 53936 35733 9783 19101 17414 10891 3886 98163 18825 93558 72767 95127 18404 59831 36605 63383 73508 43079 18055 16419 52708 76115 14504 9438 19106 65629 93592 95199 73060 7510 72701 92343 83328 79308 16265 54940 18072 98498 77413 67648 85657 78688 72582 36994 8449 53491 95728 55314 98107 55085 82188 12632 75641 39765 30847 68313 81506 7256 7587 91694 57362 8147 63002 75158 71695 22634 22698 63940 95067 88680 1980 45068 4189 8052 48134 73004 47105 64785 64499 10416 59194 9858 32034 29362 25043 14076 96544 93562 57045 61071 1161 87733 15840 27561 46401 45659 14653 30079 14646 52897 39700 38170 12676 72429 64012 99877 85464 60585 14354 3638 39255 78710 16281 62885 66260 63972 16559 19246 7821
90285 60224 17603 94087 52098 28106 36886 81239 79155 76358 19861 56131 49026 50628 44610 27166 28044 37820 3229 37760 49624 68951 76103 13724 15286 73162 24019 41488 55779 81961 33088 25085 58462 962 23661 92084 72886 30963 88417 3221 35024 57681 46663 23248 51263 10507 18724 90996 13798 91955 7294 46147 41066 56462 27077 42131 58701 23645 17775 70966 95578 48731 47859 52714 3037 18022 11825 84214 80647 90411 2587 57461 35875 78711 87123 71870 64984 49539 38502 46351 11549 87710 33721 26240 6476 92204 92430 48255 51389 82301 34553 91050 82272 1045 44349 39701 93284 20107 40130 57347 38514 73577 18769 95762 52372 25554 9175 43824 55625 73259 71300 98214 89752 5210 86826 4413 40850 92390 81653 42700 84517 2170 55109 30444 76268 14344 87218 55914
57878 82081 54531 97521 78081 78422 65588 94126 58080 49499 8026 89581 85484 5029 39280 28723 115 18348 83790 28403 2468 81158 605 12625 34991 10945 62196 49858 52451 925 38343 99590 54226 62521 53386 80455 22594 79532 16680 10635 88471 15957 29291 37726 3664 41445 11829 64082 3087 7150 56489 94978 47943 72577 25257 60512 35318 67439 91862 98594 34836 10536 52716 6235 99903 80930 88140 35291 57906 64399 59537 29000 63392 88428 29045 52137 45192 98399 18662 51581 9357 34379 75254 21301 88955 68067 19947 15733 74247 2776 32830 8872 46516 18377 86680 97811 57042 55061 52474 92913 81904 26130 99132 69175 25860 97147 33783 77388 70581 76833 86567 10081 91966 84936 54715 65348 12629 39763 85785 68211 35067 34543 52375 67511 42164 41068 55201 16486
29406 70429 86947 13617 71822 88001 26913 44434 25761 55493 54614 15264 72997 23556 77142 33558 38247 89252 55370 20019 94986 18859 6459 60247 65296 8851 34254 50861 22248 80270 56166 69647 99790 21914 33964 17856 93603 17485 65205 96384 91814 374 55060 47545 4829 34277 57096 55400 27422 16683 61470 67676 46803 66097 51194 76518 68835 6996 43687 17797 89959 18597 22985 58252 78724 64093 89992 27224 56417 58513 47082 98891 22769 80599 6008 25525 72415 65669 16553 71589 16037 50821 68197 76229 54316 37455 41834 71120 34846 57739 19659 93992 40046 87745 41767 82580 59935 66529 42080 12146 22186 88307 53415 74626 23210 48073 2375 49514 21165 17575 82233 39453 23003 76754 37004 18399 94773 23364 96025 33425 16240 67499 17434 38043 49333 34509 43416 97695
77509 42531 10781 34082 64713 46408 75722 98212 61284 30847 43715 94622 15367 47539 7743 4129 91044 72037 45784 8193 99737 490 48154 10746 48673 94364 93343 14585 81042 63412 71312 53802 37259 17826 25012 56338 35632 57239 49768 13990 98373 83042 60689 8135 85414 74399 66449 50552 38187 37275 18172 59835 37108 85196 93813 91523 88813 95099 77551 64261 31401 69477 97420 17365 74366 38173 32197 41507 14535 31272 22803 64386 1269 85202 60416 4465 3540 40229 10020 38371 49689 55562 65850 79446 49355 51274 94635 11531 2795 84001 82722 79265 11909 8450 48203 63818 11114 80577 71030 74322 52389 27592 39854 5884 75829 61270 2640 26955 15350 38304 73794 71617 2573 59840 96772 63584 1246 36903 71519 81294 86722 35926 91898 90487 75246 44252 90087 37644
59375 57128 22323 11879 42802 69217 10191 73441 16745 2600 11484 23272 90270 74679 45588 84733 50754 21464 57937 21840 17899 42923 86086 88400 36105 37234 75378 34359 97606 85100 86535 80849 59514 75 7399 64573 75502 39607 51728 30943 76963 5953 88798 60 18104 48367 59397 31894 95927 56746 52758 25481 26329 23218 4041 70720 12311 85696 94143 62059 99940 95800 26651 51085 76174 85828 69130 3484 81119 80238 82706 35226 45608 29557 17162 8666 33373 10377 78823 37131 97566 24314 97902 92264 20388 92899 52669 63244 81632 8995 77386 43646 65991 6550 38155 72489 78554 43323 26696 86217 46663 82300 46035 37966 34960 84854 49013 84378 28698 59116 56464 52329 22995 79519 52205 89759 46724 39797 42919 2918 43429 94624 57797 373 91303 13798 25937 90497
39446 51383 34466 97109 77491 81686 48607 26078 54962 61516 1929 40164 3533 2445 91774 9832 6970 5347 75629 26279 63065 29973 16242 44439 18878 71892 20277 27058 96070 46869 17807 11871 3499 71164 77865 43463 61427 21220 35825 96677 15196 7998 41672 99573 40467 65986 3248 38249 63650 19619 42115 57828 20219 94809 42428 46812 19086 48885 56814 61743 38478 70589 19926 2720 21097 30254 72710 34921 21932 63446 21126 41385 74268 6126 12572 92735 20200 7523 2133 38363 52723 69541 41080 15525 70802 74060 95821 57731 88554 7292 14914 86989 96300 58103 83400 61519 97367 50300 26500 18809 33269 72873 44897 74906 30325 68494 58383 44401 79158 40593 27816 12302 76994 95113 42560 18509 30832 67687 59239 33057 61885 39967 26923 18613 93977 68383 66691 37897
89344 76490 69794 94783 48981 55810 35453 63280 96965 17329 77319 42429 57536 96573 58875 21259 43332 1070 88744 62074 36327 77012 22705 85980 82535 14035 84998 55305 50438 28594 32542 83787 56319 9522 90175 52798 38494 90248 26900 82773 96564 80180 48564 95327 36066 10149 81377 25622 86481 42124 89851 63147 15376 57933 30530 52162 97295 91235 243 57431 26426 25100 14866 79296 86263 90268 17235 64247 83652 35827 59821 84373 66852 20918 17206 61000 64944 97152 53282 54328 84737 54704 93259 1240 28696 69499 63942 86057 36062 41694 31000 8175 49524 96211 23355 28211 9088 29049 68105 19382 4804 19698 73301 96872 96271 22740 81399 9338 16149 50087 51790 80049 96349 84773 7456 94703 72095 38192 23657 32621 39943 65943 87522 84152 73851 34918 9855 21431
4690 49029 56508 57957 17059 19728 29190 79337 52375 61143 98575 1153 74979 55521 18483 39030 50541 58021 98059 12880 80998 12844 83765 90036 29496 57605 5940 64341 95344 53657 39823 27143 37646 71003 72518 60687 1174 30257 99394 85297 793 81864 37960 318 84003 42744 32851 81638 65923 2686 46534 44474 31978 18859 11847 30986 12983 33675 8543 78961 49547 19370 24152 19485 96249 64617 73024 92585 37967 73107 20655 45360 38767 3796 15594 62990 48122 31573 50548 44414 70948 44523 54786 80423 27203 6861 91861 78905 54020 6906 72747 41100 16548 17034 14186 99310 98694 77325 18161 38911 17364 61599 19336 18268 37873 49946 5925 4689 4103 15154 10907 67404 95326 60090 85876 54248 27418 38125 95572 82547 25538 14842 48155 98329 98913 1369 44133 80266
91154 34206 75545 89856 80440 45302 1500 45252 7252 24821 75808 94182 47145 33540 59903 62908 35004 27844 21763 76561 8600 6903 53069 39480 62495 95583 80277 38575 34167 27960 33568 54338 52198 83758 6156 38913 45716 40465 73685 86064 11257 49103 97723 75418 22559 22204 37464 85389 63941 14833 65263 85996 7007 82400 14939 2386 4508 48224 27650 68384 38066 6124 5594 60813 45766 91870 17237 25648 48471 73671 55300 46187 20508 68340 7880 18702 35594 45640 25078 88979 70160 78312 39872 37511 80974 65677 18057 69952 30831 94737 64417 66549 3212 28953 64824 75545 10204 84704 73682 14669 84692 97895 1752 40869 87485 93987 58819 34942 26034 79666 86542 63699 53232 23002 82454 42855 16639 67066 3567 91305 30810 41848 81884 3314 55817 93472 11208 83697
96216 90119 23739 56495 89429 2791 78074 62775 28299 63179 40087 16040 35096 81941 29320 6954 62036 33905 42240 45377 14982 66834 90822 41418 35789 2619 31568 27503 28146 38266 57520 70774 69069 49089 55311 37918 63483 11206 30562 66100 55297 58238 25401 24661 61981 7865 59038 7614 49349 18562 57701 56411 73911 65246 58069 22602 50825 9471 11126 46271 63463 31016 15046 80703 63293 52239 43558 30201 51435 8266 22106 58452 35921 94538 23618 98129 96187 58369 66073 48797 52467 27756 51857 2846 21787 65711 64019 36080 32057 59391 61226 60812 19933 20037 12049 66204 12264 43673 68492 24157 748 46182 4095 7619 92789 56666 55197 16264 36313 20334 44685 5589 21912 63838 33970 41591 11414 79634 17530 1877 97024 61563 24888 97441 63213 94093 69867 61983
64601 61609 12395 90531 9396 43398 84494 5004 60366 94227 51955 43502 92882 55061 53130 22723 58393 62571 35581 10840 89738 82678 93830 53810 98473 36754 11412 28067 72470 16366 68170 57616 73381 92807 18164 31748 95256 39840 32348 83221 16736 49953 29989 39580 56996 66843 55473 15077 42729 84587 80704 55902 98262 59758 21223 49005 56875 86947 46579 50496 13211 36288 61860 15207 47740 31944 99118 71880 90424 78419 91995 47714 76096 80677 40539 74029 53879 26004 95927 60896 3974 82885 72044 40536 91337 50409 37434 78539 95419 45110 75734 52292 62577 44610 50527 47046 51200 14229 26598 10891 88382 48160 10986 79991 45680 38234 96993 50093 21626 28012 57623 14578 74436 59989 78427 73918 24030 86120 13828 55745 61130 61693 65409 61635 40384 4547 94835 99447
62042 3762 8491 4608 98207 38064 55429 15737 55562 13498 36622 43668 95258 82341 38746 76166 30987 262 9223 12641 16994 99402 97050 74408 12745 95335 92332 69987 80173 96286 52727 59374 66716 89932 95834 21530 49320 14385 47118 8882 77575 25419 51257 63943 97763 12227 58284 73317 19418 35664 93395 8130 30883 26062 44992 95376 34996 10175 22895 66851 39859 16280 48925 76463 27175 89678 38783 92965 28107 48171 78136 57782 41563 85625 66569 28188 59663 88898 23710 60725 98822 51050 94388 73773 34803 18655 89994 42119 73792 37703 94096 89220 76271 36487 3867 24026 7673 96236 66402 58154 33755 59288 95606 34218 68919 7393 16170 64602 15423 77440 9585 26308 50310 15623 42904 43099 70814 36373 96408 28592 42314 76942 41489 13149 61728 12907 62296 13230
2924 37427 44714 15754 15991 58637 38134 7923 72018 86649 66107 93047 78264 5977 11752 86722 98593 95991 23581 57879 70111 6153 55083 36528 49805 54829 30833 90495 34941 65113 93997 406 97161 46583 7760 81966 15208 75176 68011 34816 74596 69246 94276 71127 81067 28724 76239 85220 45229 87404 46826 93797 46332 16713 77406 89913 2484 36437 29703 55575 75960 90994 43906 22770 9944 6076 94582 73043 85187 49469 60347 36723 3134 58497 11183 42919 47833 76208 22389 91463 51878 14395 99931 93949 64512 84040 76846 4050 91516 25000 41149 26188 25640 61847 72543 45729 47155 41440 15461 43289 14624 71124 26667 96268 56854 63944 3841 36680 1605 61984 67006 75024 18264 62921 92447 99302 55832 32735 55704 98286 87581 73710 85986 18405 16678 45154 13385 15589
9395 11348 73127 25792 76715 78338 49818 78476 13462 80931 91616 89982 63545 65043 21511 36262 57339 80478 7371 785 8862 88698 6445 34767 88162 96850 61248 17241 8653 21556 57999 29691 18258 61133 15802 61212 87406 92911 49252 67128 70495 61928 16846 78967 48306 2606 76253 12521 1436 72002 51128 10634 57221 33268 71765 45302 57801 99242 83400 86270 72133 78912 97917 73705 93131 39152 85231 40517 67331 55653 93529 8069 87522 35635 4663 90875 82937 37513 85171 15208 3381 15276 2156 65108 86304 85314 48092 62404 87099 42910 60772 37460 72575 17135 54773 14345 85357 97424 68040 57645 44195 76901 33330 60159 60851 48917 39413 86586 64708 60355 95999 58163 97560 45291 32996 65627 93968 93839 34467 66784 93553 93535 41017 91615 93819 90584 22360 23139
96727 70289 19434 29292 29208 8095 24318 34759 90147 29736 60303 88660 45491 54995 50360 88978 81423 67635 30007 60934 41772 87613 89829 95166 13212 15961 3075 26084 87466 15821 78824 31018 11294 79127 47239 48662 52062 3187 73466 79051 28404 17079 63544 32501 94248 36025 33466 21285 6683 46637 24237 91750 64726 85775 45910 55872 87385 1054 68123 5865 65016 42373 4787 72274 56118 73238 68536 11175 61097 70315 81431 86494 8614 30914 1776 13365 48471 13144 615 71368 12685 99311 44487 2965 18869 15586 89881 1489 23116 16021 73268 16733 59719 18806 63678 98460 20364 63183 69599 51614 50516 12266 28424 63532 39111 66627 62477 84136 15747 55098 46057 6943 67840 56876 64989 3336 54722 42300 35500 36237 2191 25259 46646 10791 69226 68831 95070 1842
96285 52167 61372 98563 25044 2800 35038 46908 74461 21620 2655 7501 69685 87046 64203 26315 78275 96468 20122 89102 90797 24272 30885 55247 84390 91617 71237 64056 46609 55134 36619 43379 26316 48984 89121 51873 75511 86381 19624 29973 90081 20226 11245 30564 10545 47832 2296 84151 77329 16212 21869 78026 15884 55184 60267 81136 9971 56547 8034 32497 64146 74143 95337 20735 14355 70192 79759 82409 20213 45414 40909 21204 36220 34106 54907 20272 80226 60394 86121 73436 36526 39936 71926 79279 68957 3441 77989 88380 92287 85774 62161 83440 40055 66978 10415 24254 93844 88401 51891 28761 94793 60131 55567 77138 64242 55829 19244 37970 2553 9164 71876 7866 1843 30401 90597 96620 24013 44880 39152 11439 73600 52473 58611 48359 91697 19383 56610 5313
32707 54437 4690 42118 41528 27514 23867 73078 29163 53449 29946 42557 58557 43296 53605 3247 3198 29345 75561 30732 96984 72721 58961 64102 27427 166 43851 37880 36570 71735 29838 88367 46105 64300 7593 1018 26302 86258 97387 21486 7910 99277 96522 10116 85551 69442 889 35031 9947 20151 73343 96104 55370 34558 77625 59497 76156 16611 53753 82506 24515 4438 66057 40055 45622 82284 63918 80934 33356 88317 11577 10724 78285 15349 32653 50606 68527 54177 46744 63942 58631 73644 94858 19767 84905 51862 71685 43849 14387 33878 86736 93249 29442 81093 77478 47251 78809 39958 66625 75911 12012 11131 23466 62349 35133 42990 51952 35225 40561 99390 1299 1144 66089 45865 62049 41552 8903 9827 54856 84594 27825 75651 71372 83735 94035 97466 61207 55418
58307 39456 36663 67586 79819 71182 41448 6140 4212 64625 62593 1477 479 86187 27520 15670 60087 42805 73739 5487 61505 70649 35949 97059 86921 3244 77273 68148 62754 27809 13126 7331 37958 64602 26264 32205 86742 59511 6682 68277 54376 64787 35789 9186 98523 78286 1046 30127 26267 47980 35882 69127 52126 15675 43520 83504 57450 4229 88772 69130 45218 97542 95513 22515 85132 15128 36270 90699 59517 30728 50905 45306 67162 82401 77706 12325 11731 8302 83144 62294 28858 51340 84796 32629 50868 87329 37114 44416 90958 77271 35164 52840 16598 30807 69295 36538 65190 668 34857 91738 69293 28318 34315 83820 14818 84362 42082 81376 55066 1976 18350 55418 30404 13811 69608 86567 15936 17149 18831 28121 90413 38329 39594 45248 18667 29673 57023 93081
89099 13023 83978 35524 25552 5138 59052 84176 31666 52810 12075 8927 23047 40588 40607 67743 7624 15019 11262 1170 68038 81479 76251 44632 88653 59821 28379 87032 54682 1574 42087 40846 61184 36739 2101 43002 78962 26273 47584 67013 67772 4777 62002 40935 23431 28109 69315 62688 40816 60130 84153 64380 89559 58901 11099 60159 86800 97988 52794 41093 70758 72047 81494 20357 57444 16300 85080 41454 1584 62617 27858 55999 23316 9974 76435 65086 84120 16490 6248 50998 56444 80033 37860 95597 98736 4301 90450 92976 5722 58559 85064 88115 89064 33861 98528 96935 8866 56819 37040 59261 51461 16235 12818 2333 22986 26065 53703 72446 84902 81586 62528 74994 16954 54983 1377 47419 65433 50877 57997 25224 27309 54551 11231 37432 26885 23106 59901 9790
33426 2712 70575 2326 69043 47306 85780 57356 58549 1851 52442 92815 37380 34334 44437 5009 14174 62113 74007 4564 28929 17808 18194 49333 26918 67586 47550 61027 83136 4331 94323 64841 11814 67088 50769 73166 16428 19740 93460 30163 89191 72052 70294 49043 61104 74398 99209 34685 94044 1565 91238 59952 50731 66813 69828 66876 34416 60953 55651 40603 45195 61485 73245 18818 84619 56971 95593 10529 25025 63462 45068 99349 84151 82417 56401 80185 45585 2204 48809 63544 30980 20234 32301 18605 43998 70604 79631 521 26262 31553 17902 79271 25916 4207 32856 34009 97396 20907 57360 59323 27786 94409 91853 14185 46911 87514 5998 24673 64244 31119 87018 78703 62008 93127 78822 70380 58947 83162 33086 11877 36739 15494 13796 12621 9354 56400 62148 68306
81112 20781 94248 63480 85071 18145 57612 47591 58933 28784 17233 4600 71272 86194 19692 7183 9854 69965 83351 73123 56471 61373 90255 67228 21756 10576 3422 87384 18887 57431 44011 19053 22696 82119 52883 74345 43171 43800 13653 92114 2425 84026 39356 5366 90531 48647 63182 28455 25040 29087 89806 43945 93106 33434 6851 42927 53429 25173 89552 80707 16259 18683 15937 20383 58739 71529 38053 78938 7470 15963 24816 67783 283 15755 33184 52164 4120 1633 82797 95352 70958 63713 96136 96856 90261 33160 54743 80763 17726 36673 16900 46171 95322 93178 56756 68611 51318 91643 52361 46006 80338 51164 36508 66621 76359 7424 45904 93956 96549 22017 51815 42302 85887 64148 75603 81023 56290 24296 97261 13588 14199 21723 44843 71441 11089 70593 74576 5738
18119 22211 29968 97558 67424 70076 26378 44212 90403 98808 21823 63407 23223 41565 16770 1765 48638 15769 19398 15175 69726 37907 17841 57446 93276 74093 11361 64158 33965 38888 32515 46393 30277 61888 95850 2762 89693 95581 42689 9953 36326 81494 84859 7049 81427 14199 24828 25487 23015 16530 31926 39728 92371 93165 22020 89534 13252 13104 1397 24508 90549 76774 69081 17791 32851 39377 84281 62502 71109 31118 92819 5787 51753 21718 14127 361 9109 99639 7935 99882 46332 11903 77128 80570 26945 31217 80427 86036 38354 1240 77407 97952 22017 60684 12559 97081 71069 20677 96303 54300 81609 98636 19972 25562 21980 65944 94497 96619 21441 52343 30726 93112 96620 27005 45114 95487 75089 34933 13071 53098 72710 94927 50972 87422 34762 93473 1771 35171
56242 66718 53897 10862 82733 6617 81691 71556 66145 10478 20858 90547 79800 35439 23911 8153 12758 88633 55991 87030 96474 27970 3840 66208 78951 89065 41362 90858 34721 64312 95600 94972 88336 39577 24168 79492 8748 57612 97354 16156 55853 93007 9603 63919 35666 12066 89385 54042 35658 41178 7 18298 85877 5548 69707 88509 83889 2155 88097 95467 58143 61111 38837 86007 606 2158 94819 54895 13418 51254 77960 59591 83561 34209 26646 86928 9613 65503 47204 39954 74537 93950 39942 23342 33772 11104 70351 95252 57445 91697 10006 75075 8334 61891 64268 88644 663 37333 44356 31706 96219 48812 83413 93452 6170 90475 21197 65211 46990 26614 82185 98115 91040 85974 46775 40816 65024 21557 75515 90364 88526 25517 36720 4961 11877 54468 48868 49435
34688 63552 66735 51104 92927 27307 46985 20596 19485 40154 89888 56369 98960 70558 35985 26812 51629 56031 82164 4693 98436 81206 3022 23112 81874 67905 57471 69759 70025 54902 5480 27592 45921 82727 59429 7247 46390 39426 34659 84801 23077 94226 29546 68736 2614 78444 21091 45830 70870 2452 80973 86134 50396 95699 21096 96477 1118 89061 33396 55613 33486 57951 89007 94278 37073 61137 45422 55019 49450 21124 46181 81090 82163 37387 87374 44728 28068 54808 49622 20751 65711 30102 41140 1684 72553 80449 63112 91644 91082 42446 99627 21889 4444 36337 525 57987 61178 19941 82315 26604 35439 64377 5593 43815 54970 81887 39238 78386 65837 95192 35674 45762 99311 1806 40113 50556 56815 68324 5652 63758 51436 29934 9509 7411 46470 49240 19891 26409
41569 44519 70837 96663 7485 14666 28700 67652 35410 71506 73767 41413 31887 72510 74435 68181 40234 90850 92584 67912 51539 75048 82269 67852 29308 1398 31216 33988 6021 33263 69072 63869 30545 57007 6108 43096 43469 85745 5216 27578 77603 94933 23225 8901 13352 65887 98831 82326 22630 15427 28744 41068 73495 65986 81649 62175 27605 76923 98785 95386 37832 43196 58610 57410 18343 71343 45472 18467 41847 15647 17091 58771 80845 16463 83983 29081 14733 77366 51149 90602 17497 90237 99132 33730 27670 77616 84771 33754 91120 1917 1963 37893 32388 23030 70702 5539 56262 91114 72976 7860 1665 22969 22863 26687 8924 52492 33136 99080 11889 51190 87580 79921 13849 12182 1972 34890 19312 99792 75856 83274 79628 94265 20567 2654 11122 49043 57039 59069
17450 98136 3023 59686 9048 91508 16015 68895 94613 53721 91262 67577 73378 71714 15898 10401 92410 45044 55775 20992 74849 2132 36387 11801 93332 91428 67965 55071 9520 59889 99010 88258 87718 3194 17894 50391 55243 85500 64344 10786 54568 76930 50182 90031 15723 47878 26688 62851 72705 89701 74925 72733 92880 8697 7345 83907 86683 73861 58813 34456 20642 27725 26788 54483 23279 2330 15862 64902 35531 75743 92738 98810 50907 28701 38440 76459 35739 14227 3267 41986 97788 95018 16854 70206 33127 88070 89949 34300 94001 96532 72064 86676 24701 43743 4708 74 5063 81952 74800 49606 55151 34248 66999 61176 52686 19426 92294 76985 67435 79975 69863 91401 11173 31023 93785 23687 54976 5233 47522 51805 57750 23119 69279 53543 63175 18568 21046 60127
43660 35074 97189 78465 58035 43387 17730 3619 22824 30033 87900 55458 56522 66588 44734 85009 43364 54399 86729 48771 68504 6260 87970 48498 60292 88262 90544 55424 15253 10238 46063 22108 7139 20100 99409 73878 9418 2334 29547 80174 16717 61148 12322 4325 15714 40863 81400 11425 25374 32263 69708 81716 97184 97705 1973 36591 4532 61596 70917 95000 91728 10294 76704 48345 85973 65188 67365 14080 90902 45569 21378 10761 50189 30678 92439 68548 23774 69331 57078 68027 7153 23995 5824 87852 81187 77640 1251 31394 1345 17567 4943 24386 91127 86965 91876 1640 92860 61694 76222 7093 32716 4955 97734 81989 86763 78 11685 65308 59406 69894 85290 68828 78232 11555 71893 59753 52594 53846 95688 94705 11940 29212 74470 47087 18897 34072 54580 65976
4483 56740 70855 49481 34704 66640 26867 35428 25347 29295 43592 47315 43125 89545 87212 73502 55350 24994 98922 41164 31417 50343 59188 98169 98799 68878 71788 82944 400 38210 2505 87879 15232 31852 44225 81748 85537 63714 45673 36679 61969 71027 90119 72346 608 5164 69763 19931 32106 31369 38337 30881 78441 79803 60140 15278 74373 95419 41434 91899 69477 97623 70900 83598 50647 62508 4519 88188 82824 71796 79089 51873 16689 57168 62743 86365 8447 55620 80580 27417 70268 60369 88233 72880 50980 87077 19172 79110 68035 14026 77039 88751 74850 34130 25954 74116 29711 76124 32440 55532 20200 40859 53358 6399 27388 89251 79965 45738 47140 8617 91511 83268 84610 58141 65223 81030 36912 52572 93479 23249 42498 20332 95278 4513 56811 8887 64620 57484
50915 67193 71950 11060 12119 19012 38739 80390 72759 73334 98454 24559 84793 93332 96445 10840 49457 68002 51963 12956 4833 51349 2566 14396 26293 98211 50649 61397 92634 56774 87029 27971 48581 97882 31484 20055 28287 87744 87845 9909 16658 89790 4512 47905 79489 69299 58074 9685 20383 90733 32421 65813 94970 15136 66181 1559 43712 62102 37413 22882 44056 3567 32927 68442 17458 60125 40473 18677 7696 35228 53181 17483 89381 59179 54955 41199 95135 70430 17427 98587 87085 84174 67499 79567 86226 77750 70216 67830 28670 75886 37331 15949 36751 62017 84211 59052 51790 64817 56797 57033 13066 40703 87459 83916 98420 97614 8179 92556 78860 87245 7042 36247 18142 37900 54016 9954 21038 41090 44419 40924 41754 84765 96697 24556 60356 29126 4073 40269
23975 31289 44685 51174 95688 32683 84376 42397 66915 41630 36216 12304 50317 71571 27859 25260 45163 6637 93543 79720 27803 91543 78091 53058 65591 19494 14609 44339 57731 83007 12633 77048 8773 7270 31119 49952 11374 76645 71526 7461 14556 39373 9090 84363 31294 72746 70338 83174 83272 86581 98504 97470 37478 12200 71952 38587 35974 44257 65892 99409 4164 57612 71521 36503 22469 34747 96396 55783 77311 20026 68361 72206 60601 90255 93637 28185 74854 94504 69106 39339 35963 22676 9071 3662 41018 22091 99252 31153 96461 25116 35053 43645 46577 9219 65727 90164 45582 36601 93299 35338 45155 72303 99841 6112 10371 38019 90830 64802 83834 72946 56925 99255 28480 98319 42759 87161 92253 74098 58087 30880 83030 49442 37527 31307 17833 17408 15657 39259
18573 99040 86450 77436 38165 71935 5701 37832 41409 84005 40644 78435 19141 34508 56637 73492 78300 14253 87387 51271 25094 8178 17438 19145 46279 93474 8583 62160 32129 15004 10924 7806 97332 52731 77347 36740 91480 77435 74030 68593 94684 82624 40432 35064 60041 45645 81318 86471 97144 32815 67908 18037 57643 40742 56833 69998 7442 12008 64798 49984 46827 27869 97814 56169 64829 25747 56496 84596 20297 28125 52662 22789 66157 92408 96071 51168 98665 56684 99866 89483 77342 94369 88229 26189 8093 46916 83900 23818 26585 96205 35801 83358 1599 85738 92231 84755 49444 31205 90991 78533 30693 43762 71604 23922 67780 61063 22013 59624 97827 28499 81228 68563 35479 55777 10484 51463 21990 56393 75844 41532 12019 41463 2921 57748 52738 52992 66551 36756
60964 3314 82400 74575 33936 17685 45834 66456 30856 15013 52946 41889 43722 99423 72784 64715 63145 30448 61337 91087 12956 85005 41185 55337 29171 53728 79401 4399 51166 36793 31192 40517 63160 31281 20926 49481 46617 90957 87081 73793 54404 98313 72104 9297 68454 33223 99870 85900 62203 10668 77887 40919 11149 99978 50010 32093 74059 83271 59944 24315 24040 5382 48467 72435 56918 98684 56442 63588 20369 94384 5072 63274 57730 75334 13316 89122 92111 97331 85964 83958 34 18627 75965 62381 25935 49158 11380 19645 26537 89384 89042 71127 98044 27836 56863 89266 29691 12129 22198 4015 28340 64069 33499 98147 64185 14272 99008 57317 59325 38706 47436 41915 16408 2493 87813 56635 63867 46564 38462 30461 14327 15503 56906 41063 57706 12716 71659 67147
59480 25239 7239 26730 44715 121 27716 66231 63742 79747 15270 23727 78692 2069 15288 23978 56997 96343 82117 18743 82786 15484 82559 84515 2640 28943 64777 87254 20476 11902 66952 40675 23305 34304 8788 87011 1124 70678 89572 3338 34035 52910 52989 59141 1640 93624 87464 41591 31410 45306 32474 48936 22912 9263 72879 27462 30068 72755 94950 95097 33853 14311 54183 43575 77190 66685 78412 82044 1484 54859 43630 32872 98204 9997 94057 58122 35221 67686 64129 6169 46022 70819 38970 38369 38629 94964 68313 35724 70554 93709 49029 40252 45299 25564 4673 22054 70246 89041 63688 10196 77605 89953 46519 58574 81844 22241 58005 7464 97964 12230 4808 31577 45025 58678 64182 22551 54384 93031 63340 51184 22696 42351 48937 85969 78829 85973 20498 42429
8163 28128 41897 89309 11156 65298 53763 76313 19184 89746 68530 47896 56532 38689 68167 3570 20819 4963 86307 20945 32829 66304 59623 93518 37142 90857 89954 73623 70793 90499 58052 78018 8527 67122 40258 44497 72428 56798 64848 74441 20552 85942 39512 88459 62705 38602 66327 75116 70526 68801 96675 52143 53034 74248 62866 21905 31660 54322 59441 76041 64763 48824 89850 21847 73252 66182 19894 35141 34936 51756 60845 50758 7912 22664 15399 76336 7019 29106 50140 49383 94723 61644 41537 52741 2734 29945 71091 15341 38179 73003 71628 42096 18177 4350 36120 24367 81067 41221 83819 19816 41314 3862 46920 96516 40546 70642 95805 8983 16585 58679 88270 26664 29018 18260 8405 97558 32119 43279 83363 17926 49571 7915 61421 58631 43839 94722 43578 2979
20937 32650 99830 59655 54677 24344 97992 46396 91582 85445 35393 8786 24291 2013 48939 41257 33283 66151 96511 28506 5523 98866 10952 79061 63488 60477 81960 11114 36436 9243 2438 97667 76984 78131 11298 98752 25986 26351 91186 44112 24426 3933 576 18359 90469 59178 50379 36087 83368 24406 7603 60975 41847 13129 75669 16558 78162 34337 76933 70913 11177 97673 61555 49464 42867 36180 8180 7895 22363 75180 30956 60860 38999 82321 52474 44433 76696 95971 14122 69585 39009 72506 57858 19012 87051 46556 35210 95287 55964 82523 73467 82889 93538 57931 41387 24375 99602 17473 61933 21034 25786 33864 11651 1105 93498 91505 22404 48026 61575 51808 35855 43587 81031 4905 76412 70972 23006 2737 52544 7419 84162 49089 59311 66258 26261 74150 44205 44113
43881 30945 22982 87753 151 79183 71468 85102 23523 43036 24780 52983 78363 50319 25203 87887 21266 96307 2324 8035 33595 42341 8331 22566 60426 21407 51399 96002 15705 88026 38338 7538 55881 8699 38415 97699 31551 31426 38243 26878 94790 37708 62377 97839 47278 98460 66088 12670 75009 42809 40476 25672 9539 11638 89477 84459 26924 63791 6773 60961 74206 19565 52473 69736 49057 39562 9797 52073 23610 31289 29394 16157 56923 30370 86380 65136 88011 76234 89656 28281 40671 80484 28701 84464 44607 83043 6873 9652 6552 73830 79582 10651 28633 56548 74986 69605 32630 45215 27330 98844 18457 43636 25125 39956 17981 35547 11526 78000 55094 40238 11995 40003 21280 86143 3469 63294 91707 95824 61727 74122 74684 18656 68810 21163 57422 29358 58735 71646
47994 96976 14760 40006 82263 69093 6349 95046 77190 6354 48655 45443 72682 35536 93706 32279 86954 10888 90264 57529 51990 22018 78413 63048 43342 68114 36195 58313 42931 76433 42006 14498 63025 4791 18291 26244 21267 47943 87769 52441 12554 71479 212 85720 8900 15408 42325 80081 11673 95334 13363 18606 1287 81593 25903 41186 30784 94605 48733 20285 78350 36217 52866 66287 33965 99438 24101 74243 90803 19581 95921 80695 50011 20938 65015 13777 81858 95402 58238 64390 81685 72676 92762 66654 53643 20991 83316 87893 79943 21116 49542 45892 88532 8686 55367 8493 72965 42308 83835 48079 67187 9541 96536 11012 85206 82189 81242 87569 29058 25463 30095 75477 93133 3544 23531 1133 5315 60274 93935 57387 83560 33688 44366 27275 71538 41365 28156 76644
98471 11025 22249 56325 31925 25648 24563 16026 20801 62895 72842 68966 67875 10921 56973 39755 48439 28687 46257 15858 43757 67679 64593 45600 74626 37982 96914 90942 15178 5452 87842 87249 62042 16645 84786 65329 75568 66646 90905 7571 88947 11762 61367 46009 55670 23261 98950 80597 55512 45889 33881 94353 29358 87587 18147 41741 21687 20114 9287 5759 58192 34009 74969 43080 10679 57613 6771 55065 43903 24726 26122 15143 47798 7528 28325 62460 88062 62883 8501 37801 17851 91527 91500 71520 85120 98675 65520 4803 84864 29495 10682 87788 26543 8500 14259 46531 72394 28689 60864 41529 76517 79664 92727 74426 80521 94132 33032 59060 30202 50349 64349 4856 43227 8787 4627 75805 48993 25449 88240 97415 91486 5145 61058 61002 39489 36626 49560 27551
14025 9028 49488 92605 29946 33888 94337 54022 41763 14541 28089 75937 27047 92505 25992 7287 57132 66824 56777 10702 39292 61749 68012 17750 36689 49754 11475 54120 45057 49214 39481 2719 68623 54991 97675 40886 853 69254 64768 35396 57703 14725 33705 24440 28187 57984 3976 6032 84516 64971 80881 9072 78043 30149 15936 80148 86723 18107 68104 96693 169 57789 14359 44229 24211 96925 68536 86262 11652 53255 33195 75069 28243 87613 51347 90999 63594 60692 81418 61495 68720 21099 37548 37880 29737 52363 19073 92142 18194 51752 25842 95959 26117 47340 59689 78999 63610 47727 91653 52533 16623 45823 10193 87380 61343 45176 79001 91130 39561 25142 13809 45740 49996 74342 75845 36943 87613 87065 85256 90867 28108 89322 79155 85361 84437 28997 15311 15887
32226 55396 94731 84213 28731 37418 90482 9670 62584 73914 48693 35032 73905 66436 94694 83549 49153 35856 26937 47896 77863 35806 42516 44463 48413 7881 35045 51131 76938 94968 7054 71132 3778 97857 46353 66233 8916 84229 74119 9397 55511 91034 98814 50292 79749 93519 95275 83118 56642 88586 17822 53567 539 53757 59623 98184 62323 87863 4240 99880 3557 72394 84840 41337 80236 95711 4241 33306 76342 46390 40458 8758 11680 84225 80752 47873 23446 34364 19609 45023 75025 90964 39620 58747 26425 72774 35196 40623 68131 10259 29345 33370 81414 74743 33870 5210 239 45972 41113 76875 6813 51470 23874 77857 72903 88498 14623 91104 35443 28525 75790 52050 4347 69633 99589 86437 92874 82534 53219 59139 69156 5220 57769 86278 6580 58816 65338 43653
89480 46800 12681 86229 62407 46019 42228 58394 75592 81177 49257 97355 2038 85068 70611 50378 26692 47300 57605 60646 51860 34112 6925 6590 42884 10672 65402 21281 28504 91036 61287 56104 39182 49098 92097 10759 98143 27437 74323 81331 55858 84872 27987 54712 5550 4824 91101 34467 98606 92524 11677 15574 10118 43537 87390 17939 41123 75218 52461 64380 83802 31278 30622 77328 714 12574 81012 73456 85095 83370 26830 88768 68843 19983 48767 46883 95375 75965 90761 32423 91067 56826 1350 172 99659 40954 61563 73984 70504 97417 92373 63296 15886 3512 54644 26730 48217 88145 74165 79024 99651 41207 9700 92028 77608 33453 17390 53264 66133 44185 47093 96307 75008 71546 31742 21626 25063 37571 67076 53809 58703 65968 27616 81578 95511 75622 93466 31298
94417 72550 79655 79731 67830 78912 10454 11849 22774 48297 92753 18682 18676 43449 27049 88940 62280 19204 43538 56084 16637 13262 75206 35663 76674 57172 65627 46404 77996 73700 93387 85643 43675 8123 56627 8200 42834 14451 30608 28134 96417 54524 85940 2589 69158 87529 18038 44111 63396 63675 25635 19864 27284 49444 79916 96358 63437 92471 90459 89612 9141 62064 57849 54895 44264 46454 97617 67960 31297 61436 46552 59552 59305 18171 38190 11323 37964 85401 35033 18827 39543 95788 67192 63780 3455 73726 95629 80954 24617 90048 39188 7229 64189 67790 70132 47517 38499 29703 36449 10555 29247 58378 52305 84080 15985 20693 28228 5370 13866 18093 21902 91138 13911 67685 55340 29876 33162 15208 2110 62958 17392 87299 90885 85707 41058 28804 29184 3455
52868 70110 86653 3061 22700 62802 17069 84322 72024 21188 75858 16545 96433 14008 3763 25850 3227 30319 91519 29732 25806 70831 74923 33021 10067 5343 9684 20980 18644 64291 20912 474 48264 28661 28648 92979 14395 89113 11441 51972 49929 25718 82139 48066 91973 26120 50898 5040 212 9866 63534 22083 19243 16000 79017 14495 16694 4208 29648 10915 60584 84845 69561 17053 78694 50384 11848 23113 37265 61885 1978 47537 99341 56182 23731 70018 66267 87205 89601 7957 81559 49153 52853 94143 47398 90178 10964 83650 36269 67248 29716 48285 12891 50358 6375 65861 57235 41138 79408 42305 17255 31989 85698 66580 21866 41214 29076 22923 20934 39562 38770 26998 35627 3623 37952 906 99969 94329 41475 1954 84588 88014 82443 71667 27053 20720 52424 68283
40862 84952 41851 82876 75003 33277 11378 36973 24794 9721 96158 88772 97053 84837 82131 65325 48201 13902 36076 69956 64950 57147 54893 63586 26422 25372 60497 6503 12282 34809 45731 32695 84062 55132 95518 10472 52708 27277 58900 93367 30744 53256 52737 55875 52187 49018 30071 67512 19444 55388 45826 94449 76121 45997 94009 72725 11137 91587 74683 90868 97232 7290 76906 7639 68087 24737 27442 53510 70534 90530 74654 897 56907 10069 42670 21818 13929 91134 61436 43490 54365 25826 1000 86299 92444 45062 31708 3820 27061 37081 71171 55748 26006 24495 23156 90644 59421 68351 73843 16069 72021 62353 73544 84607 30162 41022 27114 98595 98445 34517 569 45242 42618 78150 98367 31667 66344 72589 66847 15874 30182 22507 91110 11253 88101 97318 94492 58695
455586 263986 1188052 1638733 398153 477454 724869 440550 1075346 811023 1015499 1087012 1095611 652824 781830 285054 253097 506496 326718 20474 69650 11477 1174677 668215 675828 731736 1378658 1025099 500280 373326 58821 426529 577545 174484 306651 185255 679405 608810 1421790 199018 1276261 1299384 910966 643472 173130 987700 1080118 943428 1096207 20026 58061 119975 1322196 1223720 1242677 1307916 734286 1013101 865698 1349013 465839 591091 902627 1474444 1265820 999886 511241 137094 578001 991293 857758 858199 1318517 755272 556697 915341 531082 332951 195328 211620 1427304 1327551 763734 305166 1198322 622613 1076888 96528 281922 458350 380725 359417 1091359 455522 1555 700103 39952 50477 1291618 747938 975283 156086 123758 699331 1036819 791090 1185732 1249843 108401 864271 1571755 582518 815580 1111240 247270 1180527 71147 925200 1328707 827751 424139 1237649 1176819 893889 554168 310449 80644 1150462
