64
0 1 1 1 1 1 1 1 1 1 1 1 1 1 1 1 1 1 1 1 1 1 1 1 1 1 1 1 1 1 1 1 1 1 1 1 1 1 1 1 1 1 1 1 1 1 1 1 1 1 1 1 0 1 1 1 1 1 1 1 1 1 1 1
1 0 1 1 1 1 1 1 1 1 1 1 1 0 1 1 1 1 1 1 1 1 1 1 1 1 1 1 1 1 0 1 0 1 1 1 1 1 1 1 1 1 1 1 1 1 1 1 1 1 1 1 1 1 1 1 1 1 1 1 1 1 1 0
1 1 0 1 1 1 1 1 1 1 1 1 1 1 1 1 1 1 1 1 1 1 0 1 1 1 1 1 1 1 1 1 1 1 0 1 1 1 1 1 1 1 1 1 0 0 1 1 1 1 1 1 1 1 1 1 1 1 1 1 0 1 0 1
1 1 1 0 1 1 1 1 1 1 1 1 1 1 0 1 1 1 1 1 1 1 1 1 1 1 1 1 0 1 1 1 1 1 1 1 1 1 1 1 1 1 1 1 1 1 1 1 1 1 1 1 1 1 1 1 1 1 1 1 1 1 1 1
1 1 1 1 0 1 1 1 1 1 1 1 1 1 1 1 1 0 1 1 0 1 1 1 1 1 1 1 1 1 1 1 1 1 1 1 1 1 1 1 1 1 1 1 1 1 1 1 1 1 1 1 1 1 1 1 1 1 1 1 1 1 1 1
1 1 1 1 1 0 1 1 1 1 1 1 1 1 1 1 1 1 1 1 0 1 1 1 1 1 1 1 1 1 1 1 1 1 1 1 1 1 1 1 1 0 1 1 1 1 1 1 1 1 1 1 1 1 1 1 1 1 1 1 1 1 1 1
1 1 1 1 1 1 0 1 1 1 1 1 1 1 1 1 0 1 1 1 1 1 0 1 1 1 1 1 1 1 1 1 1 1 1 1 1 1 1 1 0 1 1 1 1 1 1 1 1 0 1 0 1 1 1 1 1 0 1 1 1 1 0 1
1 1 1 1 1 1 1 0 1 1 1 1 1 1 1 1 1 1 1 1 1 1 0 1 1 1 1 0 1 1 1 1 1 1 1 1 1 1 1 1 1 1 1 1 0 1 1 1 1 1 1 1 1 1 1 1 1 1 1 1 1 0 1 1
1 1 1 1 1 1 1 1 0 1 1 1 1 1 1 1 1 1 1 1 1 1 1 1 1 1 0 1 1 1 1 1 1 1 1 1 1 1 1 1 1 1 1 1 1 1 1 0 1 1 1 1 1 1 1 1 1 1 1 1 1 1 1 1
1 1 1 1 1 1 1 1 1 0 1 1 1 1 1 1 1 1 1 1 1 1 1 0 1 1 1 1 1 1 1 1 1 1 1 1 1 1 1 1 1 1 1 0 1 1 1 1 1 1 1 1 1 1 1 1 1 0 1 1 1 1 1 1
1 1 1 1 1 1 1 1 1 1 0 1 1 0 1 1 1 1 1 1 1 1 1 1 1 1 1 1 1 1 1 1 1 1 1 1 1 1 1 1 1 1 1 1 1 1 1 1 1 1 1 1 1 1 1 1 1 1 1 1 1 1 1 1
1 1 1 1 1 1 1 1 1 1 1 0 1 1 1 1 1 1 1 1 1 1 1 1 1 1 1 1 1 1 0 1 1 0 1 1 1 1 1 1 1 1 1 1 1 1 0 1 1 1 1 1 1 1 1 1 1 1 1 1 1 1 1 1
1 1 1 1 1 1 1 1 1 1 1 1 0 1 1 1 1 1 1 1 1 1 1 0 1 1 1 1 1 1 1 1 1 1 1 1 1 1 1 0 1 1 1 1 1 1 1 0 1 1 1 1 1 1 1 1 1 1 1 1 1 1 1 1
1 0 1 1 1 1 1 1 1 1 0 1 1 0 1 1 1 1 1 1 1 1 1 1 1 1 1 1 1 1 1 1 1 1 1 1 1 1 1 1 1 1 1 0 1 1 1 1 1 1 1 1 1 1 1 1 1 1 1 1 1 1 1 1
1 1 1 0 1 1 1 1 1 1 1 1 1 1 0 1 1 1 1 1 1 1 1 1 1 1 1 1 1 1 1 1 1 1 1 1 1 1 1 1 1 1 1 1 1 1 1 1 1 1 1 1 1 1 1 0 1 1 1 1 1 1 1 1
1 1 1 1 1 1 1 1 1 1 1 1 1 1 1 0 1 1 1 1 1 1 1 0 1 1 1 1 1 1 1 1 1 1 1 1 1 1 1 1 1 1 1 1 1 1 1 1 1 0 1 1 1 1 1 1 1 1 1 1 1 0 1 1
1 1 1 1 1 1 0 1 1 1 1 1 1 1 1 1 0 1 1 1 1 1 1 1 1 1 1 1 1 1 1 1 1 1 1 1 1 1 1 1 1 1 1 1 1 1 1 1 1 1 1 1 1 1 1 1 1 0 1 1 1 1 1 1
1 1 1 1 0 1 1 1 1 1 1 1 1 1 1 1 1 0 1 1 1 1 1 1 1 1 1 1 1 1 1 1 1 1 1 1 1 0 1 1 1 1 1 1 1 1 1 1 1 1 1 1 1 1 1 1 1 1 1 1 1 1 1 1
1 1 1 1 1 1 1 1 1 1 1 1 1 1 1 1 1 1 0 1 1 1 1 1 1 1 1 1 1 1 1 1 1 1 1 1 1 1 1 0 1 1 1 1 1 1 1 1 1 1 1 1 1 1 1 1 1 1 1 1 1 1 1 1
1 1 1 1 1 1 1 1 1 1 1 1 1 1 1 1 1 1 1 0 1 1 1 1 1 1 1 1 1 1 1 1 1 1 0 1 1 1 1 1 1 1 1 1 1 1 1 1 1 0 1 1 1 1 1 1 1 1 0 1 1 1 1 1
1 1 1 1 0 0 1 1 1 1 1 1 1 1 1 1 1 1 1 1 0 1 1 1 1 1 1 1 1 1 1 1 1 1 1 0 1 1 1 1 1 1 1 1 1 0 1 1 1 1 1 1 1 1 1 1 1 1 1 1 1 1 1 0
1 1 1 1 1 1 1 1 1 1 1 1 1 1 1 1 1 1 1 1 1 0 1 1 1 1 1 1 1 1 1 1 1 1 1 1 1 1 1 1 0 1 1 1 1 1 1 1 1 1 1 1 1 1 1 1 1 1 1 1 1 1 1 0
1 1 0 1 1 1 0 0 1 1 1 1 1 1 1 1 1 1 1 1 1 1 0 0 1 1 1 1 1 1 1 1 1 1 1 1 1 1 1 1 1 1 1 1 1 1 1 1 1 1 1 0 1 1 1 1 1 1 1 1 1 1 1 1
1 1 1 1 1 1 1 1 1 0 1 1 0 1 1 0 1 1 1 1 1 1 0 0 1 1 1 1 1 1 1 1 1 1 1 1 1 1 1 1 1 1 1 1 1 1 1 1 0 1 1 1 1 1 1 1 1 1 1 1 1 1 1 1
1 1 1 1 1 1 1 1 1 1 1 1 1 1 1 1 1 1 1 1 1 1 1 1 0 1 1 1 1 1 1 1 1 1 1 1 1 1 1 1 1 1 1 1 1 1 1 1 1 1 1 1 1 0 0 1 1 1 1 1 1 1 1 1
1 1 1 1 1 1 1 1 1 1 1 1 1 1 1 1 1 1 1 1 1 1 1 1 1 0 0 1 1 1 1 1 1 1 1 1 1 1 1 1 1 1 1 1 1 1 1 1 1 1 1 1 1 1 1 1 0 1 1 1 1 1 1 1
1 1 1 1 1 1 1 1 0 1 1 1 1 1 1 1 1 1 1 1 1 1 1 1 1 0 0 1 1 1 1 1 1 1 0 1 1 1 1 1 1 1 1 0 1 1 1 0 1 1 1 1 1 1 1 1 1 1 1 0 1 1 1 1
1 1 1 1 1 1 1 0 1 1 1 1 1 1 1 1 1 1 1 1 1 1 1 1 1 1 1 0 1 1 1 1 1 0 1 1 1 1 1 1 1 1 1 1 1 1 1 1 1 1 1 1 1 1 1 1 1 1 1 1 1 1 1 1
1 1 1 0 1 1 1 1 1 1 1 1 1 1 1 1 1 1 1 1 1 1 1 1 1 1 1 1 0 1 1 1 0 1 1 1 1 1 1 1 1 1 1 1 1 1 1 1 1 1 1 0 1 1 1 1 1 1 1 1 1 1 1 1
1 1 1 1 1 1 1 1 1 1 1 1 1 1 1 1 1 1 1 1 1 1 1 1 1 1 1 1 1 0 1 1 1 1 1 1 1 1 1 1 1 1 1 1 1 1 0 1 1 1 1 1 1 1 1 1 1 1 1 1 1 1 1 1
1 0 1 1 1 1 1 1 1 1 1 0 1 1 1 1 1 1 1 1 1 1 1 1 1 1 1 1 1 1 0 1 1 1 1 1 1 1 1 1 1 1 1 1 1 1 1 1 1 1 1 1 0 1 1 1 1 1 1 1 1 0 1 1
1 1 1 1 1 1 1 1 1 1 1 1 1 1 1 1 1 1 1 1 1 1 1 1 1 1 1 1 1 1 1 0 1 0 1 1 1 0 1 1 1 1 1 1 1 1 1 1 1 1 1 1 1 1 1 1 1 1 1 0 1 1 1 1
1 0 1 1 1 1 1 1 1 1 1 1 1 1 1 1 1 1 1 1 1 1 1 1 1 1 1 1 0 1 1 1 0 1 1 1 1 1 1 1 1 1 1 1 0 1 1 1 1 1 1 1 1 1 1 1 1 1 1 1 1 1 1 1
1 1 1 1 1 1 1 1 1 1 1 0 1 1 1 1 1 1 1 1 1 1 1 1 1 1 1 0 1 1 1 0 1 0 1 1 1 1 1 1 1 1 1 1 1 1 1 1 1 1 1 1 1 1 1 1 1 1 1 1 1 0 1 1
1 1 0 1 1 1 1 1 1 1 1 1 1 1 1 1 1 1 1 0 1 1 1 1 1 1 0 1 1 1 1 1 1 1 0 1 1 1 1 1 0 1 1 1 1 1 1 1 1 1 1 0 1 0 1 1 1 1 1 1 1 1 1 1
1 1 1 1 1 1 1 1 1 1 1 1 1 1 1 1 1 1 1 1 0 1 1 1 1 1 1 1 1 1 1 1 1 1 1 0 1 0 1 1 1 1 1 1 1 1 1 1 1 1 1 1 1 1 1 0 1 1 0 1 1 1 1 1
1 1 1 1 1 1 1 1 1 1 1 1 1 1 1 1 1 1 1 1 1 1 1 1 1 1 1 1 1 1 1 1 1 1 1 1 0 1 1 1 1 1 1 1 1 1 1 1 1 1 1 1 1 1 1 1 1 1 1 1 1 1 1 1
1 1 1 1 1 1 1 1 1 1 1 1 1 1 1 1 1 0 1 1 1 1 1 1 1 1 1 1 1 1 1 0 1 1 1 0 1 0 1 1 1 1 1 1 1 1 1 1 1 1 1 1 1 1 1 1 1 1 1 1 0 1 1 1
1 1 1 1 1 1 1 1 1 1 1 1 1 1 1 1 1 1 1 1 1 1 1 1 1 1 1 1 1 1 1 1 1 1 1 1 1 1 0 1 1 1 1 1 1 1 1 1 1 1 1 1 1 1 1 1 1 1 1 1 1 1 1 1
1 1 1 1 1 1 1 1 1 1 1 1 0 1 1 1 1 1 0 1 1 1 1 1 1 1 1 1 1 1 1 1 1 1 1 1 1 1 1 0 1 1 1 1 1 1 1 1 1 1 1 1 1 1 1 1 1 1 1 1 1 1 1 1
1 1 1 1 1 1 0 1 1 1 1 1 1 1 1 1 1 1 1 1 1 0 1 1 1 1 1 1 1 1 1 1 1 1 0 1 1 1 1 1 0 1 1 1 1 1 1 1 1 1 1 1 1 0 1 1 1 1 1 1 1 1 1 1
1 1 1 1 1 0 1 1 1 1 1 1 1 1 1 1 1 1 1 1 1 1 1 1 1 1 1 1 1 1 1 1 1 1 1 1 1 1 1 1 1 0 1 1 1 1 1 1 0 1 1 1 1 1 1 1 1 1 1 1 1 1 1 0
1 1 1 1 1 1 1 1 1 1 1 1 1 1 1 1 1 1 1 1 1 1 1 1 1 1 1 1 1 1 1 1 1 1 1 1 1 1 1 1 1 1 0 1 1 1 1 0 1 1 1 1 1 1 1 1 1 0 1 1 1 1 1 1
1 1 1 1 1 1 1 1 1 0 1 1 1 0 1 1 1 1 1 1 1 1 1 1 1 1 0 1 1 1 1 1 1 1 1 1 1 1 1 1 1 1 1 0 0 1 1 1 1 1 1 1 1 1 1 1 1 1 1 1 1 1 1 1
1 1 0 1 1 1 1 0 1 1 1 1 1 1 1 1 1 1 1 1 1 1 1 1 1 1 1 1 1 1 1 1 0 1 1 1 1 1 1 1 1 1 1 0 0 0 1 1 1 1 1 0 1 1 1 1 1 1 1 0 1 1 1 1
1 1 0 1 1 1 1 1 1 1 1 1 1 1 1 1 1 1 1 1 0 1 1 1 1 1 1 1 1 1 1 1 1 1 1 1 1 1 1 1 1 1 1 1 0 0 1 1 1 1 1 1 1 1 1 1 1 1 1 1 1 0 1 1
1 1 1 1 1 1 1 1 1 1 1 0 1 1 1 1 1 1 1 1 1 1 1 1 1 1 1 1 1 0 1 1 1 1 1 1 1 1 1 1 1 1 1 1 1 1 0 1 1 1 1 1 1 1 1 1 0 1 1 1 1 1 1 1
1 1 1 1 1 1 1 1 0 1 1 1 0 1 1 1 1 1 1 1 1 1 1 1 1 1 0 1 1 1 1 1 1 1 1 1 1 1 1 1 1 1 0 1 1 1 1 0 1 1 1 1 1 1 1 1 1 1 1 1 1 1 1 1
1 1 1 1 1 1 1 1 1 1 1 1 1 1 1 1 1 1 1 1 1 1 1 0 1 1 1 1 1 1 1 1 1 1 1 1 1 1 1 1 1 0 1 1 1 1 1 1 0 1 1 0 1 1 1 1 1 1 1 1 0 1 1 1
1 1 1 1 1 1 0 1 1 1 1 1 1 1 1 0 1 1 1 0 1 1 1 1 1 1 1 1 1 1 1 1 1 1 1 1 1 1 1 1 1 1 1 1 1 1 1 1 1 0 0 1 1 1 1 1 1 1 1 1 1 1 1 1
1 1 1 1 1 1 1 1 1 1 1 1 1 1 1 1 1 1 1 1 1 1 1 1 1 1 1 1 1 1 1 1 1 1 1 1 1 1 1 1 1 1 1 1 1 1 1 1 1 0 0 1 1 1 1 1 1 1 1 1 1 1 1 0
1 1 1 1 1 1 0 1 1 1 1 1 1 1 1 1 1 1 1 1 1 1 0 1 1 1 1 1 0 1 1 1 1 1 0 1 1 1 1 1 1 1 1 1 0 1 1 1 0 1 1 0 1 1 1 1 1 1 1 1 1 1 1 1
0 1 1 1 1 1 1 1 1 1 1 1 1 1 1 1 1 1 1 1 1 1 1 1 1 1 1 1 1 1 0 1 1 1 1 1 1 1 1 1 1 1 1 1 1 1 1 1 1 1 1 1 0 1 1 1 1 1 0 1 0 1 1 1
1 1 1 1 1 1 1 1 1 1 1 1 1 1 1 1 1 1 1 1 1 1 1 1 0 1 1 1 1 1 1 1 1 1 0 1 1 1 1 1 0 1 1 1 1 1 1 1 1 1 1 1 1 0 1 1 1 1 1 1 0 1 1 1
1 1 1 1 1 1 1 1 1 1 1 1 1 1 1 1 1 1 1 1 1 1 1 1 0 1 1 1 1 1 1 1 1 1 1 1 1 1 1 1 1 1 1 1 1 1 1 1 1 1 1 1 1 1 0 1 0 1 1 1 1 1 1 1
1 1 1 1 1 1 1 1 1 1 1 1 1 1 0 1 1 1 1 1 1 1 1 1 1 1 1 1 1 1 1 1 1 1 1 0 1 1 1 1 1 1 1 1 1 1 1 1 1 1 1 1 1 1 1 0 1 1 1 1 0 1 1 1
1 1 1 1 1 1 1 1 1 1 1 1 1 1 1 1 1 1 1 1 1 1 1 1 1 0 1 1 1 1 1 1 1 1 1 1 1 1 1 1 1 1 1 1 1 1 0 1 1 1 1 1 1 1 0 1 0 1 1 1 1 1 1 1
1 1 1 1 1 1 0 1 1 0 1 1 1 1 1 1 0 1 1 1 1 1 1 1 1 1 1 1 1 1 1 1 1 1 1 1 1 1 1 1 1 1 0 1 1 1 1 1 1 1 1 1 1 1 1 1 1 0 1 1 1 1 1 1
1 1 1 1 1 1 1 1 1 1 1 1 1 1 1 1 1 1 1 0 1 1 1 1 1 1 1 1 1 1 1 1 1 1 1 0 1 1 1 1 1 1 1 1 1 1 1 1 1 1 1 1 0 1 1 1 1 1 0 0 1 1 1 1
1 1 1 1 1 1 1 1 1 1 1 1 1 1 1 1 1 1 1 1 1 1 1 1 1 1 0 1 1 1 1 0 1 1 1 1 1 1 1 1 1 1 1 1 0 1 1 1 1 1 1 1 1 1 1 1 1 1 0 0 1 1 1 1
1 1 0 1 1 1 1 1 1 1 1 1 1 1 1 1 1 1 1 1 1 1 1 1 1 1 1 1 1 1 1 1 1 1 1 1 1 0 1 1 1 1 1 1 1 1 1 1 0 1 1 1 0 0 1 0 1 1 1 1 0 1 1 1
1 1 1 1 1 1 1 0 1 1 1 1 1 1 1 0 1 1 1 1 1 1 1 1 1 1 1 1 1 1 0 1 1 0 1 1 1 1 1 1 1 1 1 1 1 0 1 1 1 1 1 1 1 1 1 1 1 1 1 1 1 0 1 1
1 1 0 1 1 1 0 1 1 1 1 1 1 1 1 1 1 1 1 1 1 1 1 1 1 1 1 1 1 1 1 1 1 1 1 1 1 1 1 1 1 1 1 1 1 1 1 1 1 1 1 1 1 1 1 1 1 1 1 1 1 1 0 1
1 0 1 1 1 1 1 1 1 1 1 1 1 1 1 1 1 1 1 1 0 0 1 1 1 1 1 1 1 1 1 1 1 1 1 1 1 1 1 1 1 0 1 1 1 1 1 1 1 1 0 1 1 1 1 1 1 1 1 1 1 1 1 0
45913 80658 20712 94282 46738 30941 96781 23634 35794 86003 85480 72579 60085 51227 38752 13463 47480 49101 94063 48185 37905 52811 29717 24619 33135 21543 87870 90619 90135 58899 29936 28346 44422 72369 73440 17626 58863 82297 83035 97907 34868 37524 26050 62158 14266 83548 99114 51618 2566 90639 51922 54805 56149 40882 13910 89175 92482 40050 37388 25364 67393 42956 42679 6120 62226 22589 46395 52805 88486 83466 81438 25625 95741 35906 87412 79331 33539 73845 75530 82163 89845 66661 8278 67058 90061 31461 7920 72658 83371 30905 45843 71417 25088 53150 90055 10564 63109 9368 84197 56782 44219 83950 45265 98410 51499 96761 81114 24168 6957 9623 10961 86103 35795 59608 31961 61978 83294 17127 21435 12809 80824 57444 69621 3522 25433 92556 77209 42396
41983 75199 53195 18785 72195 84096 77416 19086 96693 5134 70165 84049 3203 71704 90737 29536 43534 23460 77812 97621 60389 292 63388 28504 56611 74337 47780 86135 44663 8781 4422 56585 27665 23440 60952 89525 11559 16245 61035 75192 18258 18736 21451 88380 76623 97275 55586 50077 31402 74500 33027 69386 64518 48391 87640 87206 58928 62916 67572 83426 26707 16677 44223 940 24237 47905 16675 50635 13744 8056 5571 97840 61659 56743 77895 78760 90795 24751 27386 42941 2980 8092 21421 13109 57272 34753 27905 60802 99103 76445 67295 61357 61233 91486 29717 17940 90265 41158 14024 32944 58673 17127 33707 95628 70084 79171 93719 89359 63439 45543 85130 23141 33442 9088 20004 56303 67059 93881 56879 86231 13128 95748 7273 90076 79562 61943 93587 9585
68312 3873 8663 74174 80664 6333 6691 45946 85990 29412 84914 26155 46782 4573 71946 75804 25782 56528 94627 18219 24210 23814 54823 74587 34087 93427 72720 83205 8110 38474 74242 5488 83877 16080 32937 25054 72401 4754 23609 30923 59958 76050 80114 4104 1808 51634 52370 17181 39214 76195 44820 24310 75900 6923 16116 93020 63773 37757 14077 52702 70740 32722 81992 57279 98529 34053 42738 53052 79659 20560 70444 93790 24211 88513 4362 65950 24238 63866 59776 31858 16312 57618 1496 71880 23887 94498 28640 71069 91823 6173 47808 64636 2812 17011 44301 39112 41779 51036 87939 99878 111 9627 73667 13578 89534 72162 44557 87206 34620 26989 758 28825 41186 11034 44693 33227 15420 20811 35205 89899 41141 19032 26309 11330 64397 41690 5933 52054
9044 82502 50120 16517 13348 79668 64581 18539 87953 73 92802 17482 49216 38298 5946 89257 65200 80254 35837 48030 78074 91864 18645 41214 31797 99617 21128 28229 29474 8218 70609 40524 79502 39637 73569 622 77624 39174 29389 39804 5044 80246 34994 15787 47022 5990 33004 5467 25477 51973 86985 72138 19926 7229 45657 4042 40866 28548 19878 33629 79905 20191 52015 36083 29020 71115 25357 23431 14126 61480 9837 84412 39212 74146 16901 91679 35236 59502 34416 38477 98797 25416 44948 56951 96083 65395 34409 96983 74475 1089 43386 92002 31566 80216 57710 79770 99065 25001 26909 83673 41576 95481 48514 40951 36890 9830 93421 15799 51862 60915 99515 58574 86739 44365 25480 5098 9640 70309 19610 67055 18443 35385 91246 3976 128 29186 90717 74664
20600 49613 68334 99466 9606 56491 82982 27836 62066 31759 40454 22054 67123 29504 82200 14339 44626 68573 16137 32286 31903 40417 3051 65049 89844 64453 88172 63147 53085 22630 27484 9597 35383 69993 19364 29835 59678 87692 20069 66400 40975 62561 42151 86749 13480 33343 9183 14147 86025 11984 9318 59841 31343 64840 58964 5543 27660 29984 15386 43176 68505 23427 1015 34835 39202 21115 8011 39427 294 99076 40275 75642 85155 65821 99466 58350 99419 49979 75359 51438 93261 68651 69900 47154 62647 23287 28571 54863 41943 47590 74133 9844 32969 40602 588 44051 51409 19506 50819 95749 5698 71188 81819 99770 56898 28201 43925 68706 5562 86629 15642 4871 84010 69482 51677 20331 88979 45176 79276 36292 29 27779 89763 86252 33581 97568 89681 94645
36446 30392 27934 36253 40875 34900 98061 66530 60321 45974 38403 68817 52197 46903 68892 98727 57505 17555 80250 36921 97031 2931 55322 25971 14406 2653 64729 34019 48159 59113 19475 80429 34633 54352 37012 151 89905 71569 83855 35294 68187 2829 22030 98893 94771 67283 45051 66261 50208 44059 61722 93792 18331 14472 56650 55967 73770 4008 51420 12358 58174 41958 98135 57149 672 74970 99201 72922 80646 89370 70108 87996 59996 8790 8255 26297 8414 8092 8479 38982 78801 32237 34090 51695 37426 54398 17939 78866 69065 53778 64290 90228 60431 3347 50939 16764 96714 32882 75937 76093 88947 77345 70455 58461 57888 65030 15075 13003 57415 76785 61802 23772 51253 92891 31943 33138 35388 96410 80580 62418 30463 5030 63848 26347 72436 54130 1710 21054
49683 85762 50890 92170 67305 74633 65512 84352 62865 87078 17617 52286 57961 85664 79355 81113 87480 34316 16083 97198 76172 50728 34119 93078 52083 29248 18299 59461 64271 61267 74143 37559 97814 10161 28803 83778 47555 94660 34294 35717 77969 1904 84350 90656 69410 88939 79727 12638 87495 53161 75671 47202 98005 6255 75566 1234 31113 77264 10933 37390 44838 48325 48301 95261 60931 96320 93561 39605 27267 39607 16504 90287 83448 18083 69782 64524 96947 85386 20926 40649 39705 72534 31611 69910 72678 6412 6943 74050 63960 51387 51167 508 90882 76310 79984 13832 39968 3863 89624 85608 2827 17889 85570 66975 12838 85443 64777 66532 36388 97097 61688 77935 57262 74732 60436 19974 90098 31313 74246 63586 78552 60256 21015 60372 38039 74744 97965 73779
31924 15898 84040 80051 26462 84659 28347 45235 86528 20700 60986 85124 16142 73807 14052 87398 8621 63800 51315 77717 2867 66398 46056 37379 63451 70999 92240 63341 5223 16193 9429 55626 42593 98760 24481 32976 8629 80862 10868 36271 71887 87745 36502 79168 2531 37849 61333 81960 55687 72416 49854 42673 8904 88132 44190 90437 74966 58121 23870 54084 65830 68824 36062 51805 13990 52309 44094 76438 14989 31175 8361 63932 79213 35134 83905 88273 67478 58021 51986 46768 73290 57520 77246 81684 182 41401 28870 84427 37074 63174 12935 64919 5348 60971 58060 13587 21218 31585 57468 54742 15646 42011 31933 65765 53120 63600 74596 43385 67747 48412 36761 49701 34713 45502 4527 67436 93512 37090 65128 31519 98993 95881 11113 64653 15963 7822 65523 79116
63697 80831 63867 11457 60758 74623 3248 5095 91963 87549 11252 17403 65863 47108 1880 59672 64476 66453 39660 79363 70192 96963 21677 3909 81215 55671 89092 95595 84111 76734 69887 56830 17312 3985 52842 27512 18585 25279 61687 92414 17600 97142 64995 57182 91763 2057 88001 29844 9412 91639 70081 27955 97290 88885 33766 65426 12810 96543 15715 643 56954 88445 42784 51032 80229 24556 13813 31501 2624 82655 46178 54758 88534 81459 50053 53832 91625 29672 5075 65431 96355 58313 1913 13133 79499 7533 92564 54403 67734 7605 68435 94524 54043 68925 81788 50654 34821 41332 3679 85740 14312 11532 65802 36581 13179 54375 96096 70905 24591 14919 62250 9411 65644 62464 47298 67091 12098 12114 62863 82587 6509 54446 2126 63029 26555 1667 39296 98834
68921 4308 92544 658 60963 45130 82115 36980 65080 74885 82628 92998 97753 32390 99133 76857 85195 49148 45275 23998 10276 81478 14574 21643 85927 97218 32613 45507 70849 72787 46926 12592 51295 27442 59 33879 68845 21519 81174 59032 62579 67327 94573 73592 11102 39649 18757 34225 29937 32155 85296 41085 51699 41956 12540 24159 32111 45982 95321 65849 65541 85841 43866 85188 84013 37991 160 304 2792 14913 57905 22161 7269 43481 45138 58681 12972 4211 3503 47225 11441 66235 42280 9634 13506 60380 56257 23472 23087 69954 27235 32653 26058 22201 50447 54910 35655 80336 85750 22121 614 30259 87496 3510 36748 14075 93290 95754 93577 46200 78200 8267 90195 21942 42845 98145 80303 42531 95728 22984 96717 76902 78656 56504 70982 61540 29141 19000
86508 92989 5974 43837 27444 45519 66713 84794 24453 23249 54097 42512 5262 94364 70214 23279 59875 58696 61579 58705 63878 9775 33596 43305 71585 78419 71026 22341 48471 48191 35985 27876 82687 12421 16324 84205 18504 61070 40046 99419 76456 61223 34070 36890 23465 98457 554 41798 97513 34480 78892 26175 86561 83091 64464 72878 889 7887 59621 38869 49846 77147 57861 51229 19001 57522 95222 83390 5288 69423 86089 30545 19789 55420 27231 53901 68914 2047 20752 63561 44241 36328 57270 28944 65276 99557 38339 60889 51605 58001 40499 61422 21565 14488 76525 89454 46818 93849 45327 60988 33677 21047 54905 94650 60715 48554 65661 32808 51890 60312 23738 65890 23759 56641 46648 71922 44070 20210 51594 29067 2265 9531 63460 91305 61434 81865 7467 99275
12536 6589 40753 82219 7320 92489 75250 99943 32708 78887 63404 96109 32139 60321 19006 22867 44168 41978 42401 16762 83995 41046 81588 83381 51747 92927 19991 36780 12548 1887 8820 87295 91920 62428 81266 55876 52379 79035 22569 7201 25166 52948 34866 44573 63701 78069 54275 45235 43321 62654 52397 9920 46714 46955 16533 54045 84068 75703 51308 57611 84993 6468 21593 79737 73895 59562 70529 57535 31037 11187 68136 64814 21561 25486 67554 61242 62688 6649 14357 14702 4198 61582 65153 51866 42116 22150 22429 34905 47269 90843 7762 25646 83845 97141 23082 43929 84575 71957 24109 15014 86795 23368 12323 72249 61627 70726 36122 609 66394 83014 84811 17814 58113 38093 34776 15449 79809 40916 49555 51572 5288 55319 61000 27285 30235 84545 55170 33528
85345 31227 24966 1164 70017 87612 64890 41537 50004 95092 38837 98950 9268 90267 85522 37005 51581 3643 34190 66810 7734 20688 99952 12484 67302 39064 88121 36814 64079 15909 7085 82608 62266 93544 11306 42041 4613 33125 23380 64578 33150 62 67037 63324 38108 71874 24321 2884 98395 89649 75272 16671 52576 33976 89272 3363 91346 25947 5113 43086 41224 90779 71946 40358 62070 21650 52626 45298 18948 35311 18436 75684 35142 44481 15827 60427 27860 65474 36606 41883 83777 86438 47164 96788 43775 12256 43728 64865 87136 287 32474 98949 67036 37678 22988 98180 13073 25229 10934 76487 29315 39414 78667 96615 1604 19649 93603 659 60296 2185 38416 79803 78302 37446 80267 43933 6261 35109 75157 82418 99452 51878 50472 18316 44536 57802 88854 33747
69686 19562 30644 15322 49697 8758 43592 42533 67776 74761 84737 72622 63745 36209 92117 45922 10642 28285 29452 78569 20937 98530 37088 96194 50316 83615 75283 75897 5725 63027 93534 12709 47800 8153 61909 55573 20202 31177 97539 31302 56601 70917 84662 50677 23120 39805 85067 93832 23835 58430 12381 54095 18470 73673 66476 28735 81148 53250 90281 68727 39127 98580 62858 48530 52867 88687 12928 53640 57056 92745 6180 65692 74969 26982 97848 30914 95591 6243 97847 53082 8085 24772 72191 60200 31601 84259 88367 64192 19883 41743 28669 65342 35749 16246 16932 15887 11208 85784 46286 58718 97087 61634 16554 97206 28446 18034 16353 43532 22428 75461 28000 93283 15603 74851 88173 89203 16844 68522 81409 36200 4006 3932 42065 56738 3930 37994 13876 44036
73196 87700 91446 66126 62186 70637 76743 96844 68686 14099 57189 50208 37894 47769 38553 57774 23754 51992 92586 14770 66206 77002 99375 83888 92888 57253 83874 31786 7967 44668 58748 42095 31312 91162 1513 78357 28320 77117 51327 64764 45469 35077 78144 2437 36978 15165 96642 89055 39204 90507 94884 41986 2329 79533 34846 48812 98728 81209 4205 19092 19162 52638 84502 16593 961 14525 16097 56157 70544 95638 92115 21177 14080 34204 53443 51000 25711 74416 7327 86520 4733 31438 55522 39345 23385 24887 81203 35660 19620 27965 6835 34067 43277 77697 77227 46936 38769 29521 49379 95064 10638 25378 18024 46588 46529 13496 87195 28071 2241 58655 88458 90810 97226 58657 22169 12345 150 1600 55756 27437 61631 93145 63184 73084 52816 2763 79465 41255
76991 74848 666 91688 40325 22272 94136 48297 47614 97351 57388 60889 95408 55834 43753 33070 75071 84572 14647 84876 84748 10971 66665 42047 10102 24714 74788 87545 17097 16210 87430 64864 33854 35201 49248 642 18605 56779 97018 22550 33219 57295 48791 19848 91729 57136 45468 83608 55612 97493 27085 46589 19735 21439 4796 60883 73365 28864 22428 59479 76937 76106 14194 91318 26213 61680 99167 45681 43800 52391 40000 30601 51887 78199 64397 55073 11800 22733 32810 17196 37314 38287 21468 37097 57843 54038 43775 31610 41150 33410 79349 81842 98279 10854 47764 57272 71301 27737 25973 97394 93302 25000 71558 66742 30167 95790 76458 17840 26499 35099 90147 62191 95014 58806 45214 33371 89801 4678 58854 22010 92337 1877 57280 83340 28084 77323 93628 29807
40384 91226 62619 34032 73050 27336 33720 35630 15539 88114 23876 19858 18908 98322 89884 60627 93822 18500 12761 7949 19363 79654 31960 681 55074 32578 78115 5420 92647 91754 61929 44568 99885 66956 41095 15920 23648 18709 24601 18133 71628 94472 9065 63135 36735 99102 88497 66222 13683 74263 67578 39909 93900 35808 74691 50379 68440 82508 12537 98675 67740 17695 79147 79756 57161 20648 97906 93219 77301 79809 47163 23302 53940 9317 91370 65409 89066 12975 80613 45948 83042 93873 20671 38472 77781 11585 7730 86460 67325 48843 42731 95402 52167 89413 38276 29422 71082 56840 86395 28570 11738 85123 10812 11093 4552 47600 36736 19870 9431 75431 14072 85492 32331 94048 14973 73892 21679 51642 93297 44016 79710 53624 70998 76554 91727 98925 42768 23533
54153 37335 27146 34792 50867 84523 97059 32480 88997 78779 69501 17961 91577 8619 66265 57348 81051 87256 84438 42945 53092 16803 88749 60484 77598 19770 45977 2309 64184 10771 38602 39339 14503 56030 56981 82160 69482 37899 39530 10309 6222 61407 53537 14329 4512 82670 5774 85538 26298 6496 79740 36719 91437 58355 58500 99004 63660 67030 76404 37690 29109 58242 88691 91943 2739 42409 67859 4609 61425 95904 48447 74899 56301 18040 14281 61357 20398 44234 26970 24200 7060 40291 52135 58813 46682 50919 46315 80839 2493 29515 4156 69718 50161 85848 33543 13011 47200 58411 67157 66664 40575 82477 41555 18241 14742 29379 13880 13878 87331 6406 60435 14721 21266 85595 21862 9909 22580 66963 32800 73227 99012 74839 90250 34098 20693 31361 10308 55125
24530 60805 79055 22806 27942 63161 19427 11814 31426 14961 48368 64668 10288 26558 69795 51795 3263 38284 4875 13480 19892 42740 81801 20808 38560 44126 64772 12377 3098 45843 45593 70352 63289 55842 17328 81454 77358 13507 13486 73016 45253 47053 71273 1234 6398 60552 9116 4237 93477 16231 72495 65206 39966 7896 66179 27387 50922 50573 49999 64373 83442 30457 90769 93060 73541 58787 10192 21822 31999 93934 64926 11505 58010 17210 96180 71195 90991 49188 17661 7125 47801 44571 86814 23371 25397 61906 22231 68062 56770 96655 42556 3049 64077 71448 86874 90691 9913 82410 79521 64072 5582 52932 23729 91587 79241 59394 12082 53940 30432 35664 29629 76332 55713 85215 4549 8585 54408 43783 86998 76172 13199 15012 7609 99235 60117 71498 70115 28849
31637 92656 21738 51166 88985 55029 20470 41207 251 81311 63782 19869 99169 2855 53553 8268 21467 75903 46064 29082 94477 71832 58797 26791 43000 83161 29756 70134 59205 62702 92870 97263 63931 33078 89592 82939 24116 92781 57061 41275 17280 70812 83509 57501 58950 18172 76628 74328 15917 10077 40703 3897 65390 55546 31406 86528 47627 81104 5426 74460 27821 97819 21834 98754 791 68065 10935 96454 40252 25271 29936 17027 9012 52295 22522 97732 15175 60418 53573 30381 91502 43419 8577 93938 45723 49389 52001 31870 48331 14765 64222 35611 24902 72781 83279 53260 55558 96510 37032 1420 31753 34525 98206 30352 89637 51652 45754 16919 92680 51790 31207 8958 88026 80565 3626 61322 20067 1368 20181 3147 36277 52723 81629 32876 76447 83757 91872 99980
49744 5402 78504 56314 42005 69232 91798 5811 32585 57815 20834 67428 73686 58815 24168 86921 13536 73268 4283 17679 65427 80507 90544 13840 83324 98492 76088 98912 18647 58695 65891 45975 69212 19386 9680 56182 71467 96358 10807 51720 57885 26380 63063 47279 2715 20229 70868 83929 44653 18525 50268 74381 31415 83810 99830 97280 28111 29963 44644 88570 25227 56822 2487 22396 77608 29876 2248 74622 98332 56760 59574 86129 52900 41333 3142 39292 54256 76065 54768 10366 69511 20989 62922 87513 17521 20410 62988 11339 22160 62466 96716 24897 12176 27132 41854 22918 53612 37699 85869 73659 4270 67733 75053 12980 22098 30243 49484 16151 43854 10648 73962 28121 8605 79504 1088 4131 80724 33254 62396 38647 66872 23557 22201 90223 34458 52436 2779 87710
73055 32129 51264 75500 23561 96158 43936 31897 82903 19874 16298 3525 81332 71499 31099 31539 59994 95386 94657 58537 9596 6078 96425 33974 58346 58443 69716 23340 67434 95782 15261 82391 24971 69122 56262 95538 18272 82859 40080 65994 7460 53274 18112 94631 51740 67089 85682 75106 11371 78950 52017 44254 45703 67392 92902 11874 79227 27821 92325 19579 10270 69849 85363 81243 61852 25874 27404 83567 43885 12714 20177 93415 62488 2790 73047 91480 77997 40069 73935 64788 57015 17186 54431 10878 33052 71041 19966 11684 25299 4152 98050 17079 13827 63944 77153 46566 33967 30819 55829 7101 72707 510 60712 42350 54493 87592 91810 67242 14599 31317 22 94161 13438 23848 52224 22494 68767 93741 7732 79290 77504 5019 72406 84850 16653 97762 9878 43504
64304 38452 8310 891 64867 13219 12596 35290 75885 14081 7676 9714 16208 2343 7326 59948 37706 12701 26451 86972 78390 47736 6258 98958 27512 30497 84036 64081 31437 96221 24216 47663 40868 32643 75612 75575 78963 11114 37018 3822 17061 35956 85252 81712 16935 6936 84989 19256 65222 23811 96382 70402 86039 94326 81425 31327 20383 57060 92319 15597 10908 59663 19053 67880 3949 36132 98348 38619 11179 31834 35832 81019 75130 76501 80668 50821 73534 58638 48112 22719 87961 95715 87140 33215 40538 77046 33816 82234 57506 1035 67588 31519 23644 46481 79809 37744 14134 28872 5415 4072 17770 93855 35946 95199 5001 18113 97894 86644 70747 18500 73535 67248 93339 97852 22264 73863 97234 54674 9631 6752 79969 76779 15522 78157 79968 59211 80020 92234
55606 83692 44346 35434 36366 38727 74378 14604 97191 19765 73791 3923 88985 49538 42066 51391 12608 78202 74195 83526 19348 87113 96276 25673 11644 26748 19800 30192 72169 69176 68121 49876 1291 88218 45920 72770 18927 53622 58651 92933 71007 40626 85978 10218 27664 24692 21902 13823 60112 24124 63576 80353 70913 23602 22198 47547 49076 95703 29308 78574 41222 90320 57599 42534 67626 46487 31703 33508 5395 96794 49005 28955 99014 29490 56041 67706 64169 45169 61926 31935 90500 44558 13806 77716 36262 7227 49070 13736 1045 61669 98162 46846 6625 57591 30168 17972 19525 24471 70564 10510 48388 86055 46835 56177 80305 17360 31223 77627 70219 87127 41918 52998 19690 84361 56893 45250 2377 34523 14853 11338 25688 54103 94388 892 38190 99943 52774 46096
88272 97972 70244 4246 39682 43989 45806 95886 88974 30819 73342 79107 46283 66238 80262 29384 71792 88640 76315 49931 71433 4440 34131 3570 32650 41903 57155 65592 74205 69030 93050 19526 90693 58103 93311 6400 72426 97130 54350 74034 61453 42131 60701 33513 12656 61524 2556 77152 68214 81231 30844 60530 41444 14258 3715 49660 15479 24168 51715 99491 87169 83846 45639 94808 55574 75479 35206 95872 53720 604 47016 36186 85142 76955 17872 33728 19531 78240 87542 74581 61553 62203 28680 96177 37311 97195 91379 80294 47464 39286 26836 45372 93552 32471 18707 67200 77450 43603 57594 99886 60122 28237 480 71524 45884 64257 57375 83866 14374 96846 25895 49538 11211 21682 19880 31975 15250 57112 24543 32804 32609 60929 92136 44959 10050 93902 21365 65860
86814 21657 94525 65509 43225 26655 87225 52323 74041 49291 14175 99745 76836 41491 7208 2191 57111 28700 3844 28400 15896 59478 83935 94784 37256 65321 27224 23931 54040 77236 92129 36126 37225 60248 99250 7547 3171 44329 65718 88516 53005 97038 16724 64569 12108 61277 59205 34841 89366 89197 5497 42399 1211 58 38816 33153 29214 82028 56483 72374 28913 43415 96066 49530 62671 7152 58960 69767 82959 88081 85096 10268 71788 41695 10594 43043 77460 64588 47085 16429 31040 78893 54148 87481 88004 94265 95405 73105 11592 89735 86316 71873 77364 55143 52558 74500 39249 85118 27971 59553 80195 45538 7818 37536 78866 30298 94703 17451 3812 36577 78020 71910 23703 73845 71563 71071 76978 87265 48005 12510 71984 23346 44877 43967 74926 86503 79026 6484
55157 50950 41815 60680 71344 28935 18217 25116 54598 78011 45055 76185 48948 70317 61422 91685 86302 33189 10335 18507 51986 20753 96233 29799 71582 56476 1371 86808 71025 38097 16267 52928 49811 96427 61600 96571 31231 70299 56592 13720 4559 80264 24576 9909 5361 9410 33744 48440 84378 76890 99295 25457 27163 39349 28622 3102 9211 49187 65292 70484 84388 72801 75042 18489 23056 40043 64308 94553 88962 13249 81886 35060 28877 48806 90584 58807 64912 30267 72899 49692 58704 20528 91486 58982 99919 17217 54549 85546 12248 95953 93811 56957 89727 74082 83264 48481 87918 25052 69692 96597 57449 44600 58613 10112 48910 97354 20667 84186 65396 26200 39687 36218 10965 22920 48914 48725 39653 79 16894 44089 67839 46052 21465 5492 87956 41842 33247 34705
82312 10412 14200 64059 5632 10146 87139 22644 18890 22798 70464 54083 54635 63588 51646 85192 4681 24757 44917 58315 79067 29997 98012 96768 87359 7933 28330 72131 54256 80145 85082 85413 59778 67630 19514 60666 50416 68093 13194 89117 24155 560 37449 45177 13855 75950 56930 16895 75270 30934 58939 33612 60468 82335 56736 11933 82232 36066 49366 27659 93191 99443 47064 9301 16174 47921 86221 66559 27439 12109 59486 62344 68696 57624 21887 23002 84586 47008 17201 38067 70346 83725 81424 99971 16757 28145 33428 14227 11370 70568 60598 95955 1846 93484 57004 59425 5224 53718 67110 19764 11898 27731 37201 96433 83540 94094 29633 38844 95584 61642 76266 93209 33209 49266 41705 36421 16895 88511 39289 15981 38075 5210 15494 75862 10246 33828 98535 67704
85542 30247 53234 82414 65017 73724 39964 98131 83043 21032 67380 16860 12967 18049 52583 77560 62761 45401 7532 95620 88410 55557 2936 61520 13281 61779 65155 71174 68747 95269 6342 87601 55545 71899 84243 25189 4663 55688 64272 6949 34659 99131 31334 45778 32377 37190 8366 20443 84173 38104 46922 58700 21956 65422 58555 91349 83133 73815 34494 40966 10137 89186 46137 18965 98608 27054 7991 83994 92715 22927 73404 48990 10744 76511 52559 2886 57480 39019 47264 8496 3590 11929 88644 11892 1431 92783 38965 63999 65675 65134 14887 62132 69620 84548 29091 2186 76467 8775 61165 19047 69374 29367 9978 74018 92199 31973 74915 61028 62599 66858 78180 24271 49619 96559 61443 72313 98941 23526 80968 46121 29370 66730 45179 93403 64544 94359 42995 74779
82737 5337 47652 46589 21675 83667 71547 78517 88174 3237 42647 28865 96744 13817 55970 34120 88774 18954 62882 16621 79027 64313 38526 36952 99919 89766 43472 7721 37317 22706 99375 11048 40302 72232 65251 38484 21778 81248 97216 62764 59174 30563 21207 15129 64322 65435 98151 99678 22375 37247 16840 29265 27314 19521 6644 86752 71927 1818 23707 23915 58061 58291 94404 63610 33127 33763 88857 25519 89350 87455 2776 89218 65417 23493 45158 90236 98141 63224 97002 35103 2811 28620 62882 66997 51978 41913 10686 60607 92947 43950 69230 79193 12661 65253 26448 45291 99241 61389 61629 58776 99040 35384 7478 27114 42163 30882 1848 55494 15521 76672 86407 35478 21747 28205 17055 30794 68372 80327 87250 39949 89240 35899 41471 84166 98629 56394 48582 74272
98178 41149 99111 65023 74359 70554 78851 87618 72717 28122 60360 61680 14821 91033 33760 76844 69233 85178 96054 40291 61922 43057 22088 489 1534 4194 6104 68550 39607 25386 33382 75625 39706 98999 72706 35474 19908 64754 99779 3161 42093 15364 26754 54289 12308 1005 13942 60198 44768 32920 53803 95572 93631 89040 95573 21250 63571 91405 94848 15244 34000 75862 57075 53637 94335 82400 31340 90541 7304 95911 28593 49755 30731 99018 99569 44342 45135 58025 63237 37260 90467 95677 47169 42307 21859 52694 85584 78440 58533 27071 16982 6040 91680 44767 26427 94716 16753 83257 81428 84471 48337 75005 97554 61553 4639 81673 67625 74019 59948 91359 75857 44783 39280 48135 70285 22637 4264 99984 13949 49438 56164 71394 20627 12506 55610 93210 23343 40204
83217 5522 22870 4773 66786 52020 1218 93868 48754 81993 25066 4162 63013 2794 58291 96985 83514 60069 56570 55085 92137 85697 8915 10405 99540 31703 65918 40670 46744 95304 13430 50999 96031 84798 55177 64899 43219 41837 52813 93232 64564 49355 96202 92034 73044 584 28835 97764 6917 45358 23526 54315 1446 2853 57421 95903 96820 58076 94112 99998 35638 24139 12990 76845 79368 54213 92882 47048 30173 63671 89374 84135 12604 29922 17838 97732 63982 63988 86744 49497 23041 49002 64117 88615 29898 36472 22481 36043 25614 98032 2479 47602 74780 20936 71005 54870 80752 87826 8450 73275 46842 83861 75337 46630 64124 70503 21775 10493 76227 11829 16671 67108 25765 9405 34075 94331 60490 70571 68448 38530 99587 7064 49468 39182 27599 8693 68848 54648
34784 95133 28779 14970 7567 40750 90706 45222 5143 44994 74994 39350 80231 42855 51528 74824 91292 33894 57544 43991 39455 56993 16540 7347 67973 39185 97563 37832 55915 59890 73227 52995 11939 90737 85874 47262 32544 49493 88111 59823 74881 76387 15398 47538 51214 65505 50558 87456 20569 92463 14044 44006 84207 97947 32855 43248 58713 44070 56630 38521 8281 16453 74637 55012 81869 49899 13211 73537 46524 96105 7406 45978 60761 68302 6121 65462 93360 5368 82858 6096 77456 12965 50089 41568 27889 61822 42050 50137 51881 48675 40576 90065 58226 33082 17037 78091 84800 75945 27440 6218 82753 31471 68836 98418 23353 20433 9981 43801 76461 24833 31255 42115 78389 57501 92135 75062 80235 85428 96717 2348 20220 5615 21490 17137 5331 37068 80466 55460
62746 68476 71830 66413 31166 80473 83034 12744 38393 85474 67983 69231 94239 92116 59550 17812 3870 58364 99544 76463 7785 97221 79320 80770 36654 12445 71433 85728 7133 52690 70799 4226 22389 16603 19671 56436 61015 26790 72690 61881 40159 42372 36594 6063 10876 99147 20575 36249 7774 17605 32938 36177 71871 36688 74229 17988 16519 78774 80054 43626 64947 96463 135 69220 56569 6585 24972 26493 91920 52940 99293 43199 62430 32080 61706 14081 81157 10700 53832 58182 57261 919 27443 98271 49612 24991 49379 41965 43602 33852 90248 71299 75209 25601 84305 17792 87855 43426 82661 28046 44276 78480 23654 41495 44496 39727 72451 56838 39700 7056 50871 66588 38834 79843 47440 22594 48601 31393 55552 41336 4686 3983 3490 59278 47657 39075 92895 10171
88454 67000 74975 70037 17253 41836 96952 22861 95354 30726 48259 3071 66436 60099 23225 22528 74264 60793 68520 54158 19579 42339 3137 1373 50281 89392 2313 9161 3863 76232 70719 22029 26543 93614 15866 50465 29207 71528 11859 92861 48696 11468 58684 74055 85000 82963 72032 61272 49316 44976 32034 43019 78435 89667 11173 73551 77763 48400 25489 22688 33809 33031 31693 4304 51789 81650 69579 72582 85687 57821 50649 80416 5667 8493 17755 66594 99717 21 63327 3738 82911 94603 61887 85599 82084 79034 99456 73959 17494 93528 1326 86305 28888 5056 99066 77759 26958 6653 99202 19546 73302 56883 59579 7867 30595 99585 60086 17384 48239 3182 3780 3761 44312 51625 38468 6819 531 14028 25007 10163 13869 57521 71729 62239 19758 34124 10360 69150
96695 5555 11176 79910 22179 81837 40103 19792 35109 67041 77120 79510 19351 37170 13972 45791 21185 17519 24505 87631 40897 1181 99678 45922 52894 43700 29417 84705 76513 76928 27948 48995 80327 63644 60845 77611 30042 99007 54470 71724 6968 64458 23929 78225 9108 48699 32275 27279 8553 81521 81109 69326 12371 69725 36624 39645 32553 69172 52967 79937 84416 13688 77222 84907 74549 54780 93175 39943 53565 30478 40845 26993 99059 49926 88271 15169 54432 65148 14196 38840 24523 93351 17568 58378 61232 24332 6549 44440 97505 40066 71048 85435 22729 55484 34236 31019 39549 6245 87391 77958 85913 52434 58937 90140 48333 7981 73506 70456 51740 87434 27810 50411 15809 63178 62414 88052 78584 6825 21286 64444 62490 66599 94429 57201 85526 22160 27427 61897
89207 58931 75713 38040 38934 65742 52648 25482 70980 50890 37484 12066 5366 12936 42585 59348 24065 81654 29703 47199 66566 19901 82523 45111 35346 92710 10648 82504 46716 90884 13051 38075 80830 53647 17275 85849 78793 89463 58567 88007 45550 83328 54203 30781 73207 41502 93756 61722 65969 67308 64365 16460 66755 34041 80999 3973 3920 11196 87379 35829 50986 77394 52780 24945 12516 26189 14351 54221 77032 76459 99313 82543 40963 19215 36831 44660 52109 89874 1512 64377 57986 27710 47096 80128 82831 43972 89676 44986 43780 10963 62637 25709 87122 78631 53759 38122 97014 27857 63329 4272 75489 53052 11172 38178 25099 31726 47743 60268 16954 87950 93208 62315 54386 28937 40510 34955 35289 14858 52221 99550 23728 14126 76139 61171 26639 88169 63762 52662
21565 61831 7417 81 35867 89481 23248 69607 83632 95009 864 24299 31176 29649 56546 60538 77982 70123 39139 89464 10046 5441 91144 51898 88781 2024 8990 66558 40868 79822 73176 53714 38303 14419 55279 20777 59802 66306 58095 8895 41699 99036 46783 7118 2118 97875 53015 76850 38956 5861 47154 18662 3907 39641 73074 29647 27801 18698 79207 40220 11350 44722 16403 2820 8910 96933 60656 82377 26871 6479 48813 62277 76951 80307 7338 3402 51744 31844 56445 43624 57577 72533 88707 38666 67417 61440 77839 52789 729 36497 82642 36168 49059 4708 65207 6762 77896 6939 4946 32124 22832 89971 34296 83774 62342 38667 88965 432 65894 73456 92020 27589 58316 79011 82385 40141 86456 47478 92533 79349 75471 31210 72739 7090 16011 68025 75838 48119
10661 43485 73901 99337 92218 60822 99078 64029 49133 77791 88293 21588 83085 90728 19780 82934 27437 66963 32295 84906 26377 75807 22444 19619 77359 94185 56039 87322 3945 21550 90928 80832 27609 94710 30825 91134 74657 28047 20035 20366 75602 17893 94125 12268 15476 226 79184 19744 98444 27567 96489 2962 64741 74468 12565 27185 46663 8493 10190 17848 90344 74819 23396 46376 60951 24749 53412 34388 17972 85484 77820 39437 93494 68425 63779 10606 89203 39022 242 19132 38313 31032 80303 31071 11005 69848 14397 47964 79171 25518 84078 11077 35738 40664 46780 61622 44169 28650 53619 66824 68917 99936 3290 44849 45634 26733 90321 13426 4006 45923 87414 32922 67664 23815 1949 55557 82179 34770 79102 19151 62571 78011 41062 35601 75953 93499 80998 54236
7673 5595 90588 96551 76024 12865 86703 98793 29730 24635 83520 20520 59360 35531 12825 46068 10040 15687 34378 13048 74975 30624 32616 96240 56607 36657 28857 81471 95319 25749 26041 96610 4539 33746 77541 60091 65390 49479 39834 69601 45541 11932 69595 75997 79061 48661 9040 27641 62503 37801 44032 10615 63867 74067 6544 63143 3442 72355 61665 98356 71074 82679 21798 83000 28675 21897 89133 80585 5395 39166 47158 87272 56346 372 47041 93311 60568 64896 63422 77361 20457 11398 59743 11193 29370 54563 19066 38374 5482 98479 12800 9587 73363 39373 31867 86095 82576 14079 56058 84103 8320 63165 16648 35659 38859 78194 22270 74906 2594 44030 55627 44530 18968 34560 19753 30939 12000 87660 90857 68965 26803 59210 25135 26648 81287 4336 33970 87887
35001 91562 93313 34997 6549 93982 11544 18693 6501 12398 38018 90272 64138 88859 98233 57125 49982 93609 82913 98746 47599 85389 51886 38302 68280 96659 58070 53358 64973 49050 52619 75625 56875 36270 16200 25489 19567 70929 46939 1853 37661 4860 81909 95210 23599 94905 61258 96274 80666 73493 84854 91106 63627 36386 3488 94687 39935 18867 3849 63376 73040 32547 39622 98149 69066 25250 26361 72785 86653 40856 45338 18129 96187 42369 68346 21132 95790 73849 27944 47551 56838 89766 17911 12816 84051 88814 1751 72627 67396 98208 81211 48697 30896 11297 52498 52992 21180 80535 1431 83245 31246 70770 1955 90760 42198 49655 16679 4628 72762 10177 57744 17786 2233 89327 67634 22785 8675 21881 71576 86832 23721 18728 9003 96320 36277 33305 29040 64092
11897 31937 28987 95396 17299 92473 5427 53078 2750 13533 79583 31060 23284 72475 52083 70025 71537 32940 17683 19201 20729 87359 26413 80556 99201 59102 48211 28388 49685 28795 81748 91152 76524 5041 30250 44354 65339 41001 98186 98247 82172 7352 71568 76116 67890 8410 21723 71074 93915 99324 74800 66479 38937 46160 37320 81172 26734 11113 70626 57197 48984 62518 67102 8890 30831 65450 28487 60122 62869 68381 60754 41828 41922 45843 44527 65201 88278 49347 52179 40603 18872 20372 9094 90162 81493 67732 57501 69045 266 87923 71580 52297 22161 94974 36468 36499 44158 95953 19878 60294 51105 80977 14190 90305 4435 73693 28746 48644 52107 12881 35010 18210 15203 25820 29307 5500 13419 33525 28183 71692 46335 30865 60085 5325 10219 57671 12653 13900
32665 95788 36016 69590 19745 97057 31887 46002 55536 10625 62078 61550 72082 81817 47464 65133 1653 30445 32332 36133 4775 95765 4837 48413 22857 96961 77995 40907 99794 89349 86531 71509 34219 68914 95959 98404 12688 19067 31527 32462 23617 90688 96441 71599 17939 42145 37046 94577 4324 72656 51365 64431 76331 62221 9947 80279 16028 66737 13946 16715 54740 87706 7716 39409 24111 73388 19313 68076 60079 90471 32578 42097 56847 43214 81716 32958 87704 75706 62276 28346 35512 2914 99194 69902 46978 49171 15022 18447 31376 59674 20219 93903 78543 17900 93010 97565 62129 90836 29589 68253 16182 9525 10244 69768 2829 58641 22061 41476 8397 45771 880 37927 93789 61114 91744 3445 50301 1832 64390 28530 43752 33572 91723 82350 44799 98799 87235 43792
67953 61015 43765 36232 44221 22182 73821 51439 12122 66524 33054 24961 70711 65394 49205 79256 62840 56378 36856 8178 45170 5714 56214 32191 62737 42304 23603 7977 78177 92795 44983 13672 28122 83761 63798 25479 32662 54214 11573 74120 28217 32825 82814 80004 60956 86029 47526 76853 70633 65505 41258 8673 37122 1448 81513 43031 53954 15283 23563 87515 93609 45361 41847 50915 50846 72411 91095 70240 23762 82538 11669 1047 97267 93309 45741 59719 27954 18619 39617 81301 85521 96200 42079 43143 14995 35543 34052 57537 16241 85433 46015 41146 44884 83447 71621 83045 61911 35080 63167 87894 54260 93381 85053 80265 64987 2580 40905 2062 71390 52523 60803 65953 24993 59973 73396 97018 16402 98192 8561 46675 14029 47231 65857 35291 54217 44665 58629 98304
56110 21826 145 10493 20889 20584 50378 64527 90799 98148 4018 33036 51036 73352 77289 2731 94139 67732 12967 97298 61250 20306 14883 72280 8064 47342 40410 20041 4205 38360 88222 87277 27645 26575 98016 42871 83246 15039 53987 51855 33520 3773 43714 89156 66449 80704 57092 78364 4750 67168 66049 84954 7755 26091 76306 10968 29857 76042 22568 31794 40522 75996 22155 10974 52580 66826 40680 81706 15898 65730 28266 68426 42474 94532 57458 69946 75764 24275 98660 9023 43400 32157 961 3263 75183 19954 28296 42079 55091 21213 83406 19284 19020 77031 88863 93294 56804 57540 15860 92798 45315 80938 89300 53949 32583 43771 92716 89566 79828 72605 10555 53083 70940 82944 87092 76101 23345 28458 81782 29781 4154 75714 69243 12371 25294 87991 68211 13974
73332 93159 70443 25378 26602 29135 48500 5895 67024 68260 21396 76179 67495 5695 1940 10052 29117 7711 63489 42250 62907 75792 4228 85993 81272 96269 19931 96802 28800 98362 22227 57086 66043 95682 95223 88228 78131 93629 20803 79423 12132 35948 54545 4696 14691 21677 39209 24447 65898 98632 18879 45795 75611 73624 41114 71065 88594 99288 20489 58532 65681 87696 71312 37943 8990 1223 43971 78924 24043 58235 30578 81074 45571 95399 54278 285 59738 77246 102 59393 74944 76909 61857 92957 43934 70192 3954 25903 5987 21253 54635 79927 70270 82864 20305 1002 59378 61329 81678 30928 28971 51319 58118 53831 28029 27236 61951 33836 36063 60755 5548 52648 50358 70918 63751 10776 88125 48093 54696 79706 47436 23870 74811 47347 98699 43444 81043 87000
47137 51493 7650 40410 76406 38752 13302 82359 14269 46362 77432 8340 60028 2322 19894 93361 84342 45545 47016 30914 79637 47843 90787 13003 79743 99541 13675 40069 20905 95484 43617 19519 83612 336 89307 77358 91896 56821 63469 21391 36815 89673 37770 62158 72617 20922 17203 53258 69084 1428 18969 90391 19215 63592 40966 84214 83747 13466 32880 57548 36888 24546 19247 81556 20453 98991 53955 78196 37057 40220 94379 70987 93318 45522 3348 43836 59034 45182 57142 58123 75212 51968 67713 99410 53375 76287 90949 2721 86168 33137 96379 37815 99386 55181 21202 2265 2772 28051 88135 28757 1439 5221 29910 34551 71383 45980 56524 19073 5230 91717 87945 34032 38423 18384 27637 68144 82060 91122 19348 13246 70486 99746 39073 35898 94244 47167 65942 77543
8360 54481 72881 43132 62026 69663 2792 64633 78431 23654 98364 27703 8106 36478 75609 44227 98592 4482 86803 10662 41100 7889 86532 20821 9559 67426 76317 57634 2345 77808 94561 83853 82760 56822 22520 11901 38683 47634 93855 53818 26200 70968 78408 46042 33186 47382 94454 26179 70945 24609 6289 20096 90335 22248 99212 59438 81751 60603 61044 30245 96735 8196 79581 3530 20396 86299 67384 82579 25836 69701 32342 30788 63597 51478 60503 981 61100 54688 92073 45522 76912 7964 23410 42033 63016 5295 27460 38285 3021 87373 24729 77218 91755 50861 84707 95324 38411 5540 2249 12964 60958 76400 91931 84809 64306 27904 31952 14607 68306 13550 6407 7349 60684 31147 45384 96237 7298 90224 84070 85031 57753 50458 32101 20549 41090 12465 66604 3805
86906 6201 77924 11718 27455 24948 67832 14443 50350 50376 80021 27127 4621 56729 952 93694 64086 78556 70119 89190 10507 35685 1640 15777 47446 25824 64638 24475 31406 81375 52052 70898 63487 66938 81803 58017 26118 28921 49064 63144 69624 94404 74934 83999 40740 13976 49603 10387 45489 27231 42760 31379 40696 82101 20337 36660 83671 83520 33688 52093 27076 80387 48892 2525 92518 94264 3302 71260 73854 57181 98743 24950 25697 99565 78537 27237 56273 74401 10618 64592 15054 98966 481 51140 25317 26904 36796 92953 96389 57849 16740 69659 80382 31818 60422 15309 70706 28910 80218 12080 50210 9445 7442 72793 91101 25746 51828 77099 50428 10326 38060 48167 63575 96077 49756 58447 51173 16524 69688 38471 22839 27634 66223 60764 1966 30014 16234 21016
93130 41067 76172 44510 35521 85808 1958 39831 42238 11407 82003 56439 57658 78491 41230 61857 36998 77414 17008 52017 22922 73718 62271 11669 83654 11079 39242 10894 35979 75774 79194 84952 19071 50211 81586 76386 27324 22808 41886 99634 57365 40307 60301 71181 17758 95130 98607 62646 10541 76148 47284 35474 97419 54880 17162 48265 74100 34900 4709 33248 24053 5278 52926 54687 28383 4357 68046 54799 15289 79020 63314 10804 14548 61236 91049 26805 85146 28664 92994 37122 60664 29451 43137 92311 23416 50810 79409 53611 1661 42220 37100 26884 31249 19373 10464 14725 56801 68923 62602 18598 54230 30199 9086 11310 82540 26903 62922 4053 81971 70318 69178 90020 82696 86946 74439 72442 78728 46125 97419 85665 64660 22093 48947 17321 18541 77426 79289 10162
84373 62064 55785 24603 70545 5804 65476 65197 8360 18141 90928 67295 52177 33376 87353 15924 60964 31513 22332 87278 18044 84339 80912 97868 30772 61340 21120 53149 35999 70528 29271 19373 17111 74183 31056 87997 19819 31700 92292 67015 93093 58274 81266 66924 54781 59607 75916 91901 19188 88480 51690 97055 38596 22567 63331 45001 21117 17006 49220 56827 39050 75673 21498 17116 28243 77260 26168 23763 10327 62390 21151 57870 57327 53378 10175 40150 18976 29561 61426 15770 75689 56247 12770 62406 10114 12038 76475 54085 20745 70962 55899 14335 86992 71028 82623 58137 88727 50385 97117 3050 11113 50859 93079 68459 77701 22352 8346 35958 60987 38331 3049 52310 27693 33647 31288 54868 33998 43643 70995 86751 62000 33976 38744 785 88538 45448 86198 36258
23389 93548 37490 7208 67172 82539 22939 40112 7832 16641 11260 59559 71226 75028 21406 29320 47297 31034 75930 14969 79378 52206 44945 77295 53050 58388 73979 9394 8678 1840 96574 5861 50083 59259 38537 72690 85502 91862 84649 83313 21513 42106 87265 11356 38371 83948 3788 32826 90614 21748 28987 68789 45895 70337 84318 29399 41941 82767 90625 59710 74323 12634 9584 78800 79441 1684 85432 93662 76025 27884 71842 36510 89711 58975 14406 98566 11040 84940 39809 64953 56862 27431 83491 88565 11550 55911 97620 86217 19097 14434 41160 96921 13774 54186 17966 77165 90529 24790 19558 10527 92973 95968 6617 70803 48534 53011 82174 29277 41885 53420 60630 57246 52821 29964 6258 3115 32366 63601 70531 64136 26990 1559 11736 91675 37139 24579 25494 12280
11502 26529 2146 16575 47068 430 47363 88395 48770 67778 75282 72417 78343 96614 32016 29978 22074 12438 22795 98568 985 69075 76212 31421 16751 86693 51392 94821 48067 81559 72407 21733 79355 75417 99791 74154 4996 93974 82974 39015 50622 86303 13145 83154 45416 94468 813 38700 94575 45842 10125 98139 55023 97300 50464 28766 70817 74128 34661 83113 49331 92633 87285 66367 30579 37837 27565 1559 72290 11736 86457 6655 53838 44333 20512 52789 32864 10037 81794 99949 5009 11720 24777 3206 78 95193 61988 2983 88710 21411 32392 49421 30811 80888 49585 10587 2282 81974 64695 12418 8330 31137 17691 77943 28749 40551 9115 21614 22365 99108 57391 58687 44144 46845 79376 82671 22088 80559 33963 36381 75980 6811 90992 94974 84201 14364 50402 54001
40306 53461 68080 39269 87169 33412 52400 58276 66281 56053 45276 9997 49158 81286 53629 5850 41369 7260 95197 43347 99926 89739 10641 32902 12926 69441 58613 46976 81660 41801 45853 465 63796 12838 85284 64395 41534 35405 50184 12 23351 34426 44004 45071 91721 14094 83474 45968 81448 22766 42654 50287 711 16675 24441 18896 56983 22181 56115 12353 94043 65849 56194 92443 67330 63127 87079 31279 76090 87395 18432 33960 61176 43127 94462 51531 7737 64952 29312 30599 84086 46115 52737 91728 11038 41001 93170 73215 35344 66998 40339 3118 72826 93008 74929 71429 75277 79342 98561 37486 36189 17479 97984 91203 88696 73594 32367 35549 94263 560 84333 50573 32159 17641 92740 25560 39210 64701 44087 71045 23537 41720 93834 91830 81638 61166 49161 85484
21151 48437 9849 55670 34379 85587 23787 53823 64394 17679 61915 37616 9499 78829 67761 44167 98832 6449 54931 44435 4372 15128 12669 39355 6453 69392 50479 86726 87501 32744 65699 62555 55262 28867 85141 58598 94049 57945 25409 44365 69437 18054 75822 81439 15794 45219 60164 77615 75518 94007 65831 78586 95772 18339 93250 8690 10652 38555 28706 52237 11117 88859 28831 60183 18533 64537 54987 6691 6452 5238 95563 23514 61518 92931 81578 75536 94873 4434 89565 22889 6017 15954 98116 11068 81317 5261 20076 48491 872 67399 29260 76340 93988 78225 59137 51262 67170 94458 78720 82322 38989 17989 92553 77765 48495 47039 62420 69795 85529 84657 2853 8938 23627 73555 90586 29269 11165 97789 76388 10341 11426 55725 26038 71445 75542 44806 47824 59558
41152 727 16687 88848 88669 38257 25418 70900 8521 86731 67387 58449 23123 92030 34353 84162 10955 73580 75518 37436 44749 51065 95982 27827 13851 4359 52884 15000 22694 181 96584 8387 80131 43211 33282 47532 33788 4492 16002 15084 27279 14385 61306 58965 45490 92682 62309 25714 23453 88675 77920 75242 78827 38736 21977 40130 59461 40064 48161 11685 38799 81927 36029 15956 25897 94557 23449 70056 49095 37314 52819 77934 87002 80878 86175 80992 5405 96076 63358 95602 15967 26885 36085 24042 91733 33073 6194 40610 76957 15232 22254 32262 22207 27020 23742 58930 56985 15655 92688 50672 40259 76496 35197 54456 67246 79891 57781 84163 36675 41996 12407 52509 56291 87453 47777 71780 31764 82593 23447 26735 53843 60044 19177 45690 96253 63437 71771 42615
89854 37378 27991 82240 81718 19274 80866 20431 5432 77842 18213 43599 85977 90401 82660 76418 97648 10644 29485 1008 47209 60892 46140 77987 4619 92229 18443 48355 72109 96791 28378 8712 93984 81058 14789 82407 30730 94018 46402 21658 75480 35562 50534 25120 33200 71937 93974 8657 10559 23153 47519 50667 70153 80028 41556 7410 78075 91350 37344 65582 98030 95649 64652 16492 11014 11234 92578 22779 48778 69023 36752 48293 83103 25045 93602 82624 24160 91331 17314 25274 71275 56213 12463 52335 6887 81847 32237 29525 7890 30021 86170 77682 32523 88000 93368 10186 12702 92728 98743 12587 96719 8061 99722 64461 7536 54140 8824 31862 96978 77134 12610 39429 36566 60525 87183 78020 97204 79852 16388 49109 77898 30760 61715 76726 88618 35294 13536 48828
45084 48812 23959 61078 66183 70493 55475 53088 63839 18580 80165 15383 21090 66961 84627 54172 58408 51481 9982 4950 76119 97386 66702 64191 72973 82971 94553 99084 7905 50405 32476 23544 74613 87282 3159 33471 83602 92070 7994 24811 35598 43802 78908 30177 2479 66126 16974 23784 46219 87734 6735 1523 39521 62147 77399 90071 49954 24010 625 96379 6226 89568 97511 76756 5124 10192 8111 79049 78378 45781 48325 7826 80123 46015 9169 86188 64279 24728 78953 98647 94255 35565 3932 90128 37473 51223 1541 52561 36126 59662 97057 5978 34621 91183 7055 67725 61216 73763 72359 79359 62715 53069 38128 13358 31564 67547 57660 91271 45872 43092 21744 59229 22040 3209 34494 69380 68786 3155 83294 15281 1488 83614 79196 56493 70360 32323 98813 23575
53689 36409 82579 51932 89188 7846 83494 63208 32046 9239 2046 68773 26819 86715 58096 85550 31365 32494 31468 87101 6123 16498 33226 86669 88820 35981 54017 32698 17845 55635 65461 19780 57863 82530 49507 68234 90065 79843 70968 30165 11879 95345 69886 31113 99996 27014 22402 7187 32906 67737 87295 92998 46081 11529 56839 44386 59016 75642 15452 837 48236 71604 18720 55441 8714 13912 32957 19038 47304 49528 39842 36724 72502 17891 2917 73484 856 31924 65370 61614 1836 40531 77051 7263 20157 38224 47405 17345 68964 97792 26293 7585 11342 25620 90273 78558 75399 65928 47309 49951 96964 3531 69594 39943 95758 14391 10943 65635 49406 71034 6503 45737 51832 71715 28993 81518 57677 12141 38744 16040 99385 40735 59677 1372 18098 38117 47568 33348
56170 44649 12616 22682 45105 34217 4291 5027 26249 34477 93758 48811 41965 63241 57740 51121 63183 50928 60942 78291 76264 55241 43469 13375 89973 27387 91065 48579 19580 30320 91835 24282 20168 60635 69186 20110 25879 41590 72982 4267 14660 55924 35563 30238 66545 24771 45175 95391 90045 11678 82870 23860 80243 83791 29833 44032 82601 58273 61548 77273 15588 99129 80961 6298 81720 95201 68413 49354 75419 56429 59476 92561 8696 48136 2960 15716 88347 32176 81162 83009 29642 95987 12930 19638 66483 60596 97466 69958 92097 18481 60935 60878 83701 6118 62403 80988 29417 3815 21224 42308 93633 37672 23201 43616 85203 13872 83074 36925 98782 99737 72016 78773 40646 89957 68105 55827 96876 32579 28925 56019 71711 22805 21334 67402 45677 76058 97829 72129
21028 20218 81471 14159 38666 67163 97593 93325 76036 31526 45564 68182 11911 72491 44062 82687 95954 38820 1534 83054 9113 65391 36272 56601 53096 91673 33289 370 95449 34980 8849 97490 65823 78898 13585 28322 14203 50937 39425 50373 35965 14397 96717 75665 381 73831 91257 32537 35961 86726 5300 71639 71422 60504 67863 20213 3878 62420 41933 95479 3276 85486 29613 84842 90022 92677 76938 27342 37000 67495 13620 11915 61735 98998 92664 22537 28307 19986 48106 39226 14027 51013 31725 20411 25021 36055 49342 29552 9558 97030 49678 70883 30894 83297 43350 98260 3852 28833 61204 43949 50419 99812 88266 11386 3108 89339 6511 37056 18440 65111 57126 37565 33700 71086 81370 26863 17328 98962 17565 9975 54756 81185 36523 12603 83154 90089 99257 10134
13321 53175 23453 16472 43978 20986 78359 29345 252 4309 93899 53195 35658 24185 40966 71338 34612 29234 69495 51892 78091 84053 58959 32599 77226 94635 31469 45253 79274 37516 23829 95273 91506 7998 84487 71184 30900 1658 40749 46648 56536 36793 36603 60948 92768 56593 41928 54799 76932 51486 80515 82229 51562 86309 27640 77041 78692 63234 51093 52464 30311 26235 61951 81879 36321 75722 60993 40852 78367 26894 91218 8900 66489 73781 95071 69979 70848 99459 22655 21834 55936 60971 16440 71616 35889 52502 85969 32356 94994 74090 78152 77920 20973 77303 56204 90872 70741 20682 95197 77974 46153 97439 59348 87499 66367 98369 64647 27586 87930 45851 24448 95018 86325 90146 5663 29887 42935 43498 96648 66222 24364 54040 32690 48510 50361 98630 24299 3283
38189 51004 59359 83375 26919 6446 51865 44847 85945 51439 33033 74915 21730 97124 36294 30891 76704 37947 59618 36209 93645 20146 71016 7078 90391 9843 20690 40457 66577 54816 5638 94668 34325 67674 50990 76256 4130 77882 29597 85770 75191 97772 80808 15417 50998 32320 54111 97143 29992 53246 78666 98896 28104 74756 92830 35720 21426 20855 15035 11142 47019 51348 43448 65212 68740 76827 88427 76576 66256 31096 735 44392 68374 43340 35684 75153 58461 11615 79743 13994 61243 24345 42891 9476 79649 65488 33254 74085 21022 75673 55431 55538 85637 6764 12541 27210 99304 13098 28592 44894 86657 76548 4638 13608 57255 97186 98666 95195 51639 59267 98408 97894 29023 34084 91124 9238 35410 54445 51424 99099 33277 69864 99655 80840 835 96265 97001 29047
91671 12454 29629 68924 37311 61495 78255 7326 2661 92727 96401 24959 11720 28717 94092 48292 36846 35824 22088 88634 1832 30035 30586 55731 55616 41884 26751 59499 60095 79193 10235 21979 77606 99334 76581 88897 34070 12650 62630 25955 39580 83733 31160 66470 7248 70055 44877 66756 88207 45709 13955 94357 8090 10456 72446 63323 88813 53660 26228 22426 81605 22327 55068 2016 6201 34258 89688 49826 99531 40278 11855 70294 87686 75104 76877 23561 73182 76560 70678 62909 58026 27897 46274 7739 88315 17489 65522 91002 23576 61376 21992 47352 66953 87191 35317 81896 3297 70602 92690 33784 33847 67171 16689 29827 53912 24047 65090 98758 20542 38475 27455 99788 66784 83807 62274 95781 52254 7712 56638 49136 79609 87086 64530 16708 36893 89936 14645 33693
341200 986554 558354 670909 310566 943489 166494 422368 869302 118451 420182 168694 76846 881937 1282206 1052660 547857 449783 17606 646020 509090 1406947 157495 1038614 83818 1062866 98253 89163 1020062 676765 899521 1281373 1312384 314354 313980 725881 1006887 132971 702045 418966 585104 621853 492932 1205971 786965 1146693 79526 260660 1238741 664983 100453 275531 1300575 5953 504899 868075 1078734 987228 156764 38943 356838 427363 398293 425289 386623 1181565 881479 1313064 190900 913544 1021946 953411 927466 903943 1366190 413251 209238 383764 1121569 643644 291201 546842 1189591 1340681 1303251 871243 531879 1296603 1064835 788344 376646 993432 393710 979042 1064572 1345292 1156130 30275 916936 1159653 286097 592956 402029 457909 806763 112320 791608 629851 13136 880716 253229 819297 117699 1419975 474762 701568 196258 207892 728908 669957 1051164 628955 842067 588643 1034697 238763 1076627 276678
