64
0 1 1 1 1 1 1 1 1 1 1 1 1 1 1 1 1 0 1 1 1 1 1 1 1 1 1 1 0 1 1 1 1 0 0 1 1 1 1 1 1 1 1 1 1 1 1 1 1 1 1 1 1 1 1 1 1 1 1 1 1 1 1 1
1 0 1 1 1 1 1 1 1 1 1 1 1 1 1 0 1 1 1 1 1 1 1 1 1 1 1 0 1 1 1 1 1 1 1 0 1 0 1 1 1 1 1 1 1 1 1 1 1 1 1 1 1 1 1 1 1 1 1 1 1 1 1 1
1 1 0 1 1 1 1 1 1 1 0 1 1 1 1 1 1 1 1 1 1 1 1 1 1 1 0 1 1 1 1 0 1 1 1 1 1 1 1 1 1 1 1 1 0 1 1 1 1 1 1 1 1 0 1 1 1 1 1 0 1 1 1 1
1 1 1 0 1 1 1 1 1 1 1 1 1 1 1 1 1 1 1 1 1 1 1 1 1 1 1 1 1 1 1 1 1 1 1 1 1 1 1 1 1 1 1 1 1 1 1 1 1 1 1 1 1 1 1 1 1 1 1 1 1 1 1 1
1 1 1 1 0 1 1 1 1 0 1 1 1 1 1 1 1 1 0 1 1 1 1 1 1 1 1 1 1 1 1 1 0 0 1 1 1 1 1 1 1 1 1 1 1 1 1 1 1 1 1 1 1 1 1 0 1 1 1 1 0 1 1 1
1 1 1 1 1 0 1 1 1 1 1 1 1 1 1 1 1 1 1 1 1 1 1 1 1 1 1 1 1 1 1 1 1 1 1 1 1 1 0 1 1 1 1 1 1 1 1 1 1 1 1 1 1 1 1 1 1 1 1 1 1 1 1 1
1 1 1 1 1 1 0 0 1 1 1 1 1 1 1 1 1 1 1 1 1 1 1 1 1 1 1 0 1 1 1 1 1 1 1 1 1 1 1 1 1 1 1 1 0 1 1 1 1 1 1 1 1 1 1 0 1 1 1 1 1 1 1 1
1 1 1 1 1 1 0 0 1 1 1 1 1 1 1 1 1 1 1 1 1 1 1 1 1 1 1 1 1 1 1 1 1 1 1 1 1 1 1 1 1 1 0 1 1 1 1 1 1 1 1 1 1 0 0 1 1 1 1 1 1 1 1 1
1 1 1 1 1 1 1 1 0 1 1 1 0 1 1 1 1 1 0 1 1 1 1 1 1 1 1 1 1 1 1 1 1 1 1 1 1 1 1 1 1 1 1 1 1 1 0 1 1 1 1 1 1 1 1 1 1 1 1 1 1 1 1 1
1 1 1 1 0 1 1 1 1 0 1 1 1 1 1 0 1 1 1 1 1 1 1 1 1 1 0 1 1 1 1 1 1 1 1 0 1 1 1 1 1 1 1 1 1 1 1 1 1 1 1 1 1 1 1 1 1 1 1 1 1 1 1 1
1 1 0 1 1 1 1 1 1 1 0 1 1 1 1 1 1 1 1 1 1 1 1 1 1 1 1 1 1 1 1 1 1 1 1 1 1 1 1 1 1 1 1 1 0 1 1 0 1 1 1 1 1 1 1 1 1 1 1 1 1 1 1 1
1 1 1 1 1 1 1 1 1 1 1 0 1 1 1 1 1 1 0 1 1 1 1 1 1 1 1 1 1 1 1 1 1 1 1 1 1 1 1 1 1 1 1 0 1 1 1 1 1 1 1 1 1 0 1 1 1 1 1 1 1 1 1 1
1 1 1 1 1 1 1 1 0 1 1 1 0 1 1 1 1 1 1 1 1 1 1 1 1 1 1 1 1 1 1 1 0 1 1 1 1 1 1 1 1 1 1 1 1 1 1 1 1 1 1 1 1 1 1 1 1 1 1 1 1 1 1 1
1 1 1 1 1 1 1 1 1 1 1 1 1 0 1 1 1 0 1 1 1 1 1 1 1 1 1 1 1 1 1 1 1 1 1 1 1 1 1 1 1 1 1 1 1 1 1 1 1 1 1 1 1 1 1 1 1 1 1 1 1 1 1 1
1 1 1 1 1 1 1 1 1 1 1 1 1 1 0 1 1 1 1 1 0 1 1 1 1 1 1 1 1 1 1 1 1 1 1 1 1 1 1 1 1 1 1 1 0 1 1 1 1 1 0 1 1 1 1 1 1 1 1 1 1 1 1 1
1 0 1 1 1 1 1 1 1 0 1 1 1 1 1 0 1 1 1 1 1 1 0 1 1 1 1 1 1 1 1 1 1 1 1 1 1 1 1 1 1 0 1 1 1 0 1 1 1 1 1 1 1 1 1 1 1 1 1 1 1 1 1 1
1 1 1 1 1 1 1 1 1 1 1 1 1 1 1 1 0 1 1 1 1 1 1 1 1 1 1 1 1 1 1 1 1 1 1 1 1 1 1 1 1 1 1 1 1 1 1 1 1 1 1 1 1 1 1 1 1 1 1 1 1 1 0 1
0 1 1 1 1 1 1 1 1 1 1 1 1 0 1 1 1 0 1 1 1 1 1 1 1 1 1 1 1 1 1 1 1 1 1 1 1 1 0 1 1 1 1 1 1 1 1 1 1 1 1 1 1 1 1 1 1 1 1 1 1 1 1 1
1 1 1 1 0 1 1 1 0 1 1 0 1 1 1 1 1 1 0 1 1 1 1 1 1 1 1 1 1 1 1 1 1 1 1 1 1 1 1 1 1 1 1 1 1 1 1 1 1 1 1 1 1 1 1 1 1 1 1 1 1 1 1 1
1 1 1 1 1 1 1 1 1 1 1 1 1 1 1 1 1 1 1 0 1 1 1 1 1 0 1 1 1 1 1 1 1 1 1 1 1 1 1 1 1 1 1 1 1 1 1 1 1 1 1 1 1 1 1 1 1 1 1 1 1 1 1 1
1 1 1 1 1 1 1 1 1 1 1 1 1 1 0 1 1 1 1 1 0 1 1 1 1 1 1 1 0 1 1 1 1 1 1 1 1 1 1 1 1 1 0 1 1 1 1 1 1 1 1 1 1 1 0 1 1 1 1 1 1 1 1 1
1 1 1 1 1 1 1 1 1 1 1 1 1 1 1 1 1 1 1 1 1 0 1 1 1 1 1 1 1 1 1 1 1 1 1 1 1 1 1 1 1 1 0 1 1 1 1 1 1 1 1 1 1 1 1 1 1 1 1 1 0 1 1 1
1 1 1 1 1 1 1 1 1 1 1 1 1 1 1 0 1 1 1 1 1 1 0 1 1 1 1 1 0 1 1 1 1 1 1 1 1 1 1 1 1 1 1 1 1 1 1 0 0 1 1 1 1 1 1 1 0 1 1 1 1 1 1 0
1 1 1 1 1 1 1 1 1 1 1 1 1 1 1 1 1 1 1 1 1 1 1 0 1 1 1 1 1 1 1 1 1 1 1 1 1 1 1 0 1 1 1 1 1 1 1 1 1 1 1 1 0 1 1 1 1 1 1 1 1 1 1 1
1 1 1 1 1 1 1 1 1 1 1 1 1 1 1 1 1 1 1 1 1 1 1 1 0 1 1 1 0 1 1 1 1 1 1 1 1 1 1 1 0 1 1 1 1 1 1 1 0 1 1 1 1 1 1 1 1 1 1 1 1 1 1 1
1 1 1 1 1 1 1 1 1 1 1 1 1 1 1 1 1 1 1 0 1 1 1 1 1 0 1 1 1 1 1 0 1 1 1 1 1 1 1 1 1 1 1 1 1 1 0 1 1 1 1 1 1 1 1 1 1 1 1 1 1 1 1 1
1 1 0 1 1 1 1 1 1 0 1 1 1 1 1 1 1 1 1 1 1 1 1 1 1 1 0 1 1 1 1 1 0 1 1 1 1 1 1 1 1 1 1 1 1 1 1 1 1 1 1 1 1 1 1 1 1 1 1 1 0 1 1 0
1 0 1 1 1 1 0 1 1 1 1 1 1 1 1 1 1 1 1 1 1 1 1 1 1 1 1 0 1 0 1 1 1 1 1 1 1 1 1 1 1 1 1 1 1 1 1 0 1 1 1 1 1 1 1 1 1 1 1 1 1 1 1 1
0 1 1 1 1 1 1 1 1 1 1 1 1 1 1 1 1 1 1 1 0 1 0 1 0 1 1 1 0 1 1 1 1 1 1 1 1 1 1 0 1 1 1 1 1 1 1 1 1 1 1 1 1 0 1 0 1 1 1 1 1 1 1 1
1 1 1 1 1 1 1 1 1 1 1 1 1 1 1 1 1 1 1 1 1 1 1 1 1 1 1 0 1 0 1 1 1 1 1 1 1 1 1 1 1 1 1 1 1 1 1 1 1 1 1 1 1 1 1 1 1 1 1 0 1 1 1 1
1 1 1 1 1 1 1 1 1 1 1 1 1 1 1 1 1 1 1 1 1 1 1 1 1 1 1 1 1 1 0 1 0 1 1 1 1 0 1 1 1 1 1 1 1 1 1 1 1 1 1 0 1 1 0 1 1 1 1 1 1 1 1 1
1 1 0 1 1 1 1 1 1 1 1 1 1 1 1 1 1 1 1 1 1 1 1 1 1 0 1 1 1 1 1 0 1 1 1 1 1 1 1 1 1 1 1 1 1 1 1 0 1 1 1 1 1 1 1 1 1 1 1 1 1 1 1 1
1 1 1 1 0 1 1 1 1 1 1 1 0 1 1 1 1 1 1 1 1 1 1 1 1 1 0 1 1 1 0 1 0 1 1 1 1 1 1 1 1 1 1 1 1 1 1 1 1 1 1 1 1 1 0 1 1 1 1 1 1 1 1 1
0 1 1 1 0 1 1 1 1 1 1 1 1 1 1 1 1 1 1 1 1 1 1 1 1 1 1 1 1 1 1 1 1 0 1 1 1 1 1 1 1 1 1 1 1 1 1 1 1 1 1 1 1 1 1 1 1 1 1 1 1 1 1 1
0 1 1 1 1 1 1 1 1 1 1 1 1 1 1 1 1 1 1 1 1 1 1 1 1 1 1 1 1 1 1 1 1 1 0 1 1 1 1 1 1 1 1 1 1 1 1 1 1 0 1 1 1 1 1 1 1 0 1 1 1 1 1 1
1 0 1 1 1 1 1 1 1 0 1 1 1 1 1 1 1 1 1 1 1 1 1 1 1 1 1 1 1 1 1 1 1 1 1 0 1 1 1 1 1 1 1 1 1 1 1 1 0 1 1 1 1 1 1 1 1 1 1 1 1 1 1 1
1 1 1 1 1 1 1 1 1 1 1 1 1 1 1 1 1 1 1 1 1 1 1 1 1 1 1 1 1 1 1 1 1 1 1 1 0 1 1 1 1 1 0 1 1 1 1 1 1 1 1 1 1 1 1 1 1 1 1 1 1 1 1 1
1 0 1 1 1 1 1 1 1 1 1 1 1 1 1 1 1 1 1 1 1 1 1 1 1 1 1 1 1 1 0 1 1 1 1 1 1 0 1 1 1 1 1 1 1 1 1 1 1 1 1 1 1 1 1 1 1 1 1 1 1 1 1 1
1 1 1 1 1 0 1 1 1 1 1 1 1 1 1 1 1 0 1 1 1 1 1 1 1 1 1 1 1 1 1 1 1 1 1 1 1 1 0 1 1 1 1 1 1 1 1 1 1 1 1 1 1 1 1 1 1 1 1 1 1 1 0 1
1 1 1 1 1 1 1 1 1 1 1 1 1 1 1 1 1 1 1 1 1 1 1 0 1 1 1 1 0 1 1 1 1 1 1 1 1 1 1 0 1 1 1 1 1 1 1 1 1 1 1 1 1 1 1 1 1 1 1 1 1 1 0 1
1 1 1 1 1 1 1 1 1 1 1 1 1 1 1 1 1 1 1 1 1 1 1 1 0 1 1 1 1 1 1 1 1 1 1 1 1 1 1 1 0 1 1 1 1 1 1 1 1 0 1 1 1 1 1 1 1 1 1 1 0 1 1 1
1 1 1 1 1 1 1 1 1 1 1 1 1 1 1 0 1 1 1 1 1 1 1 1 1 1 1 1 1 1 1 1 1 1 1 1 1 1 1 1 1 0 1 1 1 1 0 1 1 1 1 1 1 1 1 1 1 1 1 1 1 1 1 1
1 1 1 1 1 1 1 0 1 1 1 1 1 1 1 1 1 1 1 1 0 0 1 1 1 1 1 1 1 1 1 1 1 1 1 1 0 1 1 1 1 1 0 1 1 1 1 1 1 1 1 1 1 1 1 1 1 1 1 1 1 1 1 1
1 1 1 1 1 1 1 1 1 1 1 0 1 1 1 1 1 1 1 1 1 1 1 1 1 1 1 1 1 1 1 1 1 1 1 1 1 1 1 1 1 1 1 0 1 1 1 1 1 1 1 1 1 1 1 1 1 1 1 1 1 1 1 1
1 1 0 1 1 1 0 1 1 1 0 1 1 1 0 1 1 1 1 1 1 1 1 1 1 1 1 1 1 1 1 1 1 1 1 1 1 1 1 1 1 1 1 1 0 1 1 1 1 1 1 1 1 1 1 1 1 1 1 1 1 1 1 1
1 1 1 1 1 1 1 1 1 1 1 1 1 1 1 0 1 1 1 1 1 1 1 1 1 1 1 1 1 1 1 1 1 1 1 1 1 1 1 1 1 1 1 1 1 0 1 1 1 1 1 1 1 1 1 1 1 1 1 1 1 1 1 0
1 1 1 1 1 1 1 1 0 1 1 1 1 1 1 1 1 1 1 1 1 1 1 1 1 0 1 1 1 1 1 1 1 1 1 1 1 1 1 1 1 0 1 1 1 1 0 1 1 1 1 1 1 1 1 1 1 1 1 1 1 1 1 1
1 1 1 1 1 1 1 1 1 1 0 1 1 1 1 1 1 1 1 1 1 1 0 1 1 1 1 0 1 1 1 0 1 1 1 1 1 1 1 1 1 1 1 1 1 1 1 0 1 0 1 1 1 1 1 1 1 1 1 1 1 1 1 1
1 1 1 1 1 1 1 1 1 1 1 1 1 1 1 1 1 1 1 1 1 1 0 1 0 1 1 1 1 1 1 1 1 1 1 0 1 1 1 1 1 1 1 1 1 1 1 1 0 0 1 1 1 1 1 1 1 1 1 1 1 1 1 1
1 1 1 1 1 1 1 1 1 1 1 1 1 1 1 1 1 1 1 1 1 1 1 1 1 1 1 1 1 1 1 1 1 1 0 1 1 1 1 1 0 1 1 1 1 1 1 0 0 0 1 1 1 1 1 1 1 0 1 1 1 1 1 1
1 1 1 1 1 1 1 1 1 1 1 1 1 1 0 1 1 1 1 1 1 1 1 1 1 1 1 1 1 1 1 1 1 1 1 1 1 1 1 1 1 1 1 1 1 1 1 1 1 1 0 1 1 1 1 1 1 1 1 0 1 1 1 1
1 1 1 1 1 1 1 1 1 1 1 1 1 1 1 1 1 1 1 1 1 1 1 1 1 1 1 1 1 1 0 1 1 1 1 1 1 1 1 1 1 1 1 1 1 1 1 1 1 1 1 0 1 1 1 1 1 1 1 1 1 1 1 1
1 1 1 1 1 1 1 1 1 1 1 1 1 1 1 1 1 1 1 1 1 1 1 0 1 1 1 1 1 1 1 1 1 1 1 1 1 1 1 1 1 1 1 1 1 1 1 1 1 1 1 1 0 1 1 1 1 1 1 1 1 1 1 1
1 1 0 1 1 1 1 0 1 1 1 0 1 1 1 1 1 1 1 1 1 1 1 1 1 1 1 1 0 1 1 1 1 1 1 1 1 1 1 1 1 1 1 1 1 1 1 1 1 1 1 1 1 0 1 1 1 1 1 1 1 1 1 1
1 1 1 1 1 1 1 0 1 1 1 1 1 1 1 1 1 1 1 1 0 1 1 1 1 1 1 1 1 1 0 1 0 1 1 1 1 1 1 1 1 1 1 1 1 1 1 1 1 1 1 1 1 1 0 1 1 1 1 1 1 1 1 1
1 1 1 1 0 1 0 1 1 1 1 1 1 1 1 1 1 1 1 1 1 1 1 1 1 1 1 1 0 1 1 1 1 1 1 1 1 1 1 1 1 1 1 1 1 1 1 1 1 1 1 1 1 1 1 0 1 1 1 1 1 1 1 1
1 1 1 1 1 1 1 1 1 1 1 1 1 1 1 1 1 1 1 1 1 1 0 1 1 1 1 1 1 1 1 1 1 1 1 1 1 1 1 1 1 1 1 1 1 1 1 1 1 1 1 1 1 1 1 1 0 1 1 1 1 1 1 1
1 1 1 1 1 1 1 1 1 1 1 1 1 1 1 1 1 1 1 1 1 1 1 1 1 1 1 1 1 1 1 1 1 1 0 1 1 1 1 1 1 1 1 1 1 1 1 1 1 0 1 1 1 1 1 1 1 0 1 1 1 1 1 1
1 1 1 1 1 1 1 1 1 1 1 1 1 1 1 1 1 1 1 1 1 1 1 1 1 1 1 1 1 1 1 1 1 1 1 1 1 1 1 1 1 1 1 1 1 1 1 1 1 1 1 1 1 1 1 1 1 1 0 1 1 1 1 1
1 1 0 1 1 1 1 1 1 1 1 1 1 1 1 1 1 1 1 1 1 1 1 1 1 1 1 1 1 0 1 1 1 1 1 1 1 1 1 1 1 1 1 1 1 1 1 1 1 1 0 1 1 1 1 1 1 1 1 0 1 1 1 1
1 1 1 1 0 1 1 1 1 1 1 1 1 1 1 1 1 1 1 1 1 0 1 1 1 1 0 1 1 1 1 1 1 1 1 1 1 1 1 1 0 1 1 1 1 1 1 1 1 1 1 1 1 1 1 1 1 1 1 1 0 1 1 1
1 1 1 1 1 1 1 1 1 1 1 1 1 1 1 1 1 1 1 1 1 1 1 1 1 1 1 1 1 1 1 1 1 1 1 1 1 1 1 1 1 1 1 1 1 1 1 1 1 1 1 1 1 1 1 1 1 1 1 1 1 0 1 1
1 1 1 1 1 1 1 1 1 1 1 1 1 1 1 1 0 1 1 1 1 1 1 1 1 1 1 1 1 1 1 1 1 1 1 1 1 1 0 0 1 1 1 1 1 1 1 1 1 1 1 1 1 1 1 1 1 1 1 1 1 1 0 1
1 1 1 1 1 1 1 1 1 1 1 1 1 1 1 1 1 1 1 1 1 1 0 1 1 1 0 1 1 1 1 1 1 1 1 1 1 1 1 1 1 1 1 1 1 0 1 1 1 1 1 1 1 1 1 1 1 1 1 1 1 1 1 0
42078 6433 27119 63328 80542 25946 54922 64625 2636 94764 14369 40580 31488 62677 49838 81005 19845 80331 18629 63873 98887 81738 47961 22949 84420 97386 63206 2455 30084 11343 94699 87176 31357 37394 69220 85159 40870 6749 37689 32813 36525 75865 72480 9712 93223 21698 41211 54365 82237 87446 83000 33105 73870 66927 32181 97434 40445 3841 96244 81964 87993 82265 16667 55917 22116 4904 20523 9623 64173 69614 7363 32814 8415 39064 192 59904 36269 50505 41824 91989 49014 65614 80470 55268 24391 83786 36719 27091 77865 42714 85844 6279 35759 75592 60631 98920 1922 47172 31189 60641 92151 34230 14103 76194 70111 67614 47436 85025 86905 58057 50859 76677 35653 64651 33531 38682 47880 27258 68209 20023 46228 36717 44059 95914 84561 91482 62825 59397
71088 85194 48333 14943 5668 82898 59558 73499 24417 29338 80355 40896 30930 7495 22122 25874 85939 79489 40954 84474 19717 11950 71775 54560 1070 48701 29582 39403 78851 90354 88582 33146 46261 23963 6707 77156 72449 22933 80546 98029 10208 9885 26015 43407 55992 60252 15661 17600 56608 63101 92819 38230 71792 67976 25726 60335 59571 13501 37692 79842 99697 60044 94446 19765 10669 16832 23436 69377 51252 25125 19831 99116 15915 93922 3489 71566 38057 24009 10836 16202 68883 97053 88416 14804 6336 48174 88083 96109 82770 88898 53765 7971 72641 23153 34847 10939 2446 53788 89299 98978 40438 48333 59700 4495 30328 21887 8172 22260 86372 80957 12907 71184 7348 78236 22994 79579 56573 31146 35380 8828 34688 21278 9677 90513 6054 18729 91662 97330
75479 71408 19103 12413 3335 87907 55870 71375 55123 64382 10080 78843 29977 37612 44906 35543 9782 14862 31343 89305 88246 92483 1691 89659 52597 19844 85809 68391 30196 71397 8275 89520 19625 44474 40116 94470 32603 32609 38743 17692 42699 3815 23781 15804 96172 31353 51565 43126 56106 97583 78539 53604 6661 66868 36108 3962 3645 2984 24437 95067 96900 5988 37000 65891 59102 49703 45277 25188 84551 42637 82564 74341 51295 86714 99466 88717 9273 92133 50710 70054 99065 35223 72862 8830 52219 58303 75798 96016 95227 26918 12146 55133 13407 93461 12116 49520 57512 33183 79511 39849 16995 70765 6440 65739 11396 50229 48265 9855 26302 96310 74215 2347 40128 72828 53107 66255 98694 18451 6288 62736 2529 93128 30216 43792 90560 86974 71423 87579
69455 71540 69133 78158 64500 2023 27608 55941 69341 65599 43878 49853 13280 50160 9242 66096 21429 48749 7739 93087 89129 92689 56920 52242 69699 93106 774 84690 86922 58209 59990 84724 753 52385 77989 42189 84904 88473 17028 53850 93730 72800 71352 81743 41349 25014 26004 70722 20837 79704 50596 83106 7606 25407 34912 28645 26218 66662 17636 3451 9435 26438 56520 6567 44321 32171 24291 59246 17206 87914 79700 16300 20204 14300 83852 16918 93624 85700 44313 56114 30944 25802 85713 60428 92277 90063 86966 75272 33134 21562 46839 97 8652 64205 43476 24694 55703 9779 20662 37365 57639 54891 11993 3647 20094 90621 96647 19904 32998 42451 91488 14668 63365 8512 86315 22153 67331 99416 71929 5731 8936 81264 99259 12656 1093 62635 69605 12420
40929 93763 674 25243 89364 49577 36990 54164 36210 18238 29903 70162 60929 38616 44314 88386 98292 64216 67928 26368 57315 92309 40204 37888 2285 61867 14939 54358 6434 9731 19552 47367 99933 56374 37376 83142 88974 12958 91530 41468 5513 22351 68256 59314 70045 58990 36373 7764 62401 31257 12923 80626 92856 92487 45473 42612 36432 57060 68029 12911 44753 25050 78813 10789 61704 74578 2731 32477 91433 77562 72479 11846 21228 27974 78024 99705 77482 53510 18379 28268 22761 75784 65834 24569 8752 54192 15114 56971 56667 76174 34991 29737 43664 93735 28660 53448 93633 95918 74703 79293 48726 60426 11046 61371 37467 14083 92088 48154 50887 3737 78052 16183 96743 82 21064 26130 90896 26365 97451 30754 11277 81179 45921 35164 14266 76635 93738 21583
7581 44181 31264 99065 66767 27979 81462 77544 21265 3743 7893 90688 8664 23349 97267 13489 77403 4989 58810 37370 45156 33326 87462 15123 16854 53481 31231 56235 14820 99381 77850 91080 73219 1468 80189 26827 79470 99257 47909 66335 87139 96229 78012 48900 51944 29158 69009 17866 19490 11695 11341 71774 26874 97801 56482 60376 26333 55480 41592 1431 87881 99802 35721 18292 73656 5826 12924 9749 87868 8307 21548 97561 75355 50985 42563 52928 51316 12369 17535 12186 92469 12668 64454 88838 67153 22486 12971 64109 11840 52526 87689 44384 6917 87961 47427 69337 48540 82895 43099 47587 80440 24680 74300 19720 19419 98730 35039 71634 65576 62984 76849 35227 21681 51777 54655 29492 26562 56257 84020 91990 8801 43557 62224 28938 3078 24488 60897 25350
77756 53545 84937 14899 58500 66023 98291 831 50340 12777 9672 5216 8276 81088 41142 24348 52683 93883 60461 72792 8022 81755 82934 34476 77873 52563 12213 28521 82068 25511 72001 360 65156 44044 78830 98783 33612 27558 87432 52071 55581 18797 68961 75568 57178 71916 14055 53119 76373 25321 47457 30139 62913 65970 94250 18967 75937 39190 387 62582 27232 41336 71964 74858 27842 92034 18891 37057 6201 1447 32323 48025 48260 71819 97913 54224 65883 82736 83002 3604 70110 86294 83054 51544 17168 22605 67050 59866 3650 27988 6366 44730 82880 40020 48144 16757 67591 64111 98441 43174 56103 40355 33933 60357 95093 39411 37153 14416 79607 62981 74584 55560 46401 52725 29757 26399 62109 20917 24396 40102 10888 27733 89037 65115 88465 93505 35582 88918
95563 65961 33167 85888 74813 49080 88364 28065 3579 21287 87949 11511 4162 48524 76392 19795 32575 67105 43393 88018 4539 82680 91585 70873 25401 34952 97928 29629 92029 66661 55058 13601 35447 68764 76498 49857 22554 48303 71760 7326 50466 73356 6668 67906 84656 66846 15670 14273 40845 74681 5305 74208 74807 90635 36730 57204 72549 8350 39819 35880 43836 58721 15596 46434 13661 34811 55958 56278 51008 99705 59392 84558 5891 51685 9249 5900 63606 38690 79271 5514 57268 94821 72262 47870 1887 66483 37252 48213 39181 24432 17085 17933 41219 60656 29047 41259 90302 30734 56741 78755 8301 1249 12510 51490 57651 95866 95695 88702 11651 98885 66692 21043 60299 47308 63141 26285 93789 88009 57596 475 49993 57772 72294 63251 30652 45637 38662 78621
73597 34084 58263 13558 3950 33446 29617 2982 50476 24214 90980 95903 30497 56259 89533 71925 33554 96331 49456 89484 71554 68588 94042 37102 77423 23236 60286 2243 12978 66692 29929 96033 94508 36705 22253 85540 84184 636 47866 97102 65476 29019 34738 87308 17288 4108 23699 62896 355 71872 42799 2594 64235 76513 7231 60468 69175 11848 26634 17440 15689 85321 7395 91859 84104 1074 68798 10129 91440 55577 37931 38316 47668 14867 49473 80589 34915 93071 76418 12788 40505 58946 37668 4072 70915 74806 41124 56815 53096 76 46007 89768 99381 52590 57689 4126 77866 81557 87149 96651 32809 6814 26976 5781 60758 6451 43019 27516 96886 72012 778 75917 77853 6369 96599 78239 14728 92947 69989 6525 86114 68815 79967 91526 12524 90950 47804 46857
47425 5677 75358 92750 40675 72242 24472 98787 63357 12595 35065 90754 22514 29407 25805 53083 14004 54124 5002 24858 38452 20729 8587 99484 16775 74962 45617 83358 97669 10325 86900 40525 90637 51586 37097 27771 19459 94951 48962 64631 12063 29929 69205 95797 12888 46837 94419 33631 18947 52833 55431 98775 58291 76786 48792 81810 5784 52629 30237 27815 33815 15102 26014 40844 74372 4794 70205 42133 38469 82203 27252 46138 50471 3490 18621 39235 72413 67594 9885 88554 71095 207 98505 42834 23727 88488 86106 58632 85718 61539 4731 56581 89408 6815 93628 51340 66008 50061 76716 60820 53592 91002 5318 86714 73845 12463 20861 93073 9863 96260 18181 68470 71793 56370 96942 90897 73325 10013 91184 31279 29229 70630 25408 90258 70038 81452 33779 33959
24981 85227 78849 53075 81565 89139 23611 99976 13668 37224 6620 40013 87261 91788 18728 51861 56216 4512 48267 13676 18797 80779 50648 3522 65672 7919 25483 83459 74018 48324 13589 62172 95813 43801 59152 12564 73090 17203 92865 80796 14522 35071 47273 24066 40977 14819 28636 10993 67484 2137 24739 6878 48402 75538 18760 43752 16310 48740 919 47893 2539 66443 20761 29292 91771 86430 83160 55502 41292 59999 57237 11390 59670 36843 93308 96374 85046 51987 67774 20277 35218 76992 69315 99166 19341 86959 66589 40811 93354 89655 16647 88246 81773 1015 98085 7438 64249 12778 51343 81699 99405 45698 58045 35876 31379 60334 19055 56125 33647 14715 14192 58579 89282 37213 22154 9338 99534 28979 75474 37529 48954 54427 31237 13281 91545 65902 14890 89973
63452 35775 7820 47263 54193 21613 49947 73164 891 84855 34429 47865 6036 50012 30585 24748 89600 53309 50242 6350 98586 55225 11071 63446 17201 34129 42897 88737 86667 7201 17709 39629 56661 22845 97584 86240 87827 24893 47633 55734 68180 68263 88314 32809 52604 84428 28675 26514 83498 46597 82032 2499 15612 40312 90533 92419 17557 52844 65908 26030 76304 90567 56284 13540 98807 11655 31343 90603 43297 66232 50625 89148 5393 95497 29344 49848 18623 61031 84670 38908 16761 26266 37165 25412 1555 12573 27206 88840 53886 57646 30502 2594 34891 42298 69981 61347 18610 66523 29999 49856 28271 96736 80249 15459 82986 49301 60625 89744 67275 35884 69270 80037 47687 80786 92996 2981 15321 75178 86779 76199 6942 97386 42189 17917 80240 22788 39150 74764
59401 43458 79894 20953 12825 7697 43099 62560 25738 55667 36981 45297 16313 14558 21309 20838 58481 67776 42071 232 6999 79797 76858 88337 74048 72384 25433 71606 56200 41973 74695 55120 4078 21974 95582 29877 84112 13158 39932 97899 19586 37199 19834 11 53937 87334 34004 1284 76879 87498 55020 3012 14789 69947 51428 92866 97277 16697 3944 79664 92254 16520 48900 88949 85311 33378 99730 58236 67801 98441 56918 2450 92482 40005 23103 48257 37380 51473 70872 54118 28001 19755 26483 3908 37747 12372 95169 64458 96225 71466 63496 70039 11244 45615 98169 74590 55618 2051 706 92127 316 87192 53466 12219 55855 58536 19316 3375 76691 44557 8195 40635 12359 7583 56889 52795 15288 59457 70157 49857 36189 14668 98954 7914 82355 95003 48262 57897
23801 36807 92801 59633 34020 99612 76573 1768 76661 59879 16016 83793 42013 18368 831 8204 51857 41688 82763 32011 71011 81095 76807 79663 23566 341 45654 10839 43255 77324 23773 16289 45852 40443 29349 87466 84475 75919 76102 17597 78768 14904 8838 99767 15198 93790 85566 33674 74689 42196 73040 47660 75138 35087 53612 8951 696 92709 40549 6111 99354 6198 79011 20494 90428 79611 2873 90731 373 168 53511 96167 44945 51096 51625 33147 41010 4442 82674 90078 30621 4781 79310 91052 24317 99821 10690 18808 68487 71162 99753 89750 66266 23373 46660 19799 83933 19948 89989 46789 29972 7516 865 56883 28918 68547 91040 26717 29956 42794 97658 49207 90377 81651 12741 28330 36846 15098 21771 79473 56109 55181 49929 20536 17787 72043 68999 57619
52393 55823 27544 76017 19453 67485 71566 9530 89521 17733 62040 3941 14675 90266 87722 78785 81451 69236 43944 53018 20117 97976 53771 18661 73056 34318 66895 51076 72701 47196 42167 99736 77535 67868 89723 39659 44928 15673 22297 56003 97354 11326 11632 85782 10660 71558 37808 61420 46680 31926 88361 61555 16303 67014 49960 94530 39263 85924 21777 92045 12153 72929 38440 96221 58687 94532 30148 59788 94445 42843 53216 8215 34076 82157 78136 89849 39650 28392 27623 83225 16937 76934 82661 44512 81034 92814 38066 91669 9029 72640 52660 15546 72276 84792 94557 48778 60935 97977 92990 27301 19223 81479 91328 45191 50220 16302 36481 44136 43316 2487 39446 13531 97571 44914 24619 1747 18725 51562 28871 10869 87193 97545 73040 91450 80723 9967 48707 2084
83107 69174 99068 40882 17689 67973 92271 67402 98831 7343 7278 89701 89285 19087 64024 63183 26857 511 36754 81530 4525 6563 20891 38384 94093 26890 47127 58728 40889 24869 95719 44962 95495 89590 35129 84882 27051 84341 86150 63747 26329 71310 82645 62662 38195 19296 87920 62725 22203 24010 45156 56537 3981 72764 76664 44024 5949 14143 67616 53998 50789 22507 38181 79183 24355 65537 92452 7369 14145 34231 97368 99488 44485 84166 46909 39255 78387 83504 17344 12591 52277 26693 23728 51624 7317 2866 84190 51762 87470 38247 21314 16069 78674 30968 90140 82661 53321 78927 47324 14635 30767 36305 95228 24575 3604 57536 16682 46093 31972 30132 81954 87145 54333 11664 92651 99198 96517 11998 44410 24572 30418 63136 56925 77560 8802 13799 57062 17582
55421 44248 38872 52723 66045 94599 49460 28547 45980 35426 96721 26040 67463 6990 93576 39786 47666 88925 54125 32940 76789 29106 95464 17555 79381 38167 43961 47555 75497 71075 4145 9449 82462 94483 59629 62650 23865 15975 2780 44139 81874 23972 85656 56308 60421 51840 32796 91628 67963 36388 71467 40732 93643 65315 3065 81455 23379 7735 94942 3194 75910 50182 81537 88907 36473 67030 74136 22239 52280 57052 5238 74879 68527 50382 49328 32343 97741 36567 88080 29125 37799 88028 93002 53793 75214 44048 42956 58882 58282 11150 46289 9546 78419 90717 1133 5856 4808 53186 50140 372 34639 95415 16589 17655 99274 39598 58030 90258 50296 13506 14588 80748 63803 82304 17476 1884 14799 2015 52467 99399 52060 71314 32533 774 8465 2139 41356 72794
38419 55790 57153 63255 38293 84916 74045 26733 64730 95027 20586 40203 58718 79932 77058 13433 12462 83811 86414 24644 48991 81949 49531 97342 54302 56756 1671 88977 53031 24675 65074 3876 95866 74852 53076 95179 26801 14847 57710 36128 19241 45450 61004 77195 73732 28652 28180 85272 58021 36175 24349 38874 46765 66431 26612 50490 68616 23406 38216 60972 74958 12742 5056 69193 52659 25098 24136 49647 2012 72143 21084 10169 43898 2782 22259 32687 95376 7159 67870 62729 71574 54369 6119 18983 75388 38169 1555 99834 37041 46366 19415 47919 38607 53777 13988 46662 64488 87933 94179 79188 6310 27994 22259 84047 66803 26333 12191 12390 37444 95101 3798 12580 7269 72028 82743 48350 48822 71088 9414 56042 95891 83653 41028 50321 66378 26665 12797 1433
27328 4173 43125 69502 90417 14439 41456 84883 22742 48983 67871 98286 83155 80382 64070 20983 54401 28220 91029 1108 30409 62332 8413 8061 16010 67056 79841 47171 35522 40302 7606 90987 68194 59542 3445 22978 70052 96174 44714 28465 17057 12235 51273 27138 99163 30127 74226 41542 65586 95688 88240 7184 5139 24788 78861 53240 78769 66582 85662 1050 35617 2582 63161 29507 61048 16202 566 15929 95435 28983 68594 61362 54682 91562 59275 42271 49058 93317 46897 58886 35674 60198 12856 94777 27844 42711 37717 17233 86862 1876 80160 20905 68975 14 77438 68566 92599 52223 34053 10064 40180 88988 6511 88628 63534 75852 30592 51636 78708 44689 45495 27470 72055 37369 82113 62313 95269 55604 8075 22565 35190 99050 79344 78654 44061 31443 63109 1000
80990 31964 26911 74514 24713 29499 48935 55374 57661 22052 92286 8566 4559 31655 9824 3287 65757 72568 60955 91894 31475 94351 99365 26288 65313 19707 78159 22429 89922 67174 5901 81916 57212 42185 57638 72430 62288 64522 53289 71852 17721 35700 30512 57709 81001 20645 8319 24487 74347 6704 29205 68698 46124 42863 43069 32878 34708 39776 33321 52577 19132 90370 65482 59082 74087 6851 52849 23827 39135 71740 448 80442 37117 69032 55795 25216 94833 87967 93997 72678 78553 77969 86442 85793 86581 88087 93297 33911 70636 38170 79102 75084 61963 89042 58631 42981 30766 36452 94764 77300 57802 43049 52245 79735 25899 52165 84946 98980 73579 94536 32048 24082 73036 16748 45887 96456 53603 60977 11353 48952 37954 34170 94581 27817 24006 45058 37760 71299
38531 35578 38670 18241 51288 98566 47367 2350 63880 39635 21935 22622 44618 74414 82676 23622 79092 47116 26465 65357 31905 19046 5384 18896 29645 1472 84035 81481 90353 75381 16175 11002 27856 69494 20001 71975 90080 85081 70436 54340 57916 27243 30684 82730 38296 50128 71077 99168 90315 87168 93613 41780 84931 48554 82717 95803 72520 42616 74203 84771 57475 42380 89020 45517 3902 65991 50306 47553 18037 59050 58864 6976 14880 85800 20629 89827 9518 97319 24327 7863 22704 19617 818 96480 94515 80543 88396 75218 47445 3900 19177 95571 18951 94698 91349 72018 70017 82898 38978 11942 47651 2017 88933 12336 49957 95367 81837 59870 74530 79357 81559 11651 61614 25282 27388 3676 64560 95224 8305 99713 83948 29339 19559 81907 24198 72671 23027 72665
35352 84110 9586 20290 27192 42731 65703 140 68900 72398 75190 74215 74730 48778 58376 52926 95727 61300 96970 36392 97126 68429 33354 54575 71611 87335 50009 93845 6874 6178 72555 34244 92037 48834 39854 98781 62154 1166 67599 59240 41613 33726 74253 41834 81154 80801 96110 36894 58514 2595 84291 93327 18059 68560 64551 52894 85588 43626 22148 20806 49628 14146 73305 98703 29932 96372 84456 58296 78544 33823 43004 71659 21006 59845 91314 68887 72971 12573 45626 37365 14760 16670 77822 72911 91497 61753 35905 5312 59979 81977 6646 23085 30649 49145 4950 37762 66011 27886 79575 62424 35485 90729 32391 92456 77558 6403 17889 43986 62469 20681 17757 63500 51672 38704 75255 62163 19601 20479 27878 80310 35865 52859 32853 38213 18488 9287 61936 77411
90180 80898 66465 89383 18644 77303 733 2301 51346 19404 18792 28152 72099 32139 64554 12861 73408 82150 11123 50752 18154 23690 8780 2818 73737 55944 92082 18093 67795 94021 98116 68433 63866 94915 31365 76676 95859 51586 73498 54554 10780 19173 11401 18929 35645 62927 76433 38646 92589 50673 84780 22812 85607 14134 19167 71223 7874 44573 11285 32855 11265 94168 72972 51033 27043 69991 29040 43172 76800 48258 69026 16181 40232 40320 96063 91017 41498 66694 99758 81131 59086 13364 24082 50291 6600 94807 93501 32950 58058 75783 24978 10975 44467 3517 5802 8051 52518 33807 36764 10241 7241 50256 85767 55938 482 57241 2722 8526 31627 58834 51852 92981 37188 77204 46389 18551 43503 5992 69039 34429 26229 87327 57354 16372 90389 95298 72503 86591
4297 15075 87946 47212 85342 11929 15386 23919 11188 19345 3660 93197 31622 71303 97441 65450 45559 84990 52161 76438 70078 68032 88570 69092 19079 9024 28346 86842 52446 61179 34624 89963 51025 76732 91626 25731 22522 34233 35084 46586 20273 65402 81517 65422 74766 91603 64560 92254 87835 40254 63760 52467 24908 52011 45316 71534 16513 80401 34946 43484 98720 81199 34610 72352 2523 71354 68567 94160 99674 30935 30479 48312 41044 15038 90814 89772 96703 88283 57548 15741 97443 43770 3157 43882 2078 79801 42778 83156 25028 60103 98662 90994 57916 53095 85319 27932 75016 69221 17537 33441 87156 7946 82752 65525 54377 2470 39240 11311 72899 26577 88027 35408 59507 97619 15207 99839 74587 3375 6767 11138 2375 5082 6773 19551 35802 31474 45457 28635
68914 29151 67999 91180 98123 66321 62951 63902 87574 98761 11633 33690 13871 16071 95843 86382 26762 72809 49653 25323 51468 80223 8998 95487 86554 86089 28811 49803 5062 60893 80274 70253 8768 61731 39877 63228 71001 66291 3729 37760 79832 80566 20041 47061 46361 32615 18450 80152 65681 41823 27946 15455 2140 9067 84906 14812 74836 85746 15745 12573 81934 5252 55669 87724 16648 50524 98300 78054 94414 94434 33411 44761 22356 65213 89947 6055 50938 33422 90630 33321 71019 36004 74438 33050 15606 30456 63675 75640 67220 1054 34461 37034 92120 26045 90055 42021 67712 25648 83889 61013 36036 5058 29743 49183 84480 8224 61054 64350 79127 68051 37384 80630 45040 14637 73648 41558 7160 9628 88266 36596 90 38224 12425 63691 89014 31891 20849 77411
88 19571 69452 79579 94681 96023 90827 23757 68332 13110 23480 33269 60446 7140 51687 42716 12989 48195 8579 28644 75203 96826 63611 87833 40433 94990 50003 38430 88422 96229 51429 14292 592 49943 15533 16581 35103 49739 24328 85131 809 84663 25633 50202 74302 18152 76612 36682 31835 36783 82234 14394 25506 82209 98823 32942 94285 67949 50227 53077 97542 60055 19450 42942 71589 97696 5964 41140 56443 88910 46596 28590 72531 88547 95545 40106 60777 46226 80260 80425 79502 20423 16906 69205 73463 82548 30756 18272 28780 35716 62793 66057 26634 99134 43082 58986 47849 18369 14458 64512 33857 4043 81523 9555 6572 84705 81169 10692 86008 94720 46979 53181 10382 82675 66756 25138 4306 22238 23381 16750 13048 11035 7810 6799 37542 77924 86370 72363
56532 77962 96044 1116 60894 75276 75741 62579 33397 55107 40095 85943 26688 75665 17462 10884 45740 35918 19221 39594 61350 86615 39680 96109 82633 57139 50862 85153 47626 48579 44079 44268 79182 18398 55123 61868 99855 87348 50309 63406 35956 99906 34034 290 82948 29588 45801 63683 38221 50212 56515 72757 36502 58609 40089 70287 45623 31383 43295 34811 77489 4862 83253 38286 70966 61786 58855 91327 56421 21144 2037 6313 87693 11899 60452 82620 87134 61656 70046 52135 67157 74491 44624 80869 24048 32328 16069 97676 15663 82847 87169 23873 76759 57406 94361 97859 75438 55673 67484 9113 94588 20476 58293 39237 53673 82438 41601 17896 58885 56072 29041 35868 94184 93686 84750 37460 71474 98227 9824 26713 19533 51611 87056 60429 79127 84599 18273 27223
68947 10323 24690 4725 24044 32853 57993 49599 39576 99729 28083 50278 94602 4054 34850 71041 78740 66534 92964 93795 38237 99192 55848 10162 28739 15164 32938 1326 58866 39174 95444 68793 30151 48399 5273 33639 9615 73890 82886 72983 79604 52976 15065 95763 39985 47084 68251 83702 99147 55952 38486 16828 31000 89130 67920 67032 51603 95270 32916 71105 85691 8756 85444 31632 53335 58952 84852 54814 69229 25180 47963 50060 20792 70275 72856 91371 8940 29863 864 25707 88715 11276 54365 96244 24599 35833 42835 89904 27001 16162 96786 27182 91422 41565 83301 43717 346 81970 4395 33341 21942 57863 96765 37677 37496 53398 94876 57800 17158 65549 408 70066 79282 70292 24581 42699 17727 49218 44924 95980 51075 40471 72447 78750 37478 21748 46999 62410
75973 8268 91274 58516 46734 29623 97424 30547 8888 20257 62099 92378 97227 25488 13361 67031 41874 10822 25610 66709 87677 55790 12771 48024 34665 55259 93092 74266 55457 23300 46212 18245 11831 24856 47689 46564 98315 32366 63047 41035 20097 88430 79375 81265 74894 62789 56602 804 20016 5083 57461 24623 19001 42266 79243 75452 53743 79190 79779 97770 57582 29176 44018 57128 27679 68048 17365 14107 22570 60343 21234 61061 67162 17190 8665 15234 80657 29222 82640 85269 96065 72966 92984 50247 41561 78145 87964 38754 91534 6070 35878 1134 34027 89526 84246 59003 38036 74749 82765 16039 49197 54518 82293 87820 58205 10261 1271 80601 44957 48925 73311 20368 22227 79242 90888 16783 47873 54908 13065 23350 21654 37431 54354 91770 4762 92006 2500 48738
81647 92566 8067 37306 66796 88603 17664 54242 42660 95197 46421 17863 39568 64734 79515 52846 80840 27464 90470 86833 11179 85369 45472 86527 91135 23052 78816 74532 47690 77876 948 19469 36370 87497 93801 16857 7599 70271 20746 55439 81138 71579 80524 675 37590 95850 19969 51478 92607 17384 10484 18197 47393 32289 63125 51325 22898 93235 59469 9031 49057 30361 81348 24435 42458 66137 67322 74002 22516 4494 16394 66609 4620 99717 95705 23141 8180 8382 8762 45627 70508 38091 23730 85337 31209 38047 67628 95041 16121 25445 80472 79580 5029 49118 69652 74971 77734 62026 22117 69926 84892 11959 15197 56358 91879 36486 13751 38900 99634 94264 99668 65478 16422 23541 980 31179 82396 31020 47180 45994 22616 62819 90495 18349 71529 78938 38232 14454
93262 5885 3519 20263 15856 70962 49008 19692 53916 10832 22464 47230 81986 12125 40884 62119 58998 20834 81986 12850 27149 90699 75024 22054 95052 44033 97837 37817 58471 60020 57324 31954 72327 31016 52888 46608 184 28115 55056 39480 72796 21297 77475 75465 93265 85585 59055 36083 35393 12501 11677 19209 97911 66201 4542 29013 41013 15965 27266 20037 5880 72651 31903 25995 29406 26194 29349 24112 32632 43722 2606 48486 51190 30532 46047 20921 16550 26722 59797 80634 93815 81097 99015 32667 21340 7876 8625 54057 56394 82642 33058 51422 18973 58560 57898 20694 91901 47663 52649 17096 42457 82808 97501 83120 30194 51994 94605 55663 49496 47565 36721 14844 20502 6970 31754 70071 50526 71674 2724 96534 67279 24303 29494 18695 57985 14460 52675 57719
36980 53935 48550 57297 25546 69576 90575 67940 58005 46510 70638 78896 40670 83270 3168 83930 85604 2895 3419 77681 60799 63394 64312 71327 53829 55150 45418 36768 76246 4396 86107 93566 16172 92951 44530 52071 33444 10837 16644 99781 21092 44388 44346 52006 34574 76407 94424 42026 95594 89934 26681 49282 95285 91879 5459 94960 6867 37672 8092 1664 22543 76970 82777 40542 66035 24352 6471 40820 32806 814 71746 61958 34717 90591 15641 72692 85092 91671 40066 32902 34133 95266 81711 25323 99448 1272 33144 9569 81444 37896 18139 91482 71671 84983 13754 34944 81446 59146 73045 94914 30631 24557 78696 95154 1126 34945 4879 2316 51126 8264 81356 9909 53742 25370 29268 15888 52652 18942 3138 15529 86351 36575 15015 18380 80512 96116 34496 78638
77989 94877 27959 12575 74771 99066 86708 85479 83881 56976 31231 43735 3733 38297 6198 12335 32924 3237 22189 83597 38662 77300 89238 98561 78928 22740 59283 24598 13404 18446 78995 44631 8165 39861 54226 98854 72882 98026 17087 28707 51462 496 86026 49959 53499 23394 20317 27652 16677 6973 34121 8637 32915 76329 9330 14086 96411 57244 80552 56593 44344 29778 498 68857 56148 70244 70037 83490 53386 80130 51302 75629 19954 34653 11177 25457 56042 74816 13837 14132 76969 10246 97949 60677 97108 32175 25377 51175 54880 49874 8781 20434 70010 15484 83429 66701 50711 44096 76413 89838 9420 64718 975 35903 95346 92275 53788 43364 73434 4100 81356 96714 43758 74159 17751 92944 7040 54048 72496 55695 31695 40089 42231 6340 35559 39519 75432 27083
11993 8513 48851 28382 18822 44710 40712 85878 83294 28793 86859 79762 33685 80625 95474 65302 8300 98986 94514 91325 11988 41172 69713 30580 86349 58940 14321 60095 18799 94273 79082 48035 4085 76783 37619 53532 4636 71820 91067 64596 69900 31760 84714 55183 9991 36165 45984 69754 95373 60568 9317 81944 46040 21371 48873 2497 20836 36236 75196 13459 60537 57238 80038 49597 97163 50926 22035 11384 44625 29659 32389 33768 62876 983 38731 59624 2381 69301 99846 94515 50558 6678 90438 57295 4618 83816 57580 507 23593 3875 25690 80593 37829 11127 41812 87185 27723 59241 3770 17637 27091 21694 34403 96255 42803 1837 17683 10672 18219 40459 11597 94365 22401 98996 56463 50100 30299 12232 28748 20855 81866 11738 6005 16180 34380 94158 77310 4917
12108 16592 67696 40300 56351 1329 30121 28363 42487 62098 22461 28351 39479 54798 5360 46466 80812 65850 79923 68336 57914 41937 21300 69161 2040 25044 45898 37934 29703 95183 63454 60255 8206 27649 21294 89804 89930 49992 92879 68969 13695 95089 84105 45327 37319 13317 30369 25377 26216 98302 39087 4768 57939 25280 63973 59695 75491 16900 75842 19570 25280 91431 20256 57091 3730 84171 42143 42721 26573 52952 94838 4667 20540 5686 22357 20990 59092 52319 8395 82807 59678 96036 81229 38928 97880 4544 88982 12195 24269 75844 47849 53409 45570 28489 94900 58532 70486 59327 31456 47530 59682 76915 71336 29595 11649 15908 45140 57634 60610 8359 26911 2202 68651 99324 16533 37399 52663 85171 26162 19798 42585 30870 88211 69842 79932 20549 68606 6072
68553 47376 99935 10 89682 36278 94790 74585 48467 71863 42987 57333 52307 33496 32468 77365 91841 74984 87326 59853 19093 79357 88788 14858 39471 4305 75938 27448 4533 79445 6230 19755 69269 36018 43919 77343 98440 59841 28408 19960 69984 80699 16219 97652 21874 45651 84125 15610 75522 20478 80935 53427 77848 34352 79823 21238 24406 48708 14337 75869 16314 54300 99222 94780 80120 12665 79674 19841 51262 42136 24596 76708 17325 15653 67675 35678 90446 46163 37999 35360 10313 56108 7773 90392 7518 12091 37016 29064 29614 22815 51592 75249 96204 19386 24872 65454 60130 86379 22634 98584 65317 38054 92248 54728 67933 88277 5107 63474 45145 76840 35282 31477 25950 39784 96217 27600 96003 41308 49322 83460 14995 11465 88122 86483 168 93140 44175 90225
31457 62186 85409 19973 13447 83756 35889 40951 59012 97402 96505 35979 19961 3169 89995 74754 41924 67645 86228 39642 36997 73137 17268 36880 13153 23743 30491 30327 4260 91930 9108 88822 38726 14766 6980 99164 12387 58776 15984 18251 56996 20102 77828 17768 70845 59023 75540 64519 99754 79751 26950 46967 29495 57430 59144 2617 54871 74761 85744 8488 99331 18607 3343 74865 91363 52132 39481 78075 18146 39211 31616 89818 69195 68271 86749 5041 50763 25727 267 81259 11301 48864 89927 24259 77359 15580 21402 83915 71682 86974 48201 31555 58168 57256 24846 45344 37198 61799 29105 10328 30351 76763 69870 43780 12097 1590 62737 2284 4896 97005 31023 80835 91629 65897 44520 60036 67375 31183 39557 88327 45183 80794 71428 56316 12174 85608 92520 69405
92321 78801 64563 18811 52114 8501 10711 15395 23184 51377 17050 69990 81280 24977 12548 9162 44255 54395 96530 2275 58170 62554 19907 55976 31086 50327 15932 27845 7230 97048 57851 20830 49076 904 57936 31054 54731 88306 25166 94878 75022 28240 66481 13679 34618 51626 83648 97986 99976 64061 55813 5924 29774 26322 65188 76186 87762 48598 29516 11834 37713 47753 72298 55344 24626 39478 80264 10548 26706 84551 81263 20624 26088 57606 57725 98383 57368 77628 86024 6736 7432 12135 4661 51964 88248 78204 8284 38666 27052 57672 40879 11028 93208 18332 88636 13220 9696 85373 7660 29304 41824 61671 65190 32346 83994 74223 71860 88748 35569 96019 76310 44990 32432 67100 67875 60461 93541 50026 7635 65337 98056 47960 8942 91036 33919 25141 84315 3240
39484 77348 86462 40030 71636 8341 23872 65438 26815 19534 54016 66913 58766 62276 16651 96132 8555 50321 78803 71834 83613 36009 99047 21810 91265 45921 90212 12274 29839 46295 32867 93891 87565 38900 3772 98286 63277 12467 20154 93418 33627 99720 31889 66375 93882 85598 86962 89752 70770 66777 4021 9778 12367 41574 18127 69801 83501 17637 55431 86740 52132 3201 97938 37521 9688 44045 34668 21069 9970 27413 69817 24530 98976 97773 43209 61732 1533 93193 6336 88164 24539 14254 51625 76622 63556 95500 4342 40673 46333 27738 90351 72576 80023 550 13194 65121 77626 83803 75806 24938 86780 44678 20387 34489 16005 199 73319 32297 69935 45351 93058 60839 52875 96826 21352 51361 60062 64693 25301 15072 42644 10751 77173 97642 8367 53532 69671 95373
93468 38594 72938 78948 31142 36941 97262 33215 19897 5983 11550 74293 180 1331 26250 19179 91733 98204 67754 87004 95687 59277 89111 26690 59145 73623 49779 4636 80729 297 18176 15037 65616 22031 95343 59236 11683 22966 6008 34303 1828 77862 11188 90163 11910 75364 88860 98588 45204 48686 66153 97889 17186 37715 13459 56038 93059 64496 72336 56360 99294 33830 36017 37063 27032 68440 48441 98346 25597 92240 39779 46358 71043 33905 24291 19434 85063 55476 19551 6418 14717 7872 97928 96465 2447 45716 66626 83677 31549 72546 15312 6590 96597 3253 90150 74699 94220 79980 69626 37192 23625 73888 77568 35710 67339 17569 78204 96017 9111 96008 76042 40468 33692 17144 90292 33556 18984 81643 58031 50429 84453 11103 715 5111 26457 80152 60730 97908
25901 48220 69668 23771 47057 27385 69777 109 64635 98516 34937 87350 12187 44411 46964 2198 10467 86599 93247 7180 53408 96149 25117 77238 81466 74005 47807 73405 18194 16259 76813 80511 75219 39638 5983 91990 60504 51145 99811 59939 67566 95789 81126 63869 52945 8619 93051 56403 81959 60658 55551 88263 72636 43655 42414 52924 98740 65244 31423 20585 58913 79915 16787 88453 38700 89922 54417 74539 58662 40632 21013 31737 75390 41432 14602 8865 58817 18577 53715 65266 47746 61464 20082 49547 53382 88330 96949 77835 49917 26169 89917 44378 92352 99156 21855 18320 64350 26737 49236 44737 76794 59740 19039 80963 75994 10855 28553 69243 19109 35768 72339 21590 10344 8728 76491 2029 87553 35313 9837 54066 47268 8258 43257 32012 60775 28168 31089 33582
57294 41769 23270 82802 37601 45171 43573 38572 44183 89477 48038 74439 36091 33114 49955 83616 86793 94360 41439 84445 43692 33644 2039 31532 15207 38550 85321 23319 32617 25004 35831 6395 90676 48361 43162 43989 10929 92260 47796 12084 36779 93504 72678 80303 96754 97291 73236 67176 68803 88405 74998 22398 31741 34954 91316 47451 30050 90429 74577 87198 98074 13275 40792 93731 79285 49039 3486 86548 99254 69152 74485 9200 15006 89350 40529 65093 72328 47316 50129 82585 68714 20813 17329 4700 42547 97235 38736 75904 61322 2781 70557 96944 42317 55297 2268 5054 36169 29287 88749 99816 52842 48622 68713 20179 99010 96660 73095 67699 3752 5206 66075 19619 446 55311 77790 3752 49390 56494 15966 88803 32663 58666 62243 35548 66626 7926 73475 59873
28963 61791 29617 43694 93719 13218 64688 50194 3361 14988 26406 69163 46476 94827 19568 84480 30614 53386 43622 20060 31622 79170 21031 13248 67482 44704 71709 28630 75837 2564 38555 61043 77219 85280 49317 61807 33148 97332 36917 5641 67022 76959 87004 55015 81722 9395 22973 95492 21192 1149 98098 35238 25009 27992 59850 16239 48051 33580 19027 29851 59514 60791 25356 48968 62337 16278 37295 44385 33170 63113 18606 12718 81634 30731 81 4402 20312 22914 38118 5060 30254 29164 66991 3095 25954 18939 98717 65654 43290 36711 22027 23974 57660 18725 25130 97155 90223 89656 44134 98967 16899 27794 10659 86855 84055 93341 80273 53567 47582 85040 28572 60067 49323 24754 5785 76930 66240 28840 908 81408 93284 53491 81848 48641 57199 36899 34039 69346
36413 2437 87145 84837 15382 55720 36254 34336 91011 5236 33778 97741 59883 25922 23299 87585 44520 54609 88601 14112 95879 52152 37412 73752 86960 13760 37939 28028 36551 4859 25926 92109 79495 23488 31496 64212 32206 24074 58428 68805 34948 28841 74145 85291 89333 40242 20898 10863 3928 51731 55962 63516 98370 99213 26842 4767 91919 44546 33431 98963 4940 16023 37508 57706 22098 58825 23801 1173 66872 84391 36976 44720 4129 52716 69460 57498 93074 1580 39820 15100 32476 95099 28255 82546 76312 81215 6502 89758 69193 62302 1076 2009 66837 18469 18739 92208 89402 25767 91892 31073 90644 11813 10483 53569 27585 95396 41890 81175 92990 76350 84838 59127 77593 1287 60199 47892 20314 32146 9686 29000 90489 30097 86488 4958 27421 64295 24128 5443
50618 76049 65490 85211 11180 47052 59336 25499 41641 47639 58283 28984 85048 35120 23241 76955 33365 5319 71998 81339 47055 12870 22225 80408 9131 11968 38140 34028 25779 91321 58590 92572 30911 59890 25320 99698 20380 82312 78161 98633 99540 11163 50615 23512 96159 55322 10271 55469 7311 80905 24001 64804 29239 35029 70829 9769 91547 46701 54312 40558 70629 60761 33174 67814 23910 16464 70796 23384 28453 9263 9533 26648 3146 81249 28461 24938 2432 64762 19790 68240 40110 29672 20176 22843 64187 34126 68566 21891 58224 23329 9525 32997 43469 72071 19362 86518 9361 42500 38831 56817 59872 83143 74072 49069 77316 76069 5134 211 97094 43180 82435 19413 59508 20186 50213 47884 42448 20189 77222 78956 54273 41901 70627 41798 94043 72795 30428 36693
43756 76569 49386 98823 13389 87168 4221 63367 45577 49797 43449 17880 22999 62423 82954 98992 62839 92131 65425 11471 85529 605 25554 78282 21865 96015 60529 84616 83049 30486 26682 55345 71840 7140 81168 99412 49032 76289 43031 47892 70459 25435 74785 70108 5584 55476 48911 82135 93575 46201 82957 75375 50427 86115 6656 43184 72741 74719 44221 79443 17287 14012 30424 28033 26117 94153 63567 52379 80563 1751 613 94188 47729 91328 3262 95476 678 70884 59017 86128 86511 8591 1187 6787 26992 9534 96824 42310 86773 79819 76485 7409 45125 2540 13718 71318 73008 25056 49452 17177 88936 38528 93558 23727 62172 14126 90950 33476 25535 23100 11207 64467 9996 48154 45181 40050 24192 68898 93526 86158 83013 3186 36813 53593 67987 24777 24582 12073
41479 46582 63875 22012 59680 75115 65379 49669 26139 12113 59838 62456 92586 67424 19422 99261 80103 30550 68532 19432 7216 46546 82243 76799 11436 3801 20157 23657 55257 71178 90680 94326 16183 59819 20353 85006 13304 18999 59076 93868 23886 69688 21162 787 1024 10000 62589 39995 29830 30984 43739 24061 93679 57316 31443 23763 37513 15009 13533 54176 51669 1758 89014 90174 74291 2861 49551 56664 90208 55195 64211 19552 58868 91554 39778 9898 17999 74627 88134 75717 48061 27266 42677 68506 41488 9605 72057 12590 46672 55606 26612 26220 96960 91291 78161 74070 42198 9060 4253 65364 14622 57795 77003 40528 22905 33219 26749 75099 20094 60090 75386 64517 72157 62391 14908 96524 69050 10022 95592 29706 40806 39911 1177 41852 99993 17217 59281 34223
77684 72306 78385 37573 65373 86459 12527 77984 883 54999 32720 17427 29861 97607 49064 214 6859 91011 65863 89818 42931 57575 49489 66161 44943 42566 71165 5864 26745 30755 82045 48483 89513 15178 89000 65674 13620 89833 22838 17895 96276 52275 89955 58782 52637 3640 62313 27272 88250 56923 75426 24266 47435 90055 43885 11767 11983 48774 78220 28827 77778 19794 68390 12124 12015 76588 34424 26733 37849 61441 13557 18557 50286 22384 55460 21469 81325 23169 95546 75772 73872 77337 81986 30513 89433 37474 32316 19306 99788 23550 25335 99939 99660 21278 21369 60654 82842 93722 48993 91216 91908 8243 81496 28709 75431 21555 56727 86548 61128 44542 20671 17770 28195 53597 83677 58500 2039 18471 34635 20868 24834 57943 5222 1642 51476 96685 60864 9410
26274 49349 86184 39984 53016 62422 5930 84636 18034 85382 27095 95251 71664 69774 48838 26025 54442 49451 21062 5896 21039 90648 57506 15272 51378 51069 50070 52047 13426 12875 59246 77020 64976 21332 46008 37096 56102 60926 3058 5736 20206 58622 96920 64743 72832 60866 55326 70111 35791 92306 31199 21015 80214 57450 33814 37279 84142 86088 95730 44965 1809 12865 38635 62526 60910 43302 67671 36331 30270 13100 58409 94941 63386 51004 28221 8900 19998 22828 18558 16765 85007 68090 72010 19056 38355 95633 80477 31240 96867 12781 84531 75378 85329 14979 13735 62458 47844 19105 54831 92307 85236 76238 74523 13545 93172 51493 44352 17660 91405 32724 83886 43661 63782 23930 74289 50039 86814 51959 26763 6234 92286 94945 96893 67573 46846 80721 18739 48772
13392 13205 30300 73882 17874 19679 69749 21615 78634 49193 5419 36660 14426 69568 24202 26334 75953 4999 29524 99876 93088 54968 79217 54059 54593 19265 57523 59410 76723 44703 40774 43990 26203 17911 43234 32327 58562 49686 70532 29563 90928 70066 29710 32523 67658 84314 72016 293 99338 34113 48434 34000 61049 86890 70935 80840 7661 34364 56704 4440 7074 57515 71622 92737 78252 1174 92795 83420 7912 47865 85128 19998 57726 15710 31751 63635 61393 1343 71400 84167 27716 15530 33632 18183 61982 12221 7689 74742 31620 63701 7286 5381 64764 46407 98818 22860 34550 44150 56858 39481 88385 81464 50793 46866 72137 79343 25555 44080 34276 76703 90089 48026 18732 41271 97603 90172 15083 28754 2555 54789 5145 43635 96001 18062 95122 21998 51177 19600
4085 7675 96085 40192 52150 39495 9121 4085 65914 45591 45284 65683 43609 44858 30733 55619 5708 87840 72559 96090 97732 14907 8193 64411 38185 80382 77099 53670 18534 21625 57734 59091 37181 38830 59150 29460 1064 72518 40715 39087 70143 16763 2800 19585 98522 40600 94917 36119 86515 11326 5205 33447 98379 81371 49390 7435 48975 43666 90103 68487 70274 81766 85619 39622 52411 81532 27846 89537 48697 64100 52581 98220 53414 86844 44926 21030 82859 24856 24368 63804 19152 31130 22684 2961 65889 52878 89332 73097 13483 92193 71037 73987 67621 87372 28654 15473 57433 14289 26178 93329 32549 33616 83792 55132 33971 9637 5955 38467 78462 97103 27385 74378 19030 50512 69160 89159 88781 19406 499 50865 91394 8986 66729 30445 68042 68772 5139 86487
65212 43583 64509 20466 48251 29148 24343 381 29667 9495 47052 62725 46996 28366 58550 69195 26399 32229 4470 69076 67358 28337 92849 7765 17121 955 24183 53979 3337 51199 71455 81716 37951 98852 66844 2096 74161 98408 31435 25259 78073 5047 94683 55668 42282 37855 1364 25812 29652 12469 20740 41878 18741 68658 37459 69506 28478 86936 18057 5040 75986 99377 41674 56165 61983 46416 75680 36500 54043 22315 16186 42947 19744 85096 49601 71783 90026 17717 66072 39772 13573 83332 25539 65398 18798 76890 93417 62981 33114 42765 67266 88637 42963 72778 9349 9624 49755 39665 70718 23557 13523 75923 58519 31860 23247 84524 7881 47000 27683 51242 95645 46816 82192 61348 78958 70502 2339 72024 14959 75114 530 17578 73837 4896 2011 36191 69905 25550
30871 27635 57140 66784 99448 32749 44916 37952 14445 7124 69523 27401 37346 99580 29316 36402 98145 50401 67606 31610 49655 3168 78119 5672 73164 6725 47605 11656 26197 78782 19841 11541 9121 63277 40018 31220 70924 78788 68429 94802 52405 25350 12038 45371 55031 69519 37332 22418 56990 56408 27700 82439 58457 69369 26599 8790 19842 67518 44554 36579 3626 5461 66916 57923 77986 18450 8778 88164 71305 48199 85858 66724 43795 20791 53799 40179 92989 83166 15058 7658 51154 30470 32566 30630 6266 98251 23132 59399 9459 48261 66401 56225 13548 55555 79810 14664 84927 88662 34839 67340 44368 3154 68139 79129 31944 80841 2967 27625 45810 43494 4402 52046 36625 97174 40409 8653 30007 12636 34142 64935 34916 86875 80432 29135 89791 40883 250 57916
90542 60818 37399 64354 91481 25279 73185 17888 39161 65119 5016 81787 85885 30641 50943 60632 19587 99479 30273 15113 87167 5488 46139 68620 15731 63445 46521 98805 53319 86974 56712 36063 41544 60788 39809 39929 65045 53302 11595 95849 15568 21804 148 59152 13652 33005 61338 56224 43557 54457 17167 39086 13343 42490 26909 12896 93928 22053 73059 89502 29486 62818 48374 1555 34968 43272 27359 84167 36862 84092 37020 52207 77892 11600 96269 7249 37917 97508 22092 9731 68449 22533 27161 28206 44398 9981 75518 9180 76782 2724 50332 72086 97848 59084 19787 74157 87942 28819 16328 82255 7272 69943 94095 73845 95362 2431 34425 54371 96817 33336 8096 63309 8835 37766 13299 70262 56375 90670 95691 45424 47889 64677 65499 32104 86222 18680 80816 8514
74301 36576 49151 92434 52908 82415 11209 37178 75915 19156 79667 31495 77378 29592 50889 44974 46433 16939 92926 5299 8376 967 72597 60855 20753 50394 65661 74376 58053 70991 60067 16466 41336 24368 34304 71142 77034 28523 50357 31982 58798 8224 76285 42989 34339 47133 42732 95028 54061 52265 42689 90962 2633 23252 43333 25390 39726 88239 15882 39743 46204 85783 30219 54676 8831 8218 26972 83708 99389 24781 70180 54694 69522 86371 15195 67112 28773 9183 73451 49903 80324 27811 43729 22162 15429 42086 15060 32636 4767 52129 81467 18428 45466 57391 6077 23346 62466 78464 78157 76194 39745 90478 76215 99011 51416 87651 7656 72241 67241 75404 26654 86742 30223 371 28959 61952 69776 50205 615 11549 32426 55307 82331 41956 85684 96756 61248 5399
60289 95923 39679 78789 24532 93911 42452 49352 70038 94126 85128 17022 15510 95664 51185 75406 88759 64307 15476 42649 60454 81329 78499 86871 1441 10745 49894 50192 31779 7631 55562 35312 57645 68414 13186 75997 79548 70358 28700 43391 48892 84762 74822 69779 71545 83537 41947 63997 20313 98544 61110 62449 55426 39443 60117 62871 65579 76309 6824 34093 63063 96491 40580 70199 53149 90425 23423 27288 70405 15619 38115 87718 82942 69179 40705 47688 63276 21944 79281 92869 74789 61387 19422 92774 37403 81177 59189 33046 16872 4420 83770 80842 34262 84559 63130 34274 51521 39940 72881 36220 96457 7306 51041 30700 14567 92473 31613 36207 91508 71583 9369 49512 13219 74009 45853 4306 24209 35644 77792 69743 30208 5745 879 737 47983 75538 24986 51439
34348 99486 12910 86637 93652 18781 25563 50117 49091 94428 50732 56948 588 33462 33215 36112 30963 25396 40527 58740 28342 85464 59131 23599 19694 36299 81780 10559 32581 59484 81114 5811 12330 91092 77473 79652 38301 31037 25161 51520 2706 9709 66474 28348 22698 31088 72177 38387 6597 64085 10597 83643 21145 89243 92048 64139 82637 88829 79131 12507 40619 8874 61845 71759 32288 72617 10163 73915 48120 37149 69766 80022 56344 31888 43851 54977 74362 84236 47069 33780 41880 21238 4164 8813 53709 60248 92513 56166 25509 16032 4103 31019 92856 26950 77433 33131 10587 5085 67775 60692 90755 21901 83712 21388 20206 32637 94018 33725 84833 83314 2328 46067 87396 92124 35091 65880 68781 53637 901 20809 15293 68498 20850 53213 33687 73979 32335 65658
79147 7860 31524 7346 36493 18789 41851 37798 4291 93040 65389 76889 86687 92588 16667 3286 56610 11446 81701 30414 14557 86068 63079 71332 68285 32899 44546 21590 36073 64988 26477 15404 26136 89819 86740 20242 64592 36494 4405 57391 12779 55350 48107 95454 93385 35386 61739 92916 99171 48215 61433 97483 96241 69636 73386 27851 73284 33624 26021 11512 32773 91269 49512 9401 86199 77431 60522 97662 61257 74623 80965 58760 60592 36679 47659 10373 75204 39472 49378 49144 71382 90361 17867 35479 63449 37558 28201 94048 82729 49767 56402 49478 96724 15113 65081 5269 19447 41456 62977 26361 50668 85310 48553 94317 82033 37118 32520 42424 86871 94972 78102 95034 9534 54581 17583 29445 5938 44478 6862 84664 40451 5362 63422 65807 54116 42132 6670 17052
19121 56834 50289 37836 3799 59061 29417 57980 49243 7170 58890 52960 30582 57843 26422 44965 38177 1437 54175 74654 2121 61196 13960 25198 52165 53150 37070 34819 83458 32877 56114 96566 5731 56004 26915 91879 47867 46343 91906 24190 74309 36709 97420 74085 44375 60521 59750 55038 27822 29651 35258 88750 5084 67610 71886 48828 83010 74285 76067 93522 12717 69412 53418 82507 92619 90076 52160 20882 2804 65189 29923 46729 26338 43720 19055 73013 10685 96791 23112 51380 66267 64963 15259 30334 8836 73179 42108 93506 71281 88369 87544 74765 13358 5402 15142 52954 34301 75363 56090 70094 84287 18436 38088 86194 16851 11060 77566 43314 50843 88451 44000 6659 81282 93953 33698 44031 40169 73280 46179 67433 75785 7893 92886 10746 91358 13243 59071 73083
24783 49243 74970 24763 66619 67218 30428 1865 92282 14084 83258 99855 47042 73647 29880 38404 61247 57771 40436 52489 60588 75229 10752 4612 26020 16601 83256 4262 90536 95942 50877 44563 71092 42986 26981 12538 59901 69843 56560 32146 52843 36977 77551 2802 90213 12593 73795 72580 74186 56748 44432 86254 34885 79929 33072 92339 46442 39168 4810 97906 84574 67342 90051 92891 89468 38128 96834 20158 20628 18638 22808 16351 27503 41268 91527 30141 19127 40617 94406 49025 21150 88070 72586 40285 63879 92824 11205 44073 1831 82008 70427 85454 27061 19140 72832 1220 15934 68861 38895 54135 5437 82540 36589 95860 16425 61978 35455 53837 23882 58994 39123 84436 81013 15335 47507 85281 83143 83035 63455 66642 32007 19602 3876 39265 71247 20860 45220 93562
88925 36247 38014 40920 50833 63761 21786 65804 41120 68446 80219 95036 34858 46749 18726 92798 68195 23674 15565 81717 71416 60293 2306 29683 39463 32041 86429 80464 48263 24128 30563 74298 58882 17418 79608 46467 92051 70990 37005 3185 68691 45268 25277 72497 8215 96040 66790 16223 56435 70364 39254 87959 40271 50786 7652 25117 94771 58934 14041 81561 72257 98322 19633 95301 80636 37091 63326 99368 93972 79884 12597 54513 27943 52192 29677 91528 75646 78208 52942 92187 96517 13994 82671 57181 48596 49163 47276 16830 90539 42485 72124 79917 22315 88830 14088 77578 58611 3666 459 11819 4745 23094 73383 21759 39675 13129 43364 32548 81615 87020 52844 19397 1984 71482 77717 48402 78867 10195 68926 84684 58856 1435 37750 39128 25086 87708 94794 6145
37635 67295 4724 74279 42487 96301 62090 81772 45272 28376 19134 59760 16980 77551 65701 77722 66619 46406 72769 24246 77835 71466 6693 52736 80789 53967 17302 31604 83165 12985 36637 45722 40625 47948 52743 77121 47990 92117 44024 96479 37411 28438 39732 15265 72155 10231 69388 72289 14077 99815 21921 21122 86712 74336 65422 82177 40215 45105 78924 65784 560 39224 83770 85067 74620 696 40548 35533 85685 73980 83191 41666 97333 29101 63739 78206 52682 32695 34123 42630 15784 7518 8768 3569 36737 31994 4965 63519 84961 82471 35709 79166 60867 59211 20590 88884 53415 42949 45975 92907 39093 32474 11321 5236 10940 61460 348 13831 51224 10405 206 82479 71771 52901 19161 49817 99281 35550 5541 67003 47630 9247 68966 61942 22297 10734 67857 8996
16636 43134 57150 44696 38649 11948 25526 39182 13317 58287 17470 30684 58372 87962 29165 27610 62821 13859 74315 30808 49754 29522 32070 42578 85233 68900 11060 13217 49783 19851 22982 19179 55279 2000 37724 94017 59169 33243 47500 74071 86101 36083 99060 76714 67425 66738 44873 80670 78175 60170 92132 93170 44079 18914 43833 38226 5627 91121 85388 47192 891 97413 61066 42257 31922 67110 43156 83647 40826 31698 3882 95624 62122 20293 95866 14086 42112 25040 19760 46485 97731 98391 34910 78279 73812 72175 60056 78386 77226 15608 30069 43625 46180 50090 35482 58848 9833 90899 23162 92595 28949 72928 12905 71464 2802 70435 41471 50986 5154 42583 71924 46482 12293 38279 51761 8974 9361 45559 7453 14419 61977 12770 73681 53225 98019 91560 56132 46328
78124 46793 3855 72350 55097 57092 90401 26114 46371 68065 68380 34060 38512 19600 37213 73818 21510 5376 23647 20632 28501 73283 10708 21376 79034 80433 23609 88164 50271 83150 16078 87185 82570 22808 16544 83525 24100 65671 22007 36774 33033 35753 92149 87178 91481 12933 83015 6064 55322 7893 72993 47145 97320 2369 79680 87100 28177 6875 77518 42587 70722 66115 39688 61333 65318 56071 76418 6806 10046 27379 24925 56921 24139 75686 78579 91484 77814 70405 4850 37636 49240 5064 12082 93251 23929 92715 33166 8056 79333 66540 36580 70105 30769 79320 68756 39299 77260 31067 74402 44008 41792 15007 9880 15126 4062 80433 39401 83718 84015 96351 52104 98936 27270 95300 77185 60550 15411 6557 58424 79224 46862 92427 65062 79847 94749 37241 19975 85388
341095 753893 838983 1409933 481965 279235 95738 495647 748408 894796 254514 309995 660370 83156 277688 465472 703127 436159 353011 1285061 599095 777972 1045328 789476 337001 200052 779682 1274830 576327 612624 722094 1058622 1267273 247708 1379245 988914 211881 941444 1078800 260289 1300728 468712 54521 499415 310830 583875 93328 329847 1202354 1226721 567631 894143 1327862 1577927 27450 548097 685548 939696 267802 1113929 953390 279447 1133074 461719 682623 304568 629492 221759 1001469 102038 462416 1126525 352381 857547 1028499 892772 1041597 441905 337883 630241 244361 252474 955651 134142 106899 175286 1067893 296084 44480 822557 932025 495419 322079 643603 306964 183076 668308 1126324 133705 812878 4762 811204 647197 1044353 138920 720540 57215 560619 261668 569524 865247 231180 1053032 487517 642811 1025700 1430197 652636 830598 759990 1102122 325676 339704 850255 636955 1225049 272406 740375
