64
0 1 1 1 1 1 1 1 1 1 1 1 1 1 1 1 1 1 1 1 1 1 1 1 1 1 1 1 1 1 1 1 1 1 1 1 1 1 1 0 1 1 1 1 1 1 1 1 1 1 1 0 0 1 1 1 1 1 1 1 1 1 1 1
1 0 1 1 1 1 1 1 1 1 1 1 1 1 1 1 1 1 1 1 1 1 1 0 1 1 1 1 1 1 1 1 1 1 1 1 1 1 1 1 1 0 1 1 1 1 1 1 1 1 1 1 1 1 1 1 1 1 1 1 1 1 1 1
1 1 0 1 1 1 1 1 1 1 1 1 1 1 1 1 1 1 1 1 1 1 1 1 1 1 1 1 1 1 1 1 1 1 1 1 1 1 1 1 1 1 1 1 1 1 1 1 1 1 1 1 1 1 1 1 1 1 1 1 1 1 0 1
1 1 1 0 0 1 1 1 1 1 1 1 1 1 1 1 1 1 1 1 1 1 0 1 1 1 1 1 1 1 1 1 1 1 1 1 1 1 1 1 1 1 1 1 0 1 1 1 1 1 1 1 1 1 1 1 1 1 1 1 1 1 1 1
1 1 1 0 0 1 1 1 1 1 1 1 1 1 1 1 1 1 1 1 1 1 1 1 1 1 1 1 1 1 1 1 1 1 1 1 1 1 1 1 1 1 1 1 1 1 1 1 1 1 1 1 1 1 1 1 1 1 1 1 1 1 1 1
1 1 1 1 1 0 1 1 1 1 1 1 1 1 1 1 1 0 1 1 1 1 0 1 0 1 1 1 1 1 1 1 1 1 1 1 1 1 1 1 1 1 1 1 1 1 1 1 1 1 1 1 1 0 1 1 1 1 1 1 1 1 1 1
1 1 1 1 1 1 0 1 1 1 1 1 1 0 1 1 1 1 1 1 1 1 1 1 1 1 1 1 1 1 1 1 1 0 1 1 1 1 1 1 1 1 1 1 1 1 1 1 1 1 1 1 1 1 1 1 1 1 1 1 1 1 1 1
1 1 1 1 1 1 1 0 1 1 1 1 1 1 1 1 1 0 1 1 1 1 1 1 1 1 1 0 1 1 1 1 1 1 1 1 1 1 0 1 1 1 1 1 1 1 1 1 1 1 1 1 1 1 1 1 0 1 1 1 1 1 1 1
1 1 1 1 1 1 1 1 0 1 1 1 1 1 0 1 1 1 1 1 1 1 1 1 1 1 1 1 0 0 1 1 1 1 1 1 1 1 1 1 0 1 1 1 1 1 0 1 1 1 1 1 1 1 1 1 1 1 1 1 1 1 1 1
1 1 1 1 1 1 1 1 1 0 1 1 1 1 0 1 1 1 1 1 1 1 1 1 1 1 1 1 1 1 1 1 1 1 1 1 1 1 1 1 1 1 1 1 1 1 1 1 1 1 1 1 1 1 1 1 1 1 1 1 1 1 1 1
1 1 1 1 1 1 1 1 1 1 0 1 1 1 1 1 1 1 1 1 1 1 1 1 0 1 1 1 1 1 1 1 0 1 1 1 1 1 1 1 1 1 1 1 1 1 1 1 1 1 1 1 1 1 1 1 1 0 1 1 1 1 1 1
1 1 1 1 1 1 1 1 1 1 1 0 0 1 1 0 1 1 1 1 1 1 1 1 1 1 1 1 1 1 1 1 1 0 1 1 1 1 1 1 1 1 1 1 1 1 1 1 1 1 1 1 1 1 1 1 1 1 1 1 1 1 0 1
1 1 1 1 1 1 1 1 1 1 1 0 0 1 1 1 1 1 1 1 1 1 1 1 1 1 1 1 1 1 1 1 1 1 1 1 1 1 0 1 1 1 1 1 1 1 1 1 1 1 1 1 1 1 1 1 1 1 1 1 1 1 1 1
1 1 1 1 1 1 0 1 1 1 1 1 1 0 1 1 0 1 1 1 0 1 1 1 1 1 1 1 1 1 1 1 1 1 1 1 0 1 1 1 1 1 0 1 1 1 1 1 1 1 1 1 1 1 1 1 1 0 1 1 1 1 1 0
1 1 1 1 1 1 1 1 0 0 1 1 1 1 0 0 1 0 1 1 1 1 1 1 1 1 1 1 1 1 1 0 1 1 1 1 1 1 1 1 1 1 1 1 1 1 1 1 1 1 1 1 1 1 1 1 1 1 1 1 1 1 1 1
1 1 1 1 1 1 1 1 1 1 1 0 1 1 0 0 1 1 1 1 1 1 1 1 1 1 1 1 1 1 1 1 1 1 1 1 1 1 1 1 1 1 1 1 1 1 1 1 1 1 1 1 1 1 1 1 1 0 1 1 1 1 1 1
1 1 1 1 1 1 1 1 1 1 1 1 1 0 1 1 0 1 1 1 1 1 0 1 1 1 1 1 1 1 1 1 1 1 1 1 1 1 1 1 1 1 1 1 1 1 1 1 0 1 1 1 1 1 1 1 1 1 1 0 0 1 1 1
1 1 1 1 1 0 1 0 1 1 1 1 1 1 0 1 1 0 1 1 1 1 1 1 1 1 1 1 1 1 1 1 1 1 1 1 1 1 1 1 1 1 1 1 1 1 1 1 1 1 1 1 1 1 1 1 1 0 1 0 1 1 1 1
1 1 1 1 1 1 1 1 1 1 1 1 1 1 1 1 1 1 0 1 1 1 1 1 0 1 1 1 1 1 1 1 1 1 1 1 0 1 1 1 1 1 1 1 1 0 1 1 1 1 1 1 1 1 1 1 1 1 1 1 1 1 1 1
1 1 1 1 1 1 1 1 1 1 1 1 1 1 1 1 1 1 1 0 1 1 1 0 1 1 1 1 1 1 1 1 1 1 1 1 1 0 1 1 1 1 1 1 1 1 1 1 1 1 1 1 1 1 1 1 1 1 0 1 1 1 1 1
1 1 1 1 1 1 1 1 1 1 1 1 1 0 1 1 1 1 1 1 0 0 1 1 1 1 1 1 1 1 1 1 1 1 1 1 1 1 1 1 1 1 1 0 1 1 1 1 1 1 1 1 1 1 1 1 1 1 1 1 1 1 1 1
1 1 1 1 1 1 1 1 1 1 1 1 1 1 1 1 1 1 1 1 0 0 1 1 1 1 1 1 0 1 1 1 1 1 1 1 1 1 1 1 1 1 1 1 1 1 1 1 1 1 1 1 1 1 1 1 1 1 1 1 1 1 1 1
1 1 1 0 1 0 1 1 1 1 1 1 1 1 1 1 0 1 1 1 1 1 0 1 1 1 1 1 1 1 1 1 1 1 1 1 1 1 1 1 1 1 1 1 1 1 1 1 1 1 1 1 1 0 1 1 1 1 1 1 1 1 0 1
1 0 1 1 1 1 1 1 1 1 1 1 1 1 1 1 1 1 1 0 1 1 1 0 1 1 1 1 1 1 1 1 1 1 1 0 1 1 1 1 1 1 1 1 1 1 1 1 1 1 1 1 1 1 1 1 1 1 1 1 1 1 1 1
1 1 1 1 1 0 1 1 1 1 0 1 1 1 1 1 1 1 0 1 1 1 1 1 0 1 1 1 1 1 1 1 1 1 1 1 1 1 1 1 1 1 1 1 1 1 1 0 1 1 1 1 1 1 1 1 0 1 1 1 1 1 1 1
1 1 1 1 1 1 1 1 1 1 1 1 1 1 1 1 1 1 1 1 1 1 1 1 1 0 1 1 1 1 1 1 1 1 1 1 1 1 1 1 1 0 1 0 1 1 1 1 1 1 1 1 1 1 1 1 1 1 1 1 0 1 1 1
1 1 1 1 1 1 1 1 1 1 1 1 1 1 1 1 1 1 1 1 1 1 1 1 1 1 0 1 1 1 1 1 1 1 1 1 1 1 1 1 1 1 1 1 1 1 1 1 1 1 1 1 1 1 1 1 1 1 1 1 1 1 1 1
1 1 1 1 1 1 1 0 1 1 1 1 1 1 1 1 1 1 1 1 1 1 1 1 1 1 1 0 1 1 1 1 1 1 1 1 1 1 1 1 1 1 0 1 1 1 1 1 1 1 1 1 1 1 1 1 1 1 1 1 1 1 1 1
1 1 1 1 1 1 1 1 0 1 1 1 1 1 1 1 1 1 1 1 1 0 1 1 1 1 1 1 0 1 1 1 0 0 1 1 1 1 1 1 1 1 1 1 1 1 1 1 1 1 1 1 1 1 1 1 1 1 1 1 1 1 1 1
1 1 1 1 1 1 1 1 0 1 1 1 1 1 1 1 1 1 1 1 1 1 1 1 1 1 1 1 1 0 1 1 1 1 1 1 1 1 1 1 1 1 1 1 1 1 1 1 1 1 1 1 1 1 1 1 1 0 0 1 1 1 1 1
1 1 1 1 1 1 1 1 1 1 1 1 1 1 1 1 1 1 1 1 1 1 1 1 1 1 1 1 1 1 0 1 1 1 1 1 1 1 1 1 1 1 0 1 1 1 1 1 1 1 1 1 1 1 1 1 0 1 1 1 1 1 1 1
1 1 1 1 1 1 1 1 1 1 1 1 1 1 0 1 1 1 1 1 1 1 1 1 1 1 1 1 1 1 1 0 1 1 1 1 1 1 1 1 1 1 1 1 1 1 1 1 1 1 1 1 1 1 1 1 1 1 1 1 1 1 1 1
1 1 1 1 1 1 1 1 1 1 0 1 1 1 1 1 1 1 1 1 1 1 1 1 1 1 1 1 0 1 1 1 0 1 1 1 1 1 1 1 1 1 1 1 1 1 1 1 0 1 1 1 1 1 1 1 1 1 1 1 1 1 1 1
1 1 1 1 1 1 0 1 1 1 1 0 1 1 1 1 1 1 1 1 1 1 1 1 1 1 1 1 0 1 1 1 1 0 1 1 1 1 1 1 1 1 1 1 1 1 1 0 1 1 0 1 1 1 1 1 1 1 1 1 1 1 1 1
1 1 1 1 1 1 1 1 1 1 1 1 1 1 1 1 1 1 1 1 1 1 1 1 1 1 1 1 1 1 1 1 1 1 0 1 1 1 1 1 1 1 1 1 1 1 1 1 1 1 1 1 1 1 1 1 1 1 1 1 0 1 1 1
1 1 1 1 1 1 1 1 1 1 1 1 1 1 1 1 1 1 1 1 1 1 1 0 1 1 1 1 1 1 1 1 1 1 1 0 1 1 1 1 1 1 1 1 1 1 1 1 1 1 1 1 1 1 1 1 1 1 1 0 0 1 1 1
1 1 1 1 1 1 1 1 1 1 1 1 1 0 1 1 1 1 0 1 1 1 1 1 1 1 1 1 1 1 1 1 1 1 1 1 0 1 1 1 1 1 1 1 1 1 1 1 1 1 1 1 1 1 1 1 1 1 1 1 1 1 1 1
1 1 1 1 1 1 1 1 1 1 1 1 1 1 1 1 1 1 1 0 1 1 1 1 1 1 1 1 1 1 1 1 1 1 1 1 1 0 1 1 1 1 1 1 1 1 1 1 1 1 1 1 1 0 1 1 1 0 0 1 1 1 1 1
1 1 1 1 1 1 1 0 1 1 1 1 0 1 1 1 1 1 1 1 1 1 1 1 1 1 1 1 1 1 1 1 1 1 1 1 1 1 0 1 1 1 0 1 1 1 1 1 1 1 1 1 1 1 1 1 1 1 1 1 1 1 1 1
0 1 1 1 1 1 1 1 1 1 1 1 1 1 1 1 1 1 1 1 1 1 1 1 1 1 1 1 1 1 1 1 1 1 1 1 1 1 1 0 1 1 1 1 1 1 1 1 1 1 1 1 0 1 1 1 1 1 1 1 1 1 1 1
1 1 1 1 1 1 1 1 0 1 1 1 1 1 1 1 1 1 1 1 1 1 1 1 1 1 1 1 1 1 1 1 1 1 1 1 1 1 1 1 0 1 1 1 1 1 1 1 1 1 1 1 1 1 1 1 1 1 1 1 1 1 1 1
1 0 1 1 1 1 1 1 1 1 1 1 1 1 1 1 1 1 1 1 1 1 1 1 1 0 1 1 1 1 1 1 1 1 1 1 1 1 1 1 1 0 1 1 1 1 1 0 1 1 1 1 1 1 1 1 1 1 1 0 1 1 1 1
1 1 1 1 1 1 1 1 1 1 1 1 1 0 1 1 1 1 1 1 1 1 1 1 1 1 1 0 1 1 0 1 1 1 1 1 1 1 0 1 1 1 0 1 1 1 1 1 1 1 1 1 1 1 1 1 1 1 1 1 1 1 1 1
1 1 1 1 1 1 1 1 1 1 1 1 1 1 1 1 1 1 1 1 0 1 1 1 1 0 1 1 1 1 1 1 1 1 1 1 1 1 1 1 1 1 1 0 1 1 1 0 1 1 1 1 1 1 1 1 1 1 1 1 1 1 1 0
1 1 1 0 1 1 1 1 1 1 1 1 1 1 1 1 1 1 1 1 1 1 1 1 1 1 1 1 1 1 1 1 1 1 1 1 1 1 1 1 1 1 1 1 0 1 0 0 1 1 1 1 1 1 1 0 1 1 1 1 1 1 1 1
1 1 1 1 1 1 1 1 1 1 1 1 1 1 1 1 1 1 0 1 1 1 1 1 1 1 1 1 1 1 1 1 1 1 1 1 1 1 1 1 1 1 1 1 1 0 1 1 1 1 0 1 1 1 1 1 1 1 1 1 1 0 1 1
1 1 1 1 1 1 1 1 0 1 1 1 1 1 1 1 1 1 1 1 1 1 1 1 1 1 1 1 1 1 1 1 1 1 1 1 1 1 1 1 1 1 1 1 0 1 0 1 1 1 1 1 1 1 1 1 1 1 1 1 1 1 1 0
1 1 1 1 1 1 1 1 1 1 1 1 1 1 1 1 1 1 1 1 1 1 1 1 0 1 1 1 1 1 1 1 1 0 1 1 1 1 1 1 1 0 1 0 0 1 1 0 0 1 1 1 1 1 1 1 1 1 1 1 1 1 1 1
1 1 1 1 1 1 1 1 1 1 1 1 1 1 1 1 0 1 1 1 1 1 1 1 1 1 1 1 1 1 1 1 0 1 1 1 1 1 1 1 1 1 1 1 1 1 1 0 0 1 1 1 1 1 1 1 1 1 1 1 1 1 1 1
1 1 1 1 1 1 1 1 1 1 1 1 1 1 1 1 1 1 1 1 1 1 1 1 1 1 1 1 1 1 1 1 1 1 1 1 1 1 1 1 1 1 1 1 1 1 1 1 1 0 1 1 1 1 1 1 1 1 1 1 1 1 1 1
1 1 1 1 1 1 1 1 1 1 1 1 1 1 1 1 1 1 1 1 1 1 1 1 1 1 1 1 1 1 1 1 1 0 1 1 1 1 1 1 1 1 1 1 1 0 1 1 1 1 0 1 1 1 1 1 1 1 0 0 1 1 1 1
0 1 1 1 1 1 1 1 1 1 1 1 1 1 1 1 1 1 1 1 1 1 1 1 1 1 1 1 1 1 1 1 1 1 1 1 1 1 1 1 1 1 1 1 1 1 1 1 1 1 1 0 1 1 1 1 1 1 1 1 1 1 0 0
0 1 1 1 1 1 1 1 1 1 1 1 1 1 1 1 1 1 1 1 1 1 1 1 1 1 1 1 1 1 1 1 1 1 1 1 1 1 1 0 1 1 1 1 1 1 1 1 1 1 1 1 0 1 1 1 1 1 1 1 1 1 1 1
1 1 1 1 1 0 1 1 1 1 1 1 1 1 1 1 1 1 1 1 1 1 0 1 1 1 1 1 1 1 1 1 1 1 1 1 1 0 1 1 1 1 1 1 1 1 1 1 1 1 1 1 1 0 1 1 1 1 0 1 1 1 1 1
1 1 1 1 1 1 1 1 1 1 1 1 1 1 1 1 1 1 1 1 1 1 1 1 1 1 1 1 1 1 1 1 1 1 1 1 1 1 1 1 1 1 1 1 1 1 1 1 1 1 1 1 1 1 0 1 1 1 0 1 1 1 1 1
1 1 1 1 1 1 1 1 1 1 1 1 1 1 1 1 1 1 1 1 1 1 1 1 1 1 1 1 1 1 1 1 1 1 1 1 1 1 1 1 1 1 1 1 0 1 1 1 1 1 1 1 1 1 1 0 1 1 1 1 1 1 1 1
1 1 1 1 1 1 1 0 1 1 1 1 1 1 1 1 1 1 1 1 1 1 1 1 0 1 1 1 1 1 0 1 1 1 1 1 1 1 1 1 1 1 1 1 1 1 1 1 1 1 1 1 1 1 1 1 0 1 1 1 1 1 0 1
1 1 1 1 1 1 1 1 1 1 0 1 1 0 1 0 1 0 1 1 1 1 1 1 1 1 1 1 1 0 1 1 1 1 1 1 1 0 1 1 1 1 1 1 1 1 1 1 1 1 1 1 1 1 1 1 1 0 1 1 1 1 1 1
1 1 1 1 1 1 1 1 1 1 1 1 1 1 1 1 1 1 1 0 1 1 1 1 1 1 1 1 1 0 1 1 1 1 1 1 1 0 1 1 1 1 1 1 1 1 1 1 1 1 0 1 1 0 0 1 1 1 0 1 1 1 1 1
1 1 1 1 1 1 1 1 1 1 1 1 1 1 1 1 0 0 1 1 1 1 1 1 1 1 1 1 1 1 1 1 1 1 1 0 1 1 1 1 1 0 1 1 1 1 1 1 1 1 0 1 1 1 1 1 1 1 1 0 1 1 1 1
1 1 1 1 1 1 1 1 1 1 1 1 1 1 1 1 0 1 1 1 1 1 1 1 1 0 1 1 1 1 1 1 1 1 0 0 1 1 1 1 1 1 1 1 1 1 1 1 1 1 1 1 1 1 1 1 1 1 1 1 0 1 1 1
1 1 1 1 1 1 1 1 1 1 1 1 1 1 1 1 1 1 1 1 1 1 1 1 1 1 1 1 1 1 1 1 1 1 1 1 1 1 1 1 1 1 1 1 1 0 1 1 1 1 1 1 1 1 1 1 1 1 1 1 1 0 1 1
1 1 0 1 1 1 1 1 1 1 1 0 1 1 1 1 1 1 1 1 1 1 0 1 1 1 1 1 1 1 1 1 1 1 1 1 1 1 1 1 1 1 1 1 1 1 1 1 1 1 1 0 1 1 1 1 0 1 1 1 1 1 0 1
1 1 1 1 1 1 1 1 1 1 1 1 1 0 1 1 1 1 1 1 1 1 1 1 1 1 1 1 1 1 1 1 1 1 1 1 1 1 1 1 1 1 1 0 1 1 0 1 1 1 1 0 1 1 1 1 1 1 1 1 1 1 1 0
55468 86894 1361 18645 74954 12814 28463 34546 88977 57161 52560 62798 47444 81582 70229 14961 84698 46159 19550 90410 54396 49920 30438 36362 29250 78790 44784 25971 48479 83484 83943 53165 97428 71857 79429 98973 85035 34233 42685 24863 3827 99650 13652 11939 41149 16855 54364 98724 76578 65040 93917 76053 42577 64110 21443 95309 42091 19719 37014 47030 91078 39322 58839 96965 55188 98987 57072 19425 79758 77439 20991 63460 41179 46889 49221 81995 1153 27038 8906 98803 20271 71252 660 41518 91376 12006 57212 76191 15734 263 21601 95726 89492 43108 27287 5131 85690 45651 30763 19769 7631 525 86976 18237 88509 3325 47342 14538 85090 90402 12655 30825 34028 30417 49939 12259 11690 76367 98251 92193 43401 58174 95697 27520 84465 71365 10185 94638
40607 54214 82483 3485 53094 40483 10137 3130 63142 68169 65451 54250 75322 18530 97087 89086 89842 32619 91906 32289 60290 69829 37937 88783 54781 76950 71942 66212 17199 64269 68383 48554 58488 59276 78292 13833 21896 38817 46458 79939 50731 85176 74935 77035 19451 93839 12826 23539 82142 28279 32573 86925 6026 24348 5469 24735 18058 17856 70045 52292 34637 46757 17841 98555 21902 97580 59139 85289 96205 14213 82168 61662 57940 60144 54266 66876 23449 96450 24291 39374 20903 89629 48456 2731 93382 42454 64522 2233 62480 79108 20739 94061 44213 17893 35464 82788 53123 99593 15287 55400 32139 76320 67343 14114 48945 7297 2841 36882 70223 6917 5685 73482 59125 54351 84397 67156 661 90430 8815 83606 1050 73538 93837 68730 22446 4398 53188 95022
57019 50065 34181 91100 78210 54720 85390 4900 69372 69070 69404 49277 82899 72646 1575 64543 58816 93710 2988 31820 90141 48456 9065 11776 16978 74769 76586 55324 1454 48097 26939 51230 4487 45044 23905 23462 56273 26075 33312 57462 13845 10110 73323 91702 37453 46350 87812 79611 35825 87460 47343 82587 81548 76387 64580 32745 56551 31203 54696 9815 28412 27548 23836 83501 64923 78887 7125 2863 94729 76904 6333 50460 48775 89643 23729 91502 72154 33259 19286 8990 47490 2669 49359 30465 25518 27041 79929 37109 54074 38791 95915 76502 16575 46195 30366 8105 6031 1394 69381 82862 8180 16771 15866 7187 60556 43994 38633 13453 4061 13633 36586 61504 97120 75169 82784 45348 96616 42445 40092 87777 51 29850 68193 42456 88801 56244 73073 62366
95457 11722 40754 33729 1674 265 7502 737 2497 16152 20473 17127 5408 55678 20886 53508 48529 14667 47167 22759 92290 98328 13715 31871 39187 20875 96371 86969 49852 88925 95760 98694 83749 43030 77351 47789 34587 50990 71585 67798 54119 81483 1944 82305 22122 58657 7066 14824 51303 84017 50930 48613 51618 1657 62457 21463 18872 88289 17791 59474 32962 99092 33660 5794 84695 13625 52200 75755 59148 64420 86180 46055 73758 68192 19039 62913 32800 15409 85787 4399 81197 794 67753 88219 68468 22189 87257 46733 96672 33868 24070 54786 58731 76685 43561 99831 36778 19210 20206 44286 4780 42853 89415 96957 88640 32937 21934 55386 49416 92294 46029 81712 46173 47377 79582 54334 7508 83992 80544 71843 18658 92576 95315 2543 78051 61608 34277 79902
71335 49869 75623 23597 65203 56255 39354 9112 77557 18110 68466 17585 84177 22873 6761 9599 2448 22326 9266 5751 61065 40180 77382 78481 17649 87975 34980 41126 43952 92673 59905 85576 80176 64664 31959 84778 18117 73427 35909 53315 46435 49583 57378 16588 70910 68862 90532 94978 21869 55971 13782 7464 60855 24737 19597 43315 91795 77498 19318 85110 54177 16125 33365 1566 72554 1466 64033 23393 4334 93397 74475 21211 24700 80753 22555 44536 75292 86745 2018 2587 85424 61908 36336 14140 71777 52456 19077 55516 85638 20494 45234 3419 6636 50030 449 46493 43693 67032 86764 71383 70699 23788 25710 62690 17565 34712 88306 31375 22691 79965 64401 49783 42994 52947 17603 36743 77801 4996 73039 60515 50835 84662 12102 76998 73872 97064 37695 85715
21965 76988 41869 72977 21548 9865 42140 27044 84736 46846 86488 21575 47346 85703 34263 44272 54632 10272 85678 77524 65482 98189 28284 38217 7156 69695 23929 74992 72346 63011 65390 52986 94731 50818 77209 39330 73564 43592 46378 50683 15328 99231 847 91540 30457 64029 28247 16754 30355 56292 56843 30667 14764 56367 19049 83567 54484 62904 63155 66081 54705 6910 2162 89489 77786 89321 52719 17649 16813 37569 87194 68411 26940 83520 70630 14850 75493 57134 22839 33753 37286 41033 54559 8341 76725 43001 22082 21947 27096 24429 58868 26943 82210 84164 77744 25259 50751 99374 63562 21533 2682 59306 98733 13612 85693 99382 26413 59415 32422 65156 37197 84204 97615 66664 42682 9286 11487 10256 91898 22782 62215 47141 3283 16581 91730 75286 73650 83897
34603 30370 59370 78638 39976 38058 77095 1098 68099 45139 24144 74177 66856 96743 7461 41054 15272 17015 66043 47563 25106 94599 39776 331 66728 21503 85907 58198 47684 50368 36473 16809 39193 316 45202 4272 90353 10967 84171 15975 98229 46645 72599 28776 35021 55881 75752 68161 19723 15954 2311 5119 24632 90110 2958 80021 78195 58416 67894 1450 95033 5815 40532 97719 57290 96878 4195 98575 29557 81047 28931 43387 79027 8301 85613 37580 61064 45656 22366 97606 68734 51538 1527 84127 35709 58494 3997 16060 93718 91121 60854 77274 39864 1057 66421 61299 48896 6268 22133 11184 90548 30109 44228 45203 25945 496 61871 28229 51895 78280 30180 2896 75357 55673 40605 13084 26699 8127 17435 27061 82511 4419 9008 3777 29810 83691 64761 66801
92854 54474 71019 69921 75852 92263 74848 78193 65491 53640 21517 63675 94771 86330 71060 10052 12246 28008 10607 72325 55568 52874 82165 24694 39139 4655 22579 44261 77222 3099 60343 3786 60993 87060 75018 84466 34802 47626 3939 95116 18595 19057 57602 72760 91880 98794 37589 91732 28844 91347 68235 56144 18011 81366 20601 74958 2702 36921 42328 54019 89325 64213 55092 70020 48358 56101 11741 50424 10716 16775 23497 22143 13609 63765 21563 37276 88904 25899 39330 69470 60848 63909 810 25354 26379 68738 7606 39592 15604 57070 89634 64639 83201 68187 55252 79784 1329 46963 31355 79353 70469 78050 31531 41136 57058 40428 86473 1243 68180 64133 46396 45846 58720 95466 62692 38438 28081 29356 42260 12292 65177 89343 13141 54829 71600 55628 85060 878
89968 21297 21932 76257 64713 19029 48312 3418 44062 3324 77648 62185 6086 50034 44367 63463 47656 99419 48591 26609 60573 81712 32413 42461 46116 50327 68438 73873 26876 9809 16691 11283 41652 88189 9199 14179 78437 90236 40610 80687 1526 34296 34988 62551 32172 53995 6633 57071 65053 49558 58839 17299 56178 89313 99248 36590 73993 18628 9090 74724 32049 15055 77499 93865 72516 79416 70219 48483 50918 55866 25228 81999 59999 7531 55988 50256 90422 61321 5859 13061 66576 30307 8572 32631 1944 93405 6223 10786 42000 41994 76617 36268 99376 23714 912 21334 94010 83186 82773 59891 45239 44314 97424 98373 15747 69805 49360 86235 49271 50437 51536 82060 98121 24456 70795 29536 59411 40807 67890 19172 91323 80643 10808 84756 21223 44598 67034 24233
21729 89386 27686 52225 91309 42669 42860 99264 50560 33148 12710 13675 66588 8421 20204 1880 86226 36930 8951 73611 36111 56378 29344 23301 69850 1999 44629 83060 71263 20272 17797 21673 31266 65962 10492 85155 56674 2922 55509 65234 58423 71726 51071 12553 11202 50523 49217 11960 80974 98831 4867 37180 85276 82367 16326 35392 41304 90496 79308 68719 70938 47972 78193 44410 26337 56047 48312 31382 30929 19913 59796 13093 37005 12663 75050 99198 35166 42555 57133 20433 63665 75048 8178 63400 32740 77136 83671 2710 92787 87322 35006 14113 78676 30311 8627 88248 91287 43411 70883 28512 8955 86279 82597 53584 23251 81784 8366 37556 48597 28122 1268 86921 41822 9865 76522 73546 91369 22617 91136 7272 13240 44474 43779 59982 15831 83804 12739 5176
35001 81289 51035 93383 23089 42548 65117 43753 80927 40700 25368 47882 76726 82581 84390 58850 19221 65961 91696 29774 54830 71079 49508 23515 70772 28138 33957 98354 46144 54079 28048 67843 70919 28231 19094 77392 4398 92271 33664 79453 93959 9237 43810 31455 86325 62692 18178 14553 6267 45464 7840 79838 62301 96337 1590 54527 60180 77633 77125 60575 28216 62784 54594 98023 30034 46957 44260 26476 5860 57546 85599 78659 21141 68272 29810 26355 28856 95002 55726 23647 62340 42281 732 85075 32181 73688 50751 13503 22729 3903 42628 8323 98200 4721 18469 64011 36966 70129 87213 81139 71910 78165 49917 37707 74971 54590 43924 94740 5100 2599 61255 9765 56911 13042 95538 50954 32548 60733 51488 49323 76666 838 27108 89788 84888 55727 77857 6452
77047 31193 31778 86907 43538 47469 57952 21487 57232 76645 40751 19272 63016 18771 16438 99654 44538 71196 97483 23423 46938 23955 70023 42298 24021 72302 84050 14834 72845 86480 81055 61159 10860 69810 15451 57763 43034 65171 93508 85265 23381 80334 89884 74503 72578 50343 75935 50258 9707 97574 37123 33492 74515 97160 77561 12910 87624 81527 80825 13825 17673 7680 3302 28889 39217 86611 90224 86012 72786 7276 90523 82702 69030 61023 74382 15922 70700 33066 52164 92020 38460 6657 52506 93651 63639 52402 3123 18380 51157 18273 65420 88395 4149 2523 34309 42069 20432 78275 31697 27356 96316 85416 97891 48383 5333 85016 40365 97468 10925 62718 54998 43933 8274 28011 34415 73416 91501 82404 4704 34477 24213 21340 59755 28695 62626 80596 19440 58610
34384 85091 53627 3679 13957 90169 65636 73685 57302 92586 22363 98277 25348 72828 9035 71128 25807 58505 39071 99179 18064 63755 47746 64614 71364 89694 15335 89772 56138 35490 75238 80244 9615 48450 14122 79271 77064 58880 4613 70328 12410 51803 93436 93491 57948 3151 95141 61942 34394 96925 21904 80069 85555 97185 39022 63935 89579 25715 65749 15058 69871 45234 37945 75429 1436 22524 34796 36842 17701 74618 63646 60618 44195 93180 28890 19691 78541 96174 49545 81055 73119 66714 59983 91130 47891 53641 67200 23208 36821 90353 63176 51742 30094 67501 15322 52044 87558 61672 10418 19640 58572 22423 60427 8925 93443 63010 42356 39006 76584 73841 70121 68877 35500 62003 34202 93815 31091 91238 27951 65220 13304 36438 66108 26504 26411 81418 82159 81807
36618 40611 11913 77345 64509 33402 98570 53524 96316 79424 69551 22316 35088 7346 60500 13943 81547 7849 84748 6059 67940 41615 97540 57488 3326 32410 70441 36819 75422 27593 54371 11723 18824 26108 79868 74781 96940 59907 52165 34739 5188 75527 6007 27324 56664 59926 17872 58808 92539 10077 94136 88912 40817 86812 70833 30507 38484 32497 93151 78155 95641 7619 72294 59138 90272 59431 56423 57167 9480 13925 4476 71239 85847 15831 72763 92851 75176 78343 95201 84704 83022 26477 91780 73673 41125 44784 40573 99211 59300 42842 99485 14542 83416 32516 61717 83960 3929 9227 74071 40618 32894 28662 36251 36273 95256 55985 37734 45355 69270 86582 35605 8290 45745 10798 66105 53076 28513 40214 23998 7144 13982 5845 94897 20128 9041 34401 85143 74280
68765 32086 73470 17213 25948 93418 27163 21396 15143 5348 41900 53105 46615 27375 59874 90214 10687 176 64344 80530 67284 56346 26471 41619 3443 44764 85093 62879 67318 91399 7792 43811 37962 59742 43524 15134 88760 68669 50385 18507 15164 4021 55389 42339 39865 77241 42262 89766 46023 97811 9120 23721 22146 51123 70311 9046 76005 37683 47674 30775 61055 67449 63703 96656 89634 13885 70548 54215 28754 23131 51482 68083 19228 18013 67192 28694 67996 14246 69518 67443 18400 16423 66633 13858 26833 74657 33781 11537 40295 97882 84889 1805 37632 10628 20908 22059 74591 56058 91542 28747 50948 40620 4806 19932 25666 36223 62084 21194 8766 99706 78347 38039 75551 7661 70280 55369 29501 70249 5135 46841 43887 21153 82526 11287 76872 67713 14014 33902
76901 16437 7596 24254 13299 34973 63172 21490 36501 52346 82673 60131 18059 25080 96069 38335 983 56040 94190 29250 81147 10102 45049 53199 42441 35991 76467 22340 59861 36697 20559 31928 49176 65148 70033 25091 17264 41675 43544 80853 36837 10021 28211 18931 28332 15454 36809 84234 57288 57272 84831 5470 77993 74372 78736 44465 1609 85749 94647 57498 85752 35218 28081 12033 3952 90036 86480 79763 36475 5494 67714 14600 53041 85402 86944 49129 75459 44747 19575 53618 96115 44356 56566 32361 80021 54639 40859 2108 15258 17344 41652 1089 16924 69225 72177 83822 18735 76434 166 57133 34248 25099 58374 86996 6800 45955 95859 82233 43038 46482 90093 48768 85570 19842 84262 7533 4975 13562 40245 28218 50592 79608 4491 25834 48798 90729 86996 79544
91347 64048 42058 58615 53444 91369 4422 65161 23363 58123 24913 20074 51687 64431 30856 26903 94277 32965 60518 20756 2818 91896 89765 3640 81587 78887 13476 66142 87786 63901 84482 2017 34430 13016 87414 73765 56947 79186 87007 46037 12568 4303 23566 79084 24664 79368 28262 50885 3727 77225 63552 16728 30210 57180 67302 38633 34224 71855 89787 99009 6052 42554 29977 65882 92596 97895 76932 12786 21822 53890 12877 25938 94245 54857 40403 23270 76728 90056 22653 78188 44652 42550 44234 44005 87940 25734 90089 32197 87296 45193 55808 18282 2600 39092 86236 85466 58100 50154 6532 1674 95684 94557 35545 27836 28392 4800 50713 39890 18973 93533 83962 76788 56835 5166 12747 38057 60332 20474 11755 2318 79831 27188 53005 46068 51967 36144 3587 42473
45162 562 32422 82329 47577 12203 70940 17865 952 98327 39651 70382 89898 68971 87094 1036 99314 8698 62483 13838 90976 56476 38779 94508 60356 24115 29408 49980 89585 99190 55411 39398 77879 69035 1247 32489 93697 11432 7920 60849 90612 67326 88570 62655 22325 52705 86242 92875 87320 84626 511 40284 43872 89139 10560 75624 13680 9713 41846 99158 17604 83231 76985 94986 83866 48244 85823 3275 25106 24358 20358 42516 4153 20854 4508 69103 28947 94223 53610 18511 8528 18339 41497 15426 30716 33057 39648 34697 79520 81304 17991 94100 2333 24508 70676 47596 94109 74635 29342 40449 81836 28169 55351 14294 18520 68742 4067 29253 59776 21528 38325 75968 21245 99004 9505 99925 27259 81542 59178 71361 5601 16302 42020 50775 13474 71633 61187 78388
17947 66774 63866 14959 47239 61647 33346 61791 40877 7155 45104 38580 51252 60050 12372 87430 54057 89134 15895 26367 75802 24285 61685 58096 84145 62537 34869 34671 11732 94145 13538 33383 63610 73888 26089 42303 62029 73419 21443 84358 51932 34798 46259 65954 81594 60389 40486 88596 50276 99893 16505 75825 67596 42211 12101 33588 90622 75422 18149 1023 97498 68152 62512 91909 84385 51899 61931 52451 63275 78177 99142 20640 89766 24783 90224 53733 47335 73505 32786 1004 76114 55366 79229 70823 81550 9578 15599 85860 19760 93224 45725 42949 28595 17809 60552 12406 68548 57287 59780 32806 83024 71078 85739 41956 26913 54251 7927 38330 89803 29755 78145 1623 11762 91724 670 62812 19682 28215 58510 80437 84460 11922 75295 32908 47957 51152 82400 21172
39754 87414 76183 858 95232 3495 57466 27892 20731 655 79230 39814 90114 33268 69799 92648 95539 31895 10709 1066 76284 25479 28388 19191 39622 79598 64452 35527 53392 62413 41216 33436 86324 20011 89956 31982 53607 26989 13817 83658 57916 2886 36785 78835 78341 30124 83288 29097 62624 75489 83308 32296 31142 25497 6315 76902 32464 99882 98623 81507 90784 34946 10799 62555 72547 98898 49533 93741 8689 77547 42143 18600 11978 36730 96562 57304 12074 72690 49106 2706 41841 32911 37936 37448 55838 5518 52069 60592 49332 79303 94986 50977 92011 85949 67578 7023 58933 86298 27648 39298 87815 81488 8532 32881 66706 59424 38220 49805 23542 65194 48562 47011 3187 4970 29109 42454 26990 88114 76716 21332 68204 41813 18107 6910 87169 23583 19097 7457
86328 26412 56643 78277 58757 62836 15731 30646 86550 92933 90620 74364 67207 22588 18859 39243 72829 79466 28543 67814 85055 31351 97632 22870 95697 94998 8299 54512 74036 84454 43545 30423 48135 20548 12098 59135 40586 43979 13356 49894 51612 34580 22117 95206 6662 65083 85192 97066 24977 27054 20734 13696 13727 91131 1923 78305 78181 85651 92844 27432 71844 58916 63726 88820 9545 69737 55358 34126 31262 8946 30662 77450 70695 95634 50 6898 20768 27765 38010 33 50636 56646 82080 45665 52226 42435 4874 68353 14134 73684 33720 9087 59091 3100 44373 92949 741 89748 93122 38673 69846 66447 57471 45052 33345 74147 60201 74831 51159 50742 65669 92950 83802 92873 90826 62815 30966 88073 73466 82396 65697 93062 38466 64950 18129 3027 96923 86931
35313 57969 88654 1328 14600 6648 19391 24614 80603 49747 33699 54422 72494 89895 15785 12091 63515 9695 1081 45860 62046 63716 91224 94552 41465 30002 46572 77720 48582 34174 56254 64555 96366 94270 31467 54144 41156 3921 99972 33758 41965 66137 86090 45247 65898 76368 14555 75175 6570 89244 40955 78024 43753 71538 99237 47459 4716 76935 7629 73401 21875 41516 23311 42052 62495 74469 98327 7558 46439 2161 97837 10947 17279 29840 50682 59183 33905 76507 98809 36217 44996 51985 44163 71414 1858 82366 92659 66239 42671 56896 58174 76676 14432 55775 98796 69635 59106 71725 7981 93755 29597 29464 82135 31112 9573 10392 57477 4171 71724 31624 15845 34457 58109 58393 30098 62692 48501 89559 30036 1177 6270 22459 37333 51227 44178 66996 70686 59157
56838 20064 62660 27562 62197 64291 18813 23484 69537 43729 65913 56539 64005 17661 66628 89583 19025 23968 69065 50614 49146 19802 80707 76103 94928 22627 89359 86487 10176 86577 76618 313 59459 27818 63940 91331 35354 61502 82722 30507 28080 92884 31791 51502 22063 35741 98673 29924 13268 95348 88163 24856 6558 79431 97239 48757 75727 41133 29789 89880 62774 11538 29534 81857 59729 23019 6087 33231 38873 71431 17905 30829 64762 80989 64557 54506 20464 39354 43891 51952 9794 68876 45436 22929 48910 19079 9542 29244 66551 66656 465 80856 95242 41446 28745 69608 26393 76521 78890 92786 35681 66871 38051 63004 51516 67135 92221 87042 48116 78139 62957 20544 86678 43665 37958 4538 17534 82267 56252 59766 25872 82817 39129 57265 42782 74118 81271 79740
75921 82375 26136 18858 7000 94429 89496 40605 26167 89530 23427 54115 2353 34566 85800 69986 15402 86354 33344 30665 14241 52868 15446 76025 17514 17518 25306 54611 26723 74498 73854 22556 77445 28725 35365 4388 11196 58500 63371 35857 17306 23558 16025 34390 30092 46738 43191 18892 18627 88211 85298 88183 10498 61498 7236 6032 64154 3999 21335 87181 44966 79134 90887 10057 56519 35423 69259 88185 94970 47502 13526 7699 64835 63708 68460 66577 27109 6306 759 16064 67523 99773 85273 48469 73526 50778 30340 61091 94512 23266 4386 65852 83071 2328 15129 71226 40273 53335 89185 54148 30298 88258 13352 8641 44055 95077 84148 21428 63716 98476 25902 26490 71496 42884 37541 65736 47657 43758 60563 58857 76887 33224 68366 88013 72519 75225 87289 3375
82024 62999 53537 35818 2424 22705 86789 5693 25954 84973 44714 43484 48944 97372 93144 68232 24599 95553 54689 62497 23326 56228 89476 45654 36042 16278 31668 57899 2383 11420 29772 26935 42457 5640 45972 27788 49702 73153 65859 41240 85291 3068 15062 19280 64969 10758 1140 5859 36359 86829 81445 77036 32493 16780 51041 39673 28370 83174 69027 41672 19585 38111 39184 2533 87443 17850 78351 35716 36897 30629 17938 53775 78236 84392 54192 43732 87480 58184 26202 31261 27709 76393 41861 8889 44169 99247 52211 32983 75988 58081 3541 72226 36489 17028 98824 77917 93998 21564 26846 41653 45301 2584 93539 69732 74493 5743 29014 44019 59613 34755 30613 67226 19814 97217 40750 62832 67038 16998 50027 54160 82007 75644 43017 80321 40322 58450 36628 12685
68804 36468 44476 54717 42075 51827 87678 94247 65031 47532 597 53526 84040 95843 55677 65446 92308 54566 75913 31716 53483 84036 85543 34635 32928 45338 63784 60695 90480 37572 18721 72542 26052 13876 18531 89250 96514 14617 58559 12540 26297 65604 50008 9720 1857 65641 29918 72730 94634 92639 33031 57355 96813 59108 71464 8694 71162 85934 1451 94681 91824 82281 63986 91433 29033 84647 90591 44631 80066 4527 82066 70033 43676 92990 62884 98069 75794 78828 62210 94992 12747 80846 87689 55773 66816 69031 92425 33103 54540 63733 22740 69319 36100 39589 2206 58517 37584 98091 78400 4402 29181 73370 6656 71568 12725 95597 3903 86489 41260 79650 49250 22179 36638 93639 20547 96209 74665 48411 52770 90094 72797 73745 81555 49457 72176 116 35795 56819
19185 61783 31977 34847 59098 50579 13190 86048 94442 76364 44757 6940 6499 61473 14412 17469 95610 28295 14124 41860 44775 62782 60844 19020 17560 12624 8285 69623 11167 75389 17824 55166 49631 49380 97456 25017 68684 35585 77145 31331 16749 55883 93215 45160 64290 19830 25605 85568 72898 22612 26452 10764 78821 39815 47522 32679 45589 26482 2481 1143 50485 13431 52216 64194 22313 70204 54381 16120 30116 56357 68640 46804 24887 63662 27040 30785 67526 10011 4509 52012 2881 75663 55584 90459 50094 44206 9828 43016 86365 55301 69875 28339 19778 31920 73491 29399 67464 75336 25801 42898 67308 75836 66293 2317 3281 63231 23857 89328 51472 11043 25995 53528 79003 42808 36978 61881 29187 86120 23217 22082 74043 54164 87647 4506 78272 19123 46117 84596
91984 7481 3249 20224 99580 9919 64141 42677 45308 52908 54750 98472 25137 67150 59278 88079 38133 84097 1197 52591 99161 52307 11384 72141 43962 17248 67375 31647 30331 73086 74927 45218 72265 54872 62220 43713 98214 2272 72180 80246 16796 36379 53134 22988 84971 10133 18514 12067 3977 16040 58679 42907 24651 58470 96153 10845 90190 8345 63366 47355 60768 82349 17898 38903 31301 57415 10781 44198 95009 70001 62527 46445 334 20588 36128 93429 12762 57391 49763 10240 9465 76183 36903 82218 32684 27619 68931 67928 707 48080 111 300 70268 15081 68968 69436 86546 10379 73990 52257 23545 99743 8432 42352 96739 25583 58051 47957 81729 45894 97114 75617 20064 42325 26133 72254 62121 57044 61458 99303 25465 68013 31957 63650 87530 52567 29095 34271
42215 6573 18144 25007 99606 19145 81512 12812 3640 94507 55188 48982 28873 45274 98445 13884 40882 19751 85411 41204 68433 9258 27190 51340 84889 44178 98287 22725 30828 95687 70475 79760 77700 71278 58381 46818 66390 78888 98031 66282 274 77127 94331 42781 31572 35657 43453 52199 80429 79777 72399 42257 86633 14635 56897 32166 14269 97327 50685 2168 70061 92332 56497 75875 62967 15955 52394 34304 651 8767 50488 3618 18116 28600 31374 66486 24631 82226 69233 62675 2030 60450 91244 66652 43836 20721 91832 1990 4397 97980 63038 69219 14386 85816 96424 74908 18650 89957 22269 11821 62739 24314 77218 20609 7049 70749 65391 36729 601 70307 63453 70337 94266 19252 5897 576 47958 40510 74022 12192 44199 66670 41354 65823 70121 76953 80128 4285
24821 9129 83242 96994 43451 15719 12270 19695 44994 43100 90406 51159 51833 17821 69663 75643 29364 1029 6229 55991 42713 10829 9632 69535 34881 41578 60849 37200 96500 49798 89153 93620 29184 70918 76844 45606 45652 53907 27523 64156 95873 15011 4974 70902 72462 78904 24077 29377 35016 3733 9474 79489 37160 60063 79461 23544 61347 30202 24460 29625 65356 51908 13281 16272 36055 3460 99713 76296 23096 19464 95359 51154 55250 67417 22607 55653 53798 3598 8048 90541 53589 46842 33049 18121 83273 77007 63072 23994 94384 77791 42469 55730 72552 96152 93536 87682 20684 14886 18953 90445 87410 96162 82133 53738 20737 83025 11410 60703 55807 85241 29210 73306 53751 75217 50435 51580 2153 65268 94053 20101 60405 40212 40703 72222 63581 86998 52050 84059
39255 44983 9870 38218 14944 74710 9604 94786 41247 5654 57255 79974 78771 38894 1768 82492 55221 73147 83797 25945 1881 64235 97647 34650 37681 26938 32838 11710 88066 89111 69471 12995 32278 12728 50784 51007 84175 85777 26641 90005 79963 67934 77262 63293 65795 60390 40669 51488 75303 62357 8158 61372 33348 765 4280 16912 52461 44859 20324 84978 69676 57172 65993 9151 8310 7263 58238 17341 11145 90060 19255 75131 42999 75655 21806 12404 74688 45786 60566 7071 19748 66744 98782 73188 26352 29584 61320 93122 55880 56044 17936 4879 2237 62107 39365 79039 35020 45741 67107 56911 79284 15823 19814 35962 90345 5249 85622 42519 36570 50372 91083 58365 24886 97020 41302 94952 37039 99610 32665 5857 11627 54304 70680 13986 2382 56112 77899 77746
1992 56895 55616 88296 11070 60359 54874 90870 27571 28783 37170 52409 73027 40383 1544 96277 82535 7177 90655 38062 28004 60883 4123 54459 87655 20582 65473 88058 35678 68708 9660 47236 35356 65152 70754 17714 1036 56066 882 60112 7762 34760 45998 75153 53949 1024 3865 41595 22147 94020 50750 80189 42207 78274 24941 38262 21981 71960 60074 61082 40321 62110 20130 95537 38511 72197 32967 49873 681 54899 47852 45103 30424 4229 13857 37926 2685 11429 75410 27788 55796 62626 81422 12756 3520 22025 22391 86893 28352 90028 9767 92840 10615 76849 580 85060 36190 18562 88751 69602 47436 93958 70148 39966 27575 43595 70023 74320 76161 65875 66037 4626 87684 51694 36543 81518 92126 44647 48919 5800 76307 43241 15588 11907 99521 93275 18573 12573
37877 75028 70082 71753 34361 44065 31674 60091 16632 9415 96049 99403 78890 61186 34558 3499 934 12653 72491 49296 56519 68929 14989 44808 58643 79384 19279 3082 81060 84230 10204 14200 20030 21784 14618 24510 11857 45949 32197 5342 17877 40426 31216 28151 34825 78890 9141 63159 46251 51462 56785 460 5321 51868 77091 2997 60515 96579 8247 12713 51628 70321 26029 42210 31208 28962 5231 78761 76842 95951 98350 74698 41261 29987 67953 33455 57726 48096 64616 36948 56217 34669 31943 75331 68931 63732 76953 32957 2746 36208 23590 32682 7348 84025 50330 979 9758 72287 83012 3933 9470 68070 49007 56764 27783 38501 42405 96938 73023 96167 96004 4906 71855 87825 67857 39074 4816 61217 12290 39435 13966 23487 58558 7125 77293 16696 2229 8797
65954 51184 13170 90431 36975 37531 89402 31997 43940 14386 44859 22977 29673 25460 96036 70530 15756 37302 92461 74733 91687 60578 94344 74502 59449 60410 82964 24502 40643 74456 8421 58353 22823 60199 9834 65998 16209 61271 76887 43958 19020 54833 14236 21745 7493 19524 76381 64409 24059 88573 68408 80080 14942 90137 44332 21419 75750 54113 57988 5600 10802 45695 21668 65642 86365 9668 96055 33490 29731 76179 86764 26394 30941 97261 6859 59313 94362 18926 67043 51927 59037 12814 62678 26260 72244 41452 96600 37457 40068 55793 36711 23109 65575 79818 27740 31956 22282 66950 83800 94158 21186 82712 26844 7307 49840 57997 1183 50944 35999 61566 36321 74672 75168 3057 13880 20994 67941 30565 96628 58962 76688 38265 53877 37899 72757 74926 84298 55318
8093 35876 91478 78957 66926 58465 82950 79694 83100 46794 90890 1875 86695 48624 93082 27024 32815 52962 55671 46923 17440 94210 80819 18918 44090 28628 33389 83857 96307 97155 83083 64941 6681 57002 61744 61228 26637 32874 26668 53633 85347 63008 230 22383 15776 37463 32242 4403 69397 18799 47539 6666 95952 51396 57688 53362 64677 77118 55663 49702 62637 76479 8242 34466 69382 25621 66342 89221 63288 60938 34938 82466 86083 55406 38758 16186 61577 35620 27850 13645 22636 51075 23681 3041 1292 5485 5461 52785 43645 56546 73506 45209 94158 66769 29557 26682 22922 13129 842 35864 66087 1703 87277 65739 95132 93159 20253 81341 94148 34059 25256 13805 37538 21266 79646 6131 2820 10789 89687 55190 16466 56599 92097 23424 50997 46142 81744 75327
61039 68733 71364 89741 29179 22947 1640 32382 94777 54171 56973 86861 71716 90281 6664 88421 56984 18220 6868 9097 51221 75197 59333 93511 60277 11314 45508 21269 79448 74696 18377 44150 58314 49119 51236 20065 11360 44253 76960 32316 31765 81018 8256 74711 53612 21292 58632 82384 76365 25616 7509 26290 46511 81706 25948 73445 95971 69526 33219 44671 18132 84459 1554 47913 3195 22596 66827 20161 1819 55519 50541 84376 79860 27027 40282 88030 80214 3218 65718 12469 15805 37397 68150 50853 26848 98952 13366 74220 4700 29540 85254 60417 6840 53749 10541 24322 52714 99917 20522 92727 61262 24371 18067 59218 40047 36573 96769 70476 20536 81943 12924 86824 21384 41508 79973 49920 68642 21124 29214 89136 28221 71480 87314 18974 32390 7146 94502 44524
12825 58645 28584 38216 80152 5236 5753 75451 54108 5151 92289 29434 1749 67806 19337 74622 18826 5141 54292 71538 93822 50648 44227 20050 96291 23810 61921 83793 51575 93487 31500 2444 57109 5441 56846 88411 41729 51819 513 88489 821 70672 96930 63568 38847 68895 37197 83286 86551 38224 80636 70755 71500 17434 96725 61361 73437 33275 58543 17982 23653 52799 47352 67049 7988 17801 38895 45346 24232 25339 68686 1737 4023 69084 56945 1896 40389 70586 12568 77123 51753 98635 86728 6058 36553 47034 37960 47304 52791 85171 5116 80047 11630 97227 38208 42790 11735 12852 39621 32067 60042 11482 28038 40174 10535 42314 32706 99615 51337 39753 52673 66421 66221 62963 30965 98978 90997 54611 89331 49360 59810 59818 11877 24853 95989 73740 3553 29965
41952 53101 850 18926 1874 77621 85781 47859 64230 30960 39022 52751 85913 26014 48808 93793 27539 44140 85874 85566 98440 36518 64858 49948 61536 53648 7809 25516 50199 60697 90057 71 57779 99409 75768 59038 94638 18333 69837 28444 43638 17081 63838 24530 5352 85405 21886 16532 66692 93303 99391 21789 31170 32158 65176 84494 87892 83325 40052 69834 48019 37393 50342 42765 97774 28061 72243 43745 58809 97501 64261 87508 9983 10252 61301 27053 55092 768 9259 68226 46323 98129 46625 45147 12283 72597 64376 57615 40233 75614 29483 76442 24043 23948 61948 48815 13626 77601 17746 63551 70548 1872 79261 65258 81293 47042 82597 91282 6402 68840 48187 58928 81269 96584 82645 22239 39393 98098 23473 59381 65778 56959 86185 43308 39131 80388 62325 51398
61250 7025 94687 15873 32833 44602 33415 71581 44461 19038 45804 73075 89442 96412 77340 45431 86629 4411 35339 76134 36810 31708 66035 11624 3758 19624 98927 3194 60798 57420 41337 91388 67753 9412 46507 70543 41352 5622 79358 65908 88576 46328 32324 30498 87006 6739 67321 86547 52675 44200 52067 44039 56392 62097 23890 23760 8802 38863 48497 40067 12991 52001 5338 11274 10240 40522 49883 44606 55373 13848 55934 56841 77623 56305 25666 21150 3256 10150 58235 16912 1158 8002 81716 74173 76934 98862 63041 5442 4176 63637 79892 31538 49166 11562 76202 77552 24570 90012 33146 56973 21505 31021 52161 46087 30185 56058 89282 59838 86720 49354 23063 4731 53870 53512 13940 31488 25825 1381 58397 71130 57411 98138 56274 2305 28563 7992 40345 10660
40820 30167 50380 37424 92417 9654 42379 26671 12890 50348 20765 76882 6721 52692 89568 54549 66554 17295 53964 35052 75698 53630 98704 28029 26307 67115 93390 94619 4744 35738 82326 40195 48689 43341 40415 50564 65723 60257 40150 43790 69073 42135 38351 71625 82849 9729 91947 2050 66595 60961 7937 25117 13438 17870 28777 72843 75052 5464 96344 13510 91412 46236 36608 35178 69289 47760 33715 31673 44136 74495 2436 34034 51979 27859 45129 20120 4298 27212 98368 2209 9683 75701 54445 66220 93083 94535 36647 372 76239 92075 88665 85693 24378 28184 82 74724 12099 71546 58976 31943 95093 65524 31007 75455 72759 92551 8043 84296 27276 41235 50152 80502 50784 28556 86964 81603 2389 94799 36834 12451 33213 58267 9915 27174 88768 22446 70433 79629
13875 53287 66196 27063 3413 82912 39521 33423 85896 43745 97622 73808 68491 96163 38969 25198 18464 80691 67587 73631 53020 88184 44827 20403 27913 24256 70460 26216 81377 69280 91969 96217 91225 87845 168 6900 29187 51283 13567 83425 8833 68967 44458 42640 9853 52738 27332 82627 86940 97019 62101 52511 74813 79705 27651 29582 35944 50705 57611 29877 33064 41052 64739 51175 22532 68306 76601 25551 86530 84621 17350 29413 39009 28428 93098 75374 73573 87605 83702 46147 85107 98196 83706 64735 57727 79970 14509 90152 14747 39498 90650 64516 58581 33904 24389 76624 19016 7872 81779 40364 52496 54491 24194 20992 46918 81943 571 9507 61934 361 11842 14725 5198 7871 63669 19706 29263 64118 1329 36113 25608 12473 87725 29913 67364 91776 88382 60550
26707 44605 67748 31038 48330 28316 4948 78805 70725 82146 98569 78645 81491 36400 71057 82634 97393 57080 8326 12435 74385 92766 2271 6554 51622 55656 83084 61128 15916 85180 87707 18936 10591 97724 96056 37773 4718 91978 96477 23664 44730 91136 82888 80308 73098 57718 31378 1977 49306 12690 16864 11034 14279 51251 27611 84546 96832 47820 85174 65065 57623 6718 34626 8275 35904 49217 74210 7147 8717 40916 60836 96656 72344 8942 83764 28250 60294 84802 42519 2234 61822 71649 87258 80949 57243 10761 29095 82792 78578 62879 10492 64477 79615 79991 32098 55135 91624 48879 78889 55525 3196 52772 9721 44489 95967 64202 70128 15568 10315 39109 71779 22467 79591 35947 30459 56966 46875 43331 45799 91500 98878 74211 7121 61279 30207 41536 35183 42134
41086 35931 28809 74009 15765 76937 84794 30204 36381 4123 56108 39064 17960 25064 19215 31790 22971 3700 90096 10322 70382 80724 51664 3343 52090 50873 37833 90778 11119 26100 17815 35844 74178 74836 19606 8545 45430 31457 6780 60234 37275 19358 29956 8838 43027 47543 86859 75410 50590 81005 84861 81682 78762 75841 70858 97016 8094 52982 24278 44128 30919 68120 97080 39632 15434 80378 59029 86722 9795 92675 85892 45722 69214 79531 28678 52594 46040 60194 20297 41527 92905 86631 71292 34809 59182 12625 67646 4838 55080 64510 13880 12082 46129 49917 92409 95990 16288 3615 35748 5923 19247 82449 13821 14613 5873 33402 55715 44141 34280 35193 63581 86044 52328 480 66289 84364 22226 88385 88135 59287 81095 15811 34642 3101 81582 24576 56103 1180
46368 57320 82381 69128 15696 63231 46590 10409 26004 5918 89467 38692 45208 42034 21919 49800 61093 58267 98942 48023 62909 70775 61073 4326 51139 28213 59691 72281 54188 85125 8959 36692 29203 99688 46760 44848 7439 37827 37410 34340 33313 53727 39882 5690 75599 63695 30583 29923 2597 67096 40081 24582 35984 88842 50381 81628 55340 44 27348 68945 74057 84729 38076 99636 20124 52998 27011 54086 76814 97944 5976 39920 66145 54949 57612 76817 25803 7377 14387 19956 45028 6788 51673 37716 46625 95440 35388 71169 23582 29214 76786 37293 19160 87205 96415 73538 5455 47714 88497 93396 42432 51486 29460 56744 63722 58909 23026 48973 18855 57815 236 34584 8570 13272 91851 72089 13357 39401 64679 65756 5016 15520 80899 41780 68453 99968 63097 22015
98303 16140 3765 90061 11569 5450 56345 19386 95608 72157 87616 57677 1944 66998 33286 34477 49473 50195 37467 4871 15812 61124 50610 62947 47505 31161 1998 74516 85431 43378 99589 86283 79515 54796 39857 47145 36959 46725 52420 61018 15642 97697 83435 24799 22751 69479 12970 33736 72971 76305 10054 27760 77008 42041 69844 77485 17476 75315 51893 16316 19759 16961 82198 79410 38851 63205 52965 1613 62571 70528 76995 69735 93653 80235 89407 57851 16847 17889 71489 14585 87067 25009 15573 3993 23677 97602 23016 59866 8842 79867 77805 57412 59947 26842 88450 99232 63310 63834 52520 48716 9809 81523 59154 66758 9920 69063 86814 67950 54618 96309 64479 39425 50733 80351 60522 11265 83023 56906 78635 46131 18901 38231 68057 87024 31422 75356 97444 8739
60149 66554 49772 66426 18163 60703 25086 6036 79474 20820 87904 88332 32785 72460 45419 82553 47008 53521 28001 30445 79696 47765 52985 44659 6530 86987 66935 37803 22489 11543 73501 98164 85333 899 75132 22296 96600 3448 31884 72480 61129 54644 70415 76000 10805 28562 51133 63596 57087 28240 49294 36822 97315 49029 83097 83979 77821 91111 46554 87681 24388 6861 42791 24159 41383 38275 71750 38818 30404 61737 7999 29116 9727 70897 48109 97200 90932 91402 55719 63931 65373 66861 33589 3314 34919 58910 33144 55364 79667 35358 69398 64445 23765 90806 58270 64557 37562 45144 78356 70222 60326 52738 81257 56402 39622 4577 18601 63984 34914 91907 36840 5582 35049 43729 98846 90789 21866 52985 88377 46690 51872 56653 65902 36429 94686 41741 44970 9682
3639 2098 23850 17359 47181 17024 68514 34671 81291 77484 5337 58340 23798 58075 3310 41417 93661 22956 61940 30029 15247 78398 73729 31812 59085 23066 68339 78083 20040 45628 64786 20297 17491 49684 49743 54750 30069 71304 24886 22009 7271 75331 59350 25549 7422 96983 72848 74492 96363 9311 81592 80081 93511 66867 39170 54935 27080 93706 74646 54467 2988 65725 41500 57688 4969 28910 62261 85374 64176 93686 89684 80139 7288 31042 67209 20150 90025 16714 77428 13846 81708 12935 17912 86880 25982 24884 69253 5653 73467 79404 73020 69494 7164 21984 20040 52141 67074 35487 82287 60862 10217 10882 10491 99684 85468 67924 29550 26170 28269 83109 52025 22418 14365 70885 12264 59204 61633 15053 21589 44678 64122 89551 49610 89490 18693 12080 11759 18723
475 12652 7124 46981 87108 22012 92494 81499 41803 89947 72503 40115 15705 65124 57234 80674 33191 56668 20426 39252 76815 24315 22616 56333 94203 3994 3957 93146 96622 74713 27571 14310 73137 11738 85617 51566 80618 94883 99966 90125 50029 22881 38038 3009 61779 35966 21077 98212 23662 38006 57119 2138 72081 86287 73604 40150 7901 15562 37895 60293 40572 19568 93617 53499 331 38918 98973 49078 95762 83743 8339 49879 27122 3600 91065 63132 14632 32753 84943 28346 42437 83836 11014 55890 68002 74507 35406 5585 1172 86807 95022 54275 38960 67765 98817 63898 28224 54507 61874 98800 4251 76660 76265 70213 91302 20657 58243 5769 71101 69286 54288 8047 34562 53345 78222 72638 33630 88279 45514 88353 744 82190 87989 96356 93483 78655 87784 47622
2219 46891 80943 66201 26969 74518 39230 95306 25165 99172 59293 61041 14103 66655 46722 67670 47969 20151 2056 20582 36934 79185 81551 22258 52335 39862 2998 96805 65431 84124 40394 16848 54027 42093 65651 44340 32575 75998 89085 46176 67311 35617 83797 6495 34052 88098 82177 89250 7079 65844 83900 99250 14305 76668 41284 14643 63024 64893 12770 51242 1083 65768 63027 63263 25895 83341 36803 14260 35483 44957 20576 35809 20304 64612 85664 75163 42223 26100 10501 78144 52258 77447 31761 86250 63304 64965 39124 81932 7774 21975 47258 72351 4021 76518 35377 92512 73803 80819 75144 93262 3814 26008 1316 55577 67408 28787 45515 66011 18570 52890 22080 96923 72649 2987 10659 31209 43957 10767 58177 14823 11316 44326 52319 44242 46419 79776 11489 73987
96655 33442 27532 25627 46864 45467 93740 10091 11840 64120 87033 97187 70293 52194 59234 96349 24055 62050 41142 25846 56852 77243 40966 36924 28167 76842 9296 51359 87455 81306 75173 83666 9581 22107 38142 11315 37769 75989 27238 19296 42736 63966 44440 80070 5248 98275 36404 86489 26229 52805 48665 5390 84474 88304 7108 70919 8811 9786 58970 4973 95822 19710 85863 74120 32941 60954 51888 89067 88904 369 4165 31753 99526 97147 84269 70781 80636 4785 15192 78441 66299 47874 62479 90175 34538 94166 86143 19260 59565 10342 8537 84868 40221 75581 91739 13573 57804 2349 1715 23005 53626 92883 98475 26875 41823 82996 89426 7758 16680 59248 14639 30397 45074 13009 32098 38474 12577 64459 56832 46625 75501 44701 4137 52479 37263 69460 35820 81535
6520 77452 77626 77304 7669 75174 8256 7547 25873 78070 32793 89797 92267 39519 80621 67373 76255 69518 29665 59387 7612 77935 10217 26366 5891 8376 13603 81881 28918 14648 30509 76478 76195 73672 29100 36716 58493 391 3328 63133 8082 92432 4419 67607 37115 99100 17180 59604 56529 85812 52120 42489 39548 17305 604 4028 54918 34922 21367 29384 14264 78300 47626 42707 39862 33337 20722 28508 36172 8874 6071 63287 77920 11673 68724 76822 45408 42083 53286 99778 67874 99278 29265 87399 19869 40227 83222 76947 13622 59731 14090 25469 70684 66723 29276 39753 32109 80313 16989 97660 92761 72838 32323 36588 48262 65915 41900 55202 51918 25737 41652 9466 53371 30488 26095 3316 60612 11668 91078 31992 47185 32503 40147 19828 87642 19114 44239 26030
75110 90233 15699 97605 89751 69770 6911 33916 505 70517 99090 49267 16287 15589 31391 88815 75228 56712 21779 63245 38253 79648 91587 87200 22552 56670 74377 80388 45628 79241 27661 39888 86001 28963 17135 19223 14603 59073 89719 15463 56282 11319 8782 11438 6047 42176 36322 37732 68688 96152 46342 50853 42563 63380 99887 24985 63573 82700 42396 21616 56790 73308 36761 66293 73335 42384 66376 4027 87818 63727 12345 73867 42538 34219 62840 64892 62039 94516 53201 20711 79037 2526 41125 11724 80565 66029 26466 52446 12789 28156 97999 44333 92749 93622 58297 86024 49963 54041 7970 33223 43634 47260 59152 16276 93219 2889 55200 49627 91152 65740 16775 41923 30743 82962 63166 30156 63574 64710 55208 94879 41257 49754 86469 60275 11978 94526 766 6840
27382 55639 20246 61790 94443 38961 12689 46235 56782 28346 24506 27534 39443 87350 30595 23240 55202 264 81695 87554 16720 86120 15599 52804 92304 32014 49321 36123 97894 78064 85560 37818 87512 25717 44852 7505 62821 46749 27591 85766 25082 42916 9169 5808 19748 64323 73081 21392 2013 70926 79214 46196 86988 94004 2985 98897 29798 82681 41853 20250 10948 69259 19129 46009 73567 10088 33025 74130 63001 35748 25238 90694 74492 10453 57648 65680 70229 35571 24926 15597 51039 43983 61263 25970 80902 79865 29528 76488 36604 53632 43306 89458 11409 44371 50165 55672 87921 23158 96366 42631 24544 61856 40599 2389 18478 48638 32840 5815 61595 68814 82768 70296 18094 86790 5235 14505 65201 15021 11062 20495 76610 50870 7707 28982 28239 43498 57882 58793
48885 85212 18788 87109 55851 25112 38778 5648 410 40847 29635 28840 20432 8685 1459 53856 28256 84608 45003 69847 12426 38572 91037 5248 46842 64471 67593 59873 58787 57519 19439 56077 71989 54036 21143 52671 86504 771 79096 41429 70519 40791 41150 96503 6996 99708 84538 35038 46304 63289 55094 44578 86431 66576 88556 17628 2814 2013 44020 81989 69372 82211 46749 70751 24269 64076 16448 77717 80202 1083 46775 84023 42232 9971 86528 62761 91753 42588 45826 59365 69253 20658 22630 67532 58999 36125 37361 59234 34392 22315 24125 13624 19351 87192 46374 60162 26048 76513 83958 35756 14413 35323 86778 6166 2388 87652 85194 99539 55850 8652 10179 59200 16367 18317 54007 48834 16582 88179 54059 26131 3302 23668 3453 71077 46116 1592 64701 61483
35840 77187 41328 8023 46666 98034 30358 70049 87245 18310 23166 71544 35114 83980 89897 69857 97346 91509 24210 62546 79464 15883 53976 69790 4365 95177 70035 23628 14307 64347 57213 91716 73002 32870 69226 60768 36539 78343 20239 10446 98340 56539 8626 53331 10787 33490 80098 32397 79578 33776 36019 39136 61075 73562 9285 74919 6457 53066 23935 63268 4508 42684 32012 94152 80935 9823 74972 14484 29953 55440 31010 5927 32272 95054 78851 47995 59989 24409 95547 12057 64929 44030 20293 76495 7863 62409 48772 77623 19818 87966 12448 18715 26643 48905 70407 52721 80111 6477 79106 86893 45756 32323 3828 3657 93023 34475 1997 42932 1377 34125 27379 94996 22518 67985 3470 62910 18286 30841 18462 51524 49794 1704 44612 74514 77167 81661 49786 75335
8107 8639 11300 89275 20534 28082 75337 82165 26522 84653 77438 17103 67130 79495 27308 58455 51916 77363 29446 42464 92835 98230 22236 93080 92786 427 48132 83785 48671 94625 99519 80230 16333 32873 80122 74088 30331 78346 87187 64293 62531 89802 40883 69184 41309 63168 52548 66718 69871 4414 77333 71315 90798 17020 72065 9442 3524 12793 92544 13041 65832 56538 38985 29116 8147 70390 92807 37931 56931 75818 31257 23148 2891 36540 8327 5106 62190 70898 29862 43791 4471 56695 19981 61033 20081 38599 21731 77280 64614 58855 20747 6932 39295 37120 96352 92535 67698 82542 33710 41466 31347 31641 37425 74510 35802 98576 46332 40345 88759 9537 27672 47861 51461 15451 7318 83969 58407 52433 17418 50223 68845 38042 76625 63332 33035 73364 97569 9087
4891 42795 73846 29971 1332 46317 21728 58089 46088 59075 9054 79820 89644 10535 5735 93460 68352 48137 46758 3962 86825 89483 99248 39191 68922 18245 48365 57983 31612 13773 10533 36137 55226 11792 96074 67572 77171 80332 85021 51000 91819 17855 31594 17228 37553 32114 67353 58447 38745 59313 62423 33368 64385 64039 74728 54143 95141 58844 38331 421 95468 1247 16451 99083 66058 33027 75081 161 16171 77376 42769 22461 91902 21705 9735 78528 61347 20181 98055 90019 13714 94842 75015 4687 4977 77175 71733 64668 57328 48869 52129 21377 10345 68027 8824 15303 26892 25127 2810 76606 41682 98426 95404 96525 52944 32045 73739 66214 17298 77955 69539 41535 19631 82236 19845 94561 41100 40952 620 32749 87520 50180 98342 45176 33078 90109 17469 11457
91573 40485 3976 10133 94520 72010 88551 7905 38368 62980 14397 96399 26541 72807 69129 10637 89442 76559 6650 1945 41543 70738 84766 97580 4382 97438 65660 32174 14517 65403 37706 48065 15499 7569 55667 52862 72733 6282 34528 39105 44331 48379 63234 15747 18373 69302 67660 29987 32805 36077 31832 92035 26116 76655 69416 13151 37123 4631 4308 32332 64863 86370 63422 15274 56806 62790 86689 82981 77999 39984 49012 58852 65211 76698 79666 97797 27514 19775 75915 20352 78885 55564 2493 13803 30704 25089 81932 43154 38122 67690 98092 52186 95360 76727 24048 73559 21912 68625 57918 22155 85450 98774 93129 89977 64651 65074 31398 17918 61666 20450 35483 23394 98327 21383 22658 76361 63991 14075 77801 41921 31743 13164 87736 72480 50603 259 45066 78639
98144 9148 25735 85704 66930 25014 42267 88257 27401 8375 33460 56486 18356 83231 78993 59207 45445 60975 30352 66521 82699 45598 57246 55062 59449 65164 41524 6676 66561 98251 99760 51595 11081 65192 77739 47572 55387 71273 9045 74641 77586 86526 47611 43542 27549 6467 76430 94747 7228 17506 26639 70905 79745 62404 55776 93013 26780 88946 52242 76432 41894 1305 73394 30798 70756 56359 82893 37837 99058 42380 7127 9209 2840 10425 20776 93318 50229 84665 25140 14572 12272 29589 9867 88072 26063 34000 77810 4091 43292 35726 68403 65770 86820 23608 14780 84206 17810 72778 66558 90435 98482 46733 33057 49101 21668 32590 25652 47624 70439 97881 73737 55719 18166 15096 31909 39592 64142 81756 17768 27251 74401 89749 59554 70926 79781 40179 80936 64991
33707 41596 11175 89615 50986 89322 34069 4562 12655 89308 81943 11304 6629 34474 80512 34764 64063 47608 84802 8566 5060 73082 89311 28953 31507 1719 31470 56212 53762 24938 55259 3654 39259 57409 72060 46384 84885 67363 32010 99109 13511 69862 56972 72571 75056 24345 58608 92013 96365 24592 52743 60214 88524 45397 24790 87078 5890 19975 9389 72761 19855 20033 29742 46354 38503 61534 66164 96239 73271 68009 14976 50468 81287 91567 24899 74440 31152 72831 33316 79274 91433 23758 87060 76709 29387 49529 60422 60950 95380 22652 96790 50627 68147 34778 65105 51624 77091 38498 4880 50232 74868 49986 57616 57134 5883 3202 169 77749 22291 64160 98287 69450 98178 50300 22512 72075 31317 81109 742 53934 64514 95636 94890 69218 20684 65895 32966 10348
1107 45130 41520 66958 65101 98190 24654 66808 14458 60183 83170 53722 88416 64633 53341 89031 37174 35890 77621 74754 98509 37609 74907 83885 83505 1341 57162 84100 30584 44711 37296 13238 93368 15538 50573 73729 92431 15370 55924 47772 38484 34052 93717 11589 46849 87310 44069 83110 59257 94680 5677 77159 90347 9475 76210 32968 6887 19484 11018 86175 22793 21406 90681 6445 14694 97950 59737 87461 91713 621 24443 79065 86091 39102 26775 44037 69545 10763 54582 89206 44063 62127 13352 15828 96836 18769 39672 17423 9905 21545 50352 93509 74293 37696 5984 80688 39018 41290 99737 6910 66760 85099 12772 33740 42760 7880 77086 77447 23699 76801 97307 8813 12254 35573 86089 13171 28390 85400 88920 36287 68640 64623 90462 89801 40305 39423 98055 20554
73134 38361 15506 75083 5520 91398 83295 81771 23177 14256 71558 23378 89785 19042 29555 65967 59562 97086 71083 20593 70841 16132 34712 97191 69774 23160 77483 77642 58440 17732 90179 76879 15499 18300 59538 93282 98126 88021 40297 30090 91970 42395 95683 37738 73640 24763 26315 70985 12001 57617 65502 31377 10025 83313 6813 34648 43275 50877 4977 30348 43781 71282 87452 20164 31809 79828 31207 91679 41199 62129 676 31666 16146 71041 28431 63753 90532 98204 15909 91790 62387 45396 49163 55889 5377 62639 78208 16806 98845 59929 17037 34969 5777 74707 45793 83968 18925 59068 7685 61374 63988 90512 30907 84509 88979 70846 4859 87634 59845 18825 44329 2810 31841 14669 7897 55884 17931 16892 85556 27750 44345 46779 28652 27579 97497 76290 1777 35089
37457 94012 44181 49396 26278 90017 1327 37408 44240 76176 44081 17909 16671 70378 61664 10341 48956 55258 54890 70051 40272 56384 472 14381 44478 27349 27259 50211 96392 48530 85993 23469 89404 77747 93049 38126 78217 91700 9630 69689 64155 5594 16551 1755 31126 68506 56446 11162 85461 88413 52698 5406 77469 41383 69727 31474 11699 24997 19339 96595 88045 41020 15280 56460 24510 29599 50275 48240 55853 97275 34981 50987 55458 11885 42954 2644 79356 18144 97922 41179 98440 12491 71432 76966 81448 56375 81306 9849 76819 94863 67392 9704 52333 89530 23792 31747 11145 38795 35817 41361 25033 29585 9743 86562 14988 99345 19116 3982 32873 17975 57318 88499 3707 94218 50584 14175 55326 24270 5698 54248 16251 69803 69382 89558 74464 2945 27442 6117
11831 43893 93897 98988 3261 96820 51126 89699 2211 60601 42022 72 26329 18551 55945 56144 59351 96128 54740 34182 62124 62826 37009 70095 47114 42580 57871 57903 60633 30609 65841 84992 35656 17859 9432 75091 18558 55565 62747 14092 49753 13447 17895 71175 75914 10762 27012 78288 66672 17393 506 28445 52759 81809 42251 44774 75822 11117 7128 72605 75840 62242 58892 75855 13179 42670 35584 13421 40637 56492 99454 24188 2033 15383 46414 29882 55459 79132 81441 8052 69841 58604 95331 93313 59848 45504 3392 41867 38403 70554 28551 37095 65470 90235 41921 80829 85005 49457 61944 20262 59131 47522 83891 13384 88513 74013 25464 6970 36606 67037 96635 42249 94904 95095 95281 1270 79009 65855 54964 825 535 19382 15488 53359 19144 58764 20540 20656
736140 424404 354689 1167611 940832 590842 238089 938857 460310 36555 203507 967222 748833 805083 331288 107064 713711 502794 422310 1022488 841558 31780 1221404 766043 161944 176821 180636 670677 1214964 929237 701761 955044 120675 212660 971471 731364 160666 1298774 200791 1040996 774375 1002884 293467 702461 897742 983228 132259 601150 158319 1383704 94531 975945 1195688 1264515 1036218 781737 943780 408641 80730 273368 616367 715416 470436 294730 160185 1070438 211204 1237952 96685 1388842 783383 1010568 484109 842473 1220466 605808 756511 1015830 1176962 1086262 535053 1196229 848018 968981 20293 603740 1079516 1064772 319169 258072 515699 193072 591314 362771 822292 995024 598752 198819 375066 27562 774492 1090171 347000 559408 1072586 1171376 897370 253454 1208900 643800 145259 293127 95251 586464 516006 202188 322579 525057 970568 1106382 673632 954637 366494 307716 367774 920715 29925 199635
