64
0 1 1 0 1 1 1 1 1 1 1 1 1 0 1 1 1 1 1 1 1 1 1 1 1 1 1 1 1 1 1 1 1 1 1 1 1 1 1 1 0 1 1 0 1 1 1 1 1 1 1 1 1 1 1 1 1 1 1 1 1 1 1 1
1 0 1 1 1 1 1 1 0 1 1 1 1 1 1 1 1 1 1 1 1 1 1 1 1 1 1 1 1 0 1 1 1 1 1 1 1 1 1 1 1 1 1 1 1 1 1 1 1 1 1 1 1 1 1 1 1 1 1 1 1 1 1 1
1 1 0 1 1 1 1 1 1 0 1 1 1 1 1 1 1 1 1 1 1 1 1 1 1 1 1 1 1 1 1 1 1 1 1 1 1 1 1 1 1 1 0 1 1 1 1 1 1 1 1 1 1 1 1 1 1 1 1 1 1 0 1 1
0 1 1 0 1 1 1 1 1 1 1 0 1 1 1 1 1 1 1 1 1 1 1 1 1 1 1 1 1 1 1 1 1 1 1 1 1 1 1 1 1 1 1 1 1 1 1 1 1 1 1 1 1 1 1 1 1 1 1 1 1 1 1 1
1 1 1 1 0 1 1 1 1 1 1 1 1 1 0 1 1 1 1 1 1 1 1 1 1 1 1 1 1 1 1 1 1 1 1 1 1 1 0 1 1 1 1 1 1 1 1 1 1 1 1 0 1 1 1 1 1 1 1 1 1 1 1 1
1 1 1 1 1 0 1 1 1 1 1 1 1 1 1 1 1 1 1 1 1 1 1 1 1 1 1 1 1 1 1 0 1 1 1 0 1 1 1 1 1 1 1 1 1 1 1 1 1 1 1 1 1 1 1 1 1 0 0 1 1 1 1 1
1 1 1 1 1 1 0 1 1 1 1 1 1 0 1 1 1 1 0 1 1 1 1 1 1 1 1 1 1 1 1 1 1 1 1 1 1 1 1 1 1 1 1 1 1 1 0 1 0 1 1 1 1 1 1 1 1 1 0 1 0 1 1 1
1 1 1 1 1 1 1 0 1 1 1 1 1 1 1 1 1 1 1 1 1 1 0 1 1 1 1 1 1 1 1 1 0 0 1 1 1 1 1 1 1 0 1 1 1 1 1 1 1 1 1 1 1 1 1 1 1 1 1 1 1 1 1 1
1 0 1 1 1 1 1 1 0 1 1 1 1 1 1 1 1 1 1 1 1 1 1 1 1 1 1 1 1 1 1 1 1 0 1 1 1 1 1 1 0 1 1 1 1 1 1 1 1 1 1 1 0 1 1 1 1 1 1 1 1 1 1 1
1 1 0 1 1 1 1 1 1 0 1 1 1 1 1 1 1 1 1 1 1 1 1 1 1 1 0 1 1 1 1 1 1 1 1 1 1 1 1 1 0 1 1 1 0 1 1 1 1 0 1 1 1 1 1 1 1 1 1 1 1 1 1 1
1 1 1 1 1 1 1 1 1 1 0 1 1 1 1 1 1 1 1 1 1 1 0 1 1 1 1 1 1 1 1 1 1 1 1 0 1 1 1 1 1 1 1 1 1 1 1 1 1 1 0 1 1 1 1 1 1 1 1 1 1 1 1 1
1 1 1 0 1 1 1 1 1 1 1 0 1 1 1 1 1 1 1 1 1 1 1 1 1 1 1 1 1 1 1 1 1 1 1 1 1 1 1 1 1 1 1 1 1 1 1 1 1 1 1 1 1 1 1 1 1 1 1 1 1 1 1 1
1 1 1 1 1 1 1 1 1 1 1 1 0 1 1 1 1 1 1 1 1 1 1 1 1 1 1 1 1 1 1 1 0 1 1 1 1 1 1 1 0 1 1 1 1 1 1 1 1 1 1 1 1 1 1 1 1 1 1 1 0 1 1 1
0 1 1 1 1 1 0 1 1 1 1 1 1 0 1 1 1 1 1 1 1 1 1 1 1 0 1 1 1 1 1 1 1 1 1 1 1 1 1 1 1 1 1 1 1 1 1 1 1 1 1 1 1 1 1 1 1 1 1 1 1 1 1 1
1 1 1 1 0 1 1 1 1 1 1 1 1 1 0 1 1 1 1 1 1 1 0 1 1 1 1 1 1 1 1 1 1 1 1 1 1 1 1 1 1 1 1 1 1 1 1 1 1 1 1 1 1 1 1 1 1 1 1 1 1 1 1 1
1 1 1 1 1 1 1 1 1 1 1 1 1 1 1 0 1 1 1 1 1 1 1 1 1 1 1 1 1 1 1 1 1 1 1 1 1 0 1 1 1 1 0 1 1 1 1 1 1 1 1 1 1 1 1 1 1 1 1 1 1 0 1 1
1 1 1 1 1 1 1 1 1 1 1 1 1 1 1 1 0 1 1 1 1 1 1 1 1 1 1 1 1 1 1 1 1 1 1 1 1 1 1 1 1 1 1 1 1 1 0 1 1 1 1 0 1 1 1 1 1 1 1 1 1 1 1 1
1 1 1 1 1 1 1 1 1 1 1 1 1 1 1 1 1 0 1 1 1 1 1 1 1 0 1 1 1 1 1 1 1 1 1 1 1 1 1 1 1 1 1 1 1 1 1 1 1 1 1 1 1 1 1 1 1 1 0 1 1 1 1 1
1 1 1 1 1 1 0 1 1 1 1 1 1 1 1 1 1 1 0 1 1 1 1 1 1 1 1 1 1 1 1 1 0 1 1 1 1 1 1 1 1 1 1 1 1 1 1 1 1 1 1 1 1 1 1 1 1 1 1 1 1 1 1 1
1 1 1 1 1 1 1 1 1 1 1 1 1 1 1 1 1 1 1 0 1 1 1 1 0 1 0 1 1 1 1 1 1 1 1 1 1 1 1 1 1 1 1 1 1 1 1 1 1 1 1 1 1 1 1 1 1 1 1 1 1 1 1 1
1 1 1 1 1 1 1 1 1 1 1 1 1 1 1 1 1 1 1 1 0 1 1 1 1 1 1 1 1 1 1 1 1 1 1 1 1 1 1 1 1 1 1 1 1 1 1 1 1 1 1 1 1 1 1 1 1 1 1 1 0 1 1 1
1 1 1 1 1 1 1 1 1 1 1 1 1 1 1 1 1 1 1 1 1 0 1 1 1 1 1 1 1 1 1 1 1 1 1 1 1 1 1 1 1 1 1 1 1 1 1 1 1 1 1 1 1 1 1 1 1 1 1 1 1 1 1 1
1 1 1 1 1 1 1 0 1 1 0 1 1 1 0 1 1 1 1 1 1 1 0 1 1 1 1 0 1 1 1 1 0 1 1 1 1 1 1 1 1 1 1 1 1 1 1 1 1 1 1 1 1 1 1 1 1 1 1 1 1 1 1 1
1 1 1 1 1 1 1 1 1 1 1 1 1 1 1 1 1 1 1 1 1 1 1 0 1 1 1 1 1 1 1 1 1 1 1 0 1 1 1 1 1 1 1 1 1 1 1 1 1 1 1 1 1 1 1 1 1 1 1 1 1 1 1 1
1 1 1 1 1 1 1 1 1 1 1 1 1 1 1 1 1 1 1 0 1 1 1 1 0 1 1 1 1 1 1 1 1 0 1 1 1 1 1 1 1 1 1 1 1 1 1 1 1 1 1 1 1 1 1 1 1 1 1 1 1 1 1 1
1 1 1 1 1 1 1 1 1 1 1 1 1 0 1 1 1 0 1 1 1 1 1 1 1 0 1 1 1 1 1 1 1 1 1 1 1 1 1 1 1 1 1 1 1 1 1 1 1 1 1 1 1 1 1 1 1 1 1 0 1 1 1 1
1 1 1 1 1 1 1 1 1 0 1 1 1 1 1 1 1 1 1 0 1 1 1 1 1 1 0 1 1 1 1 1 1 1 1 1 1 1 1 1 1 1 1 1 1 1 1 1 1 1 1 1 1 1 1 1 1 1 1 1 1 1 1 1
1 1 1 1 1 1 1 1 1 1 1 1 1 1 1 1 1 1 1 1 1 1 0 1 1 1 1 0 1 1 1 1 1 1 1 0 1 1 1 1 1 1 0 1 1 1 1 1 1 1 1 1 1 1 1 1 1 1 1 1 1 1 1 1
1 1 1 1 1 1 1 1 1 1 1 1 1 1 1 1 1 1 1 1 1 1 1 1 1 1 1 1 0 1 1 1 1 1 1 1 1 1 1 1 1 1 1 1 1 1 1 1 1 1 0 1 1 1 1 1 1 1 1 1 1 1 1 1
1 0 1 1 1 1 1 1 1 1 1 1 1 1 1 1 1 1 1 1 1 1 1 1 1 1 1 1 1 0 1 1 1 1 1 1 1 1 1 1 1 1 1 1 1 0 1 1 1 1 1 1 1 1 1 1 1 1 1 1 1 1 1 1
1 1 1 1 1 1 1 1 1 1 1 1 1 1 1 1 1 1 1 1 1 1 1 1 1 1 1 1 1 1 0 1 1 1 1 0 1 1 1 1 1 1 1 1 1 1 1 1 1 1 1 1 1 1 1 0 1 1 1 1 1 1 1 1
1 1 1 1 1 0 1 1 1 1 1 1 1 1 1 1 1 1 1 1 1 1 1 1 1 1 1 1 1 1 1 0 1 1 1 1 1 1 1 1 1 1 1 1 1 1 1 1 1 1 1 1 1 1 1 1 0 1 0 1 1 1 1 1
1 1 1 1 1 1 1 0 1 1 1 1 0 1 1 1 1 1 0 1 1 1 0 1 1 1 1 1 1 1 1 1 0 1 1 1 1 1 1 1 1 1 1 0 1 1 1 1 1 1 1 1 1 1 1 1 1 1 1 1 1 1 1 1
1 1 1 1 1 1 1 0 0 1 1 1 1 1 1 1 1 1 1 1 1 1 1 1 0 1 1 1 1 1 1 1 1 0 1 1 1 1 1 1 1 1 1 1 0 1 1 1 1 1 1 1 1 1 1 1 1 1 1 1 1 1 1 1
1 1 1 1 1 1 1 1 1 1 1 1 1 1 1 1 1 1 1 1 1 1 1 1 1 1 1 1 1 1 1 1 1 1 0 1 1 1 1 1 1 1 1 1 1 1 0 1 1 1 1 1 1 1 1 1 1 1 1 1 1 1 1 1
1 1 1 1 1 0 1 1 1 1 0 1 1 1 1 1 1 1 1 1 1 1 1 0 1 1 1 0 1 1 0 1 1 1 1 0 1 1 1 1 1 1 0 1 1 1 1 1 1 1 1 1 1 1 1 1 1 1 1 1 1 1 1 1
1 1 1 1 1 1 1 1 1 1 1 1 1 1 1 1 1 1 1 1 1 1 1 1 1 1 1 1 1 1 1 1 1 1 1 1 0 1 1 1 1 1 1 1 1 1 1 1 1 1 1 1 1 1 0 1 1 1 1 1 1 1 1 1
1 1 1 1 1 1 1 1 1 1 1 1 1 1 1 0 1 1 1 1 1 1 1 1 1 1 1 1 1 1 1 1 1 1 1 1 1 0 1 1 1 1 1 1 1 1 1 1 1 1 1 1 1 1 1 1 1 1 1 1 1 1 1 1
1 1 1 1 0 1 1 1 1 1 1 1 1 1 1 1 1 1 1 1 1 1 1 1 1 1 1 1 1 1 1 1 1 1 1 1 1 1 0 1 1 1 1 1 1 1 0 1 1 1 1 1 1 1 1 1 1 1 1 1 1 1 1 1
1 1 1 1 1 1 1 1 1 1 1 1 1 1 1 1 1 1 1 1 1 1 1 1 1 1 1 1 1 1 1 1 1 1 1 1 1 1 1 0 1 1 1 1 1 1 1 1 1 1 1 1 1 1 1 1 1 1 1 1 1 1 1 1
0 1 1 1 1 1 1 1 0 0 1 1 0 1 1 1 1 1 1 1 1 1 1 1 1 1 1 1 1 1 1 1 1 1 1 1 1 1 1 1 0 1 1 1 1 1 1 1 1 1 1 1 1 1 1 1 1 1 1 1 1 1 0 1
1 1 1 1 1 1 1 0 1 1 1 1 1 1 1 1 1 1 1 1 1 1 1 1 1 1 1 1 1 1 1 1 1 1 1 1 1 1 1 1 1 0 1 1 1 1 1 1 1 1 1 1 1 1 1 1 1 1 1 1 1 1 1 1
1 1 0 1 1 1 1 1 1 1 1 1 1 1 1 0 1 1 1 1 1 1 1 1 1 1 1 0 1 1 1 1 1 1 1 0 1 1 1 1 1 1 0 0 1 1 1 1 1 1 1 1 1 1 1 1 1 1 1 0 1 1 0 1
0 1 1 1 1 1 1 1 1 1 1 1 1 1 1 1 1 1 1 1 1 1 1 1 1 1 1 1 1 1 1 1 0 1 1 1 1 1 1 1 1 1 0 0 1 1 1 1 1 1 1 1 1 1 1 1 1 1 1 1 1 1 1 0
1 1 1 1 1 1 1 1 1 0 1 1 1 1 1 1 1 1 1 1 1 1 1 1 1 1 1 1 1 1 1 1 1 0 1 1 1 1 1 1 1 1 1 1 0 1 1 1 1 1 1 1 1 1 1 0 1 1 1 1 1 1 1 1
1 1 1 1 1 1 1 1 1 1 1 1 1 1 1 1 1 1 1 1 1 1 1 1 1 1 1 1 1 0 1 1 1 1 1 1 1 1 1 1 1 1 1 1 1 0 1 1 1 1 1 1 1 1 1 1 1 1 1 1 1 1 1 1
1 1 1 1 1 1 0 1 1 1 1 1 1 1 1 1 0 1 1 1 1 1 1 1 1 1 1 1 1 1 1 1 1 1 0 1 1 1 0 1 1 1 1 1 1 1 0 1 1 1 1 1 1 1 1 1 1 1 1 1 1 1 1 1
1 1 1 1 1 1 1 1 1 1 1 1 1 1 1 1 1 1 1 1 1 1 1 1 1 1 1 1 1 1 1 1 1 1 1 1 1 1 1 1 1 1 1 1 1 1 1 0 1 1 1 1 1 1 1 1 1 1 1 1 1 1 1 1
1 1 1 1 1 1 0 1 1 1 1 1 1 1 1 1 1 1 1 1 1 1 1 1 1 1 1 1 1 1 1 1 1 1 1 1 1 1 1 1 1 1 1 1 1 1 1 1 0 1 1 1 1 1 1 1 1 1 1 1 1 1 1 1
1 1 1 1 1 1 1 1 1 0 1 1 1 1 1 1 1 1 1 1 1 1 1 1 1 1 1 1 1 1 1 1 1 1 1 1 1 1 1 1 1 1 1 1 1 1 1 1 1 0 1 1 1 1 1 1 1 1 1 1 1 1 0 1
1 1 1 1 1 1 1 1 1 1 0 1 1 1 1 1 1 1 1 1 1 1 1 1 1 1 1 1 0 1 1 1 1 1 1 1 1 1 1 1 1 1 1 1 1 1 1 1 1 1 0 1 1 1 1 1 1 1 1 1 1 1 0 1
1 1 1 1 0 1 1 1 1 1 1 1 1 1 1 1 0 1 1 1 1 1 1 1 1 1 1 1 1 1 1 1 1 1 1 1 1 1 1 1 1 1 1 1 1 1 1 1 1 1 1 0 1 1 1 1 1 1 1 1 1 1 1 1
1 1 1 1 1 1 1 1 0 1 1 1 1 1 1 1 1 1 1 1 1 1 1 1 1 1 1 1 1 1 1 1 1 1 1 1 1 1 1 1 1 1 1 1 1 1 1 1 1 1 1 1 0 1 1 1 1 1 1 1 1 1 1 1
1 1 1 1 1 1 1 1 1 1 1 1 1 1 1 1 1 1 1 1 1 1 1 1 1 1 1 1 1 1 1 1 1 1 1 1 1 1 1 1 1 1 1 1 1 1 1 1 1 1 1 1 1 0 1 1 1 1 1 1 1 1 1 1
1 1 1 1 1 1 1 1 1 1 1 1 1 1 1 1 1 1 1 1 1 1 1 1 1 1 1 1 1 1 1 1 1 1 1 1 0 1 1 1 1 1 1 1 1 1 1 1 1 1 1 1 1 1 0 1 1 1 1 1 1 1 1 1
1 1 1 1 1 1 1 1 1 1 1 1 1 1 1 1 1 1 1 1 1 1 1 1 1 1 1 1 1 1 0 1 1 1 1 1 1 1 1 1 1 1 1 1 0 1 1 1 1 1 1 1 1 1 1 0 1 1 1 1 1 1 1 1
1 1 1 1 1 1 1 1 1 1 1 1 1 1 1 1 1 1 1 1 1 1 1 1 1 1 1 1 1 1 1 0 1 1 1 1 1 1 1 1 1 1 1 1 1 1 1 1 1 1 1 1 1 1 1 1 0 1 1 1 1 1 1 1
1 1 1 1 1 0 1 1 1 1 1 1 1 1 1 1 1 1 1 1 1 1 1 1 1 1 1 1 1 1 1 1 1 1 1 1 1 1 1 1 1 1 1 1 1 1 1 1 1 1 1 1 1 1 1 1 1 0 1 1 1 1 1 1
1 1 1 1 1 0 0 1 1 1 1 1 1 1 1 1 1 0 1 1 1 1 1 1 1 1 1 1 1 1 1 0 1 1 1 1 1 1 1 1 1 1 1 1 1 1 1 1 1 1 1 1 1 1 1 1 1 1 0 1 1 1 1 1
1 1 1 1 1 1 1 1 1 1 1 1 1 1 1 1 1 1 1 1 1 1 1 1 1 0 1 1 1 1 1 1 1 1 1 1 1 1 1 1 1 1 0 1 1 1 1 1 1 1 1 1 1 1 1 1 1 1 1 0 1 1 1 1
1 1 1 1 1 1 0 1 1 1 1 1 0 1 1 1 1 1 1 1 0 1 1 1 1 1 1 1 1 1 1 1 1 1 1 1 1 1 1 1 1 1 1 1 1 1 1 1 1 1 1 1 1 1 1 1 1 1 1 1 0 1 1 1
1 1 0 1 1 1 1 1 1 1 1 1 1 1 1 0 1 1 1 1 1 1 1 1 1 1 1 1 1 1 1 1 1 1 1 1 1 1 1 1 1 1 1 1 1 1 1 1 1 1 1 1 1 1 1 1 1 1 1 1 1 0 1 1
1 1 1 1 1 1 1 1 1 1 1 1 1 1 1 1 1 1 1 1 1 1 1 1 1 1 1 1 1 1 1 1 1 1 1 1 1 1 1 1 0 1 0 1 1 1 1 1 1 0 0 1 1 1 1 1 1 1 1 1 1 1 0 1
1 1 1 1 1 1 1 1 1 1 1 1 1 1 1 1 1 1 1 1 1 1 1 1 1 1 1 1 1 1 1 1 1 1 1 1 1 1 1 1 1 1 1 0 1 1 1 1 1 1 1 1 1 1 1 1 1 1 1 1 1 1 1 0
3890 21053 52969 45781 21724 55529 62948 57708 72095 69097 38023 35 12420 55082 2611 25626 11056 96588 53748 16711 67588 20893 66635 60568 73089 79752 79175 20825 13320 33395 29114 94841 54603 10045 66003 66352 78600 36610 96951 70819 41290 28174 4861 26785 72710 71600 65428 74033 9381 80075 58307 86477 72850 33773 86550 45494 56708 79432 77726 68835 21534 91222 51580 44386 39718 2540 53484 57303 26628 57179 38133 2184 34437 35326 52293 53131 16720 68803 51600 53831 80526 23451 31975 16698 60934 69784 12391 19965 99290 48625 15619 422 55286 72058 67304 9281 1382 78438 95581 76906 52702 33361 38833 52173 8007 94781 84671 90976 21179 33677 27836 32623 73012 51852 35295 27100 86993 61440 78704 55117 54312 98688 64589 26220 9391 32586 34740 32560
33097 64256 85946 57117 12936 797 58745 47018 85539 73134 66202 14121 60717 81956 70225 71937 20878 54352 16149 24907 80618 15763 74837 78106 6581 70781 45112 41291 38518 46080 95124 96372 1577 98245 53254 24934 36478 99874 59960 35479 3226 99466 5689 24561 34918 15023 72290 10457 33720 57577 9735 66320 84165 55713 33119 42074 37339 7076 57490 26173 10520 39695 38757 71169 24643 24966 30957 56088 14596 7119 99551 67866 11063 60868 26079 88453 61197 68444 33095 22937 58188 31814 83820 59650 49616 73397 68310 2208 72118 37648 88355 99551 63864 54718 43993 48678 36794 48511 12920 83114 33294 18600 11724 27798 2294 17232 28144 81998 63410 89115 5451 20826 65488 86383 91462 57263 44394 50256 62316 42051 78598 51666 47819 95115 97087 80101 94556 24997
57655 66360 94255 48307 14922 29425 67880 39560 65716 54734 17748 70830 88543 39440 90516 86975 54309 35137 75778 12881 53928 69315 21474 3754 82511 61357 12101 63064 24675 77765 29181 43321 91557 71590 71166 94637 64392 86968 13441 62457 68834 25810 44019 92426 87287 26001 9904 2033 31011 9174 31233 66026 64450 44099 62529 21194 63923 11504 85109 46871 56170 34534 62094 77465 25646 75042 14762 64483 53484 71588 95687 69271 83544 86422 52836 40371 48311 98777 35740 67064 5128 28466 1766 82758 37143 200 88152 47858 11555 97171 86395 31057 81110 10064 12938 72079 96858 67283 16620 33079 7164 5999 17630 40807 45852 4915 58776 28269 25754 5721 34329 20731 49518 15925 52967 59766 69355 29118 25988 15780 8459 48150 88233 8468 47353 40246 23580 26613
41783 32266 53596 10433 4152 77574 60165 17680 37211 43632 64787 24560 25028 51210 95533 50210 99210 14501 82601 86384 52572 55973 42777 78091 82977 99839 2949 54717 45461 70815 47062 3668 81820 97671 50147 17966 20695 85486 61246 92050 486 18811 91970 83905 18106 12490 7071 19345 3501 53408 91540 54048 32845 85803 9571 25334 24306 27635 67057 92964 36762 1355 83483 37536 94444 66280 23255 28699 84823 7145 39400 34249 54808 75456 85887 67491 79141 19160 61861 41637 54527 80649 80119 39831 32100 28203 87438 96103 69907 13414 90901 93489 50576 90463 13205 9511 68468 2227 37872 98215 43965 41775 17811 6697 50740 35263 15665 45584 27534 3842 15515 40107 81375 95772 24921 74828 4235 18741 56638 50178 46189 3225 38762 86958 73555 3340 29099 33203
46541 32317 35775 20363 52408 58426 83795 99672 10324 5781 30448 87666 85711 38949 19499 73315 31988 43263 61551 177 3324 67857 95489 32106 4538 57477 69401 21998 30413 41738 15253 67602 26360 84747 42436 87759 21673 10807 72637 10184 96283 12698 96087 50263 25762 73535 6002 61949 96289 17801 49009 16936 97533 50812 94533 61172 7700 30831 70220 22956 97171 21314 49394 49237 4500 92520 71215 74447 75896 19327 64270 15245 77401 55094 21950 32297 77467 16540 50487 12526 96698 71700 91620 21630 53996 84777 10788 93528 15295 46760 54065 27849 72568 37355 99599 20575 56523 99718 15986 45153 49052 89106 14329 2781 72353 98291 56461 71269 36843 60631 66701 82029 34379 67204 51533 65702 97110 23034 56700 85662 11627 63071 69911 57822 9014 57136 27922 76440
34509 74057 42925 4921 5221 64283 24799 36821 2170 78862 94708 6315 44806 79865 56700 86684 44330 10723 69307 94055 16210 88536 34191 15179 1718 47949 72572 35087 84434 49788 49268 59081 92702 96659 84457 81084 96204 28732 22605 57003 47558 8727 87513 24397 57406 77114 78485 90770 98302 79723 14232 85565 71397 79643 36225 825 74977 76436 86412 49152 20296 74375 80996 21528 96348 13290 67856 61654 17338 46550 91310 68629 20414 35210 92698 51099 69227 58771 42968 52442 50894 51342 97576 90809 91848 51924 36000 17805 22441 72583 41530 45580 9784 37750 61212 5347 8055 72690 86721 57242 99916 8666 62085 45767 82216 26046 72932 50587 65800 59632 93887 32737 57848 33318 48384 50266 70250 23745 3681 75188 89650 92633 55236 85833 47917 67889 5056 76190
41428 36580 73712 84213 54439 56209 88907 8370 38478 18 86108 63257 19032 64631 60736 71007 62190 5044 57166 6286 24564 86206 41490 57221 42183 86214 94357 34902 81252 35631 2852 95871 42290 47440 34531 79932 42662 19375 62391 7869 89411 65443 73522 85934 37195 76694 49165 91833 2281 42563 22111 45269 1253 73353 45142 82624 21327 58604 8004 92654 27370 38471 88464 1015 92658 52275 67516 99225 69656 17715 19183 4136 5338 72135 51964 157 84145 60181 25931 26729 98534 7594 44686 67722 91112 73654 45708 87447 52142 2943 87192 21365 88939 76630 4253 20289 528 30660 32807 3051 22464 29823 39605 46404 77034 80173 30860 44479 71771 87085 79914 2800 91935 48469 74178 64018 66473 41069 84788 50051 38412 89122 53774 38258 27079 8595 50932 21383
22853 26630 53375 83435 67579 61337 91566 85769 92473 10694 58104 34195 96307 61796 11578 39794 21755 17713 14525 54161 3508 98019 81710 18374 84385 85847 43351 43637 16785 27928 57247 75121 2683 72211 14236 59130 49161 43506 97998 21335 17468 13113 82621 38403 39595 99890 94833 98116 52050 60537 37920 20125 61793 75607 45094 47541 63269 5839 40793 79338 19566 942 82975 18531 11451 97330 95908 58259 5049 93137 74742 36413 5443 62171 89938 76976 59221 61303 21460 72030 72475 50276 87626 31904 33478 63462 83793 83839 81662 47418 88836 99231 45173 25140 77535 65735 15960 47253 72534 34318 57950 14407 78685 3681 93873 97886 55262 35526 19044 56198 39593 95919 89841 82727 84778 49187 39501 66403 83199 96507 41490 60909 68134 54451 16299 48508 74190 13037
27450 75471 13524 91052 10035 23537 64807 81622 85963 35115 26250 455 71771 51858 50400 89948 13291 88204 10645 23674 99541 85176 15597 35993 68120 33624 17547 23615 86052 1133 6345 11320 40089 70725 31794 76439 99551 81593 69420 94769 18924 77315 8031 76560 41900 34162 7364 23051 4425 9065 46320 72648 47999 48473 561 34329 25675 774 43019 73473 94277 37781 31135 5939 44166 74118 54642 83930 18826 64750 95561 37160 64758 1223 22345 21539 81900 37304 25391 35644 4259 30093 18941 82679 86564 8816 24676 2791 81828 82714 96660 63891 19009 13004 98278 97788 34797 86694 45944 39548 96147 32474 35281 34476 27008 20978 3759 47047 79769 6117 4662 24797 68548 25856 48508 56332 35143 47357 73130 59794 33744 59506 23379 3154 41844 38312 93336 22146
7958 77064 62205 24895 11223 65181 35927 70488 95818 18375 47774 98820 22774 59044 60206 68637 82564 68457 30401 9949 79163 38857 18478 45964 65449 94857 69779 16018 28981 12995 48496 73594 3931 40281 75045 55427 95589 98484 68239 90146 58993 45916 80111 62871 68132 80362 29255 67709 59 39105 59497 98648 38085 85230 63750 99543 97176 66987 74002 24093 92045 10861 61360 14907 3816 53355 25729 60517 52111 72676 92004 87007 36872 38200 36502 66840 57365 19944 96565 35647 48026 21425 95827 55199 93672 83403 85765 16562 24059 47211 33679 50835 17071 60079 21438 92891 75693 34917 82408 84810 13212 27589 68004 52869 44244 3493 4972 42744 82444 48959 11421 99961 75011 34026 34078 48864 42939 8862 61165 94587 20850 32854 68450 59572 73541 37230 34783 12051
43260 13518 52382 74031 71160 90196 66456 50925 42236 12316 37050 58297 4832 99628 69085 96874 2938 3550 35572 14597 58118 66771 67115 42739 44056 34481 57162 17029 63447 92340 5078 68061 11210 26843 116 44637 9058 46284 44120 2006 91031 94352 82691 31375 92856 94053 85562 78873 4007 9197 32057 13286 10427 28529 59741 24371 92619 91058 53569 3504 67070 38626 13035 87573 63255 85618 9780 71102 77480 46810 72175 84681 51055 29147 2407 33096 63017 22158 74914 16953 53122 43298 49362 68243 27375 69907 3281 2628 93228 21948 98711 41461 57046 62966 47583 66991 49650 9288 15741 25711 45950 31286 90260 30671 60582 16846 41302 22547 3275 43440 16170 66465 15836 59627 88908 9225 42211 85277 27050 56866 93763 61888 88363 16613 5838 42990 24333 55626
45977 78964 49965 23605 32000 22014 49028 704 16338 62966 42150 61081 63905 28610 10064 37841 40608 60457 64870 40312 19209 34137 73350 91952 42289 81653 81521 16501 49187 575 2000 70809 23171 91138 25713 96034 12698 6033 53506 37157 56025 94927 38023 90085 3534 25205 92534 78901 2455 98672 78054 74329 43681 80938 87488 18978 33945 1283 67905 80255 53505 14697 65015 55203 82190 74287 87515 99217 19613 61641 48144 31452 13560 51230 59834 20954 79832 82390 73207 52920 90673 60252 32533 38794 99404 4258 66873 3043 95330 82804 48299 55675 98950 41688 70096 51530 77207 42406 57476 70608 47066 9866 56342 24147 67646 42388 45542 58688 27261 18611 30816 32244 30802 83270 5875 9991 2705 86778 87945 3712 84076 38076 58212 72247 24803 47470 86503 87702
61906 274 79290 49513 83200 68535 14963 57055 30018 94437 76611 83608 71058 56218 55760 86454 62622 53960 97560 21480 23258 64345 76969 26255 16573 51201 6251 35616 30049 72305 63672 84786 36908 6787 20659 93622 54515 60206 49314 13811 47954 23906 86446 43720 87147 51780 32236 34838 51772 43546 77105 13076 18633 40691 24018 53939 92358 82362 25393 14370 22668 38462 97817 48785 49670 44990 11472 27469 30861 46579 18260 5406 37256 78448 67998 74420 28748 84715 94866 44390 82560 33710 92230 20078 22859 9868 28539 58198 81218 98621 31936 91730 88779 30906 63425 84367 546 36490 14702 19504 83672 18747 94124 36809 59596 30418 55677 77600 28582 60542 25272 9267 56996 67095 25976 36423 53453 19359 32523 15406 47321 4008 95572 20350 42070 51733 20003 53333
97354 34410 20368 33089 96359 46035 95638 15893 61703 90519 92308 99727 23014 23146 52665 39757 57511 8205 42682 31103 72224 90268 85321 48554 9900 74842 48547 43637 188 71541 73292 28962 73576 25061 46451 82414 37534 7699 56511 89058 78616 49908 3618 37924 43952 34458 27748 96493 50750 47250 27110 65090 53158 16832 16572 93909 98278 281 91310 8722 76589 19059 24039 59979 34211 82979 7883 84705 66434 47014 23320 68019 45967 82921 51085 67966 1382 30122 13838 458 21812 35873 20815 86602 69280 86889 16125 71970 26032 29992 21233 85356 88057 1115 7803 31683 970 50828 37496 39104 71110 68082 11470 91080 13695 43521 81810 13341 30994 65514 48786 97191 24699 46478 87518 80981 72390 3909 54416 15139 97926 38 6096 89715 69242 8560 95562 62245
39329 90218 88211 7929 5354 82337 39005 4433 12558 41435 30884 73229 1100 98642 83061 54886 43323 71917 59565 24052 47586 47965 14794 9549 44521 34391 93485 32432 71244 59659 6730 21404 9986 92023 64623 16432 70463 37310 40404 53546 9298 92192 26624 86128 96084 80079 15678 21121 73657 4945 89588 44404 83973 6143 47152 28154 47082 57615 55273 5724 61176 4923 93305 56514 35928 15242 73849 18092 87190 93562 36324 63979 20452 27935 2256 91877 66970 92969 42275 19162 93431 79942 61323 69561 71942 23209 18028 23805 6355 71274 84288 29671 35949 26405 85755 55882 69791 62668 17694 79910 72882 9282 53217 75091 45384 56008 86729 87865 10865 76147 3510 12284 46655 65913 66384 24828 635 89187 12507 26704 70610 87691 92326 58719 85852 96766 18787 30716
11163 91200 828 77913 33739 47702 99905 13307 62378 92728 76492 83678 36847 77783 80171 77836 24012 1433 25384 99455 66618 10648 19166 71747 74402 92749 3585 9763 72948 2045 40478 92319 97841 76004 4483 86137 98673 58052 93890 96979 92091 53259 71577 86635 64077 59946 48060 7258 90454 32975 55822 50030 20641 89058 67441 99274 56504 89683 92806 80601 63884 76599 52234 93751 31307 72736 49682 47088 67652 36938 73475 24091 15837 78226 39167 65539 68570 13530 57775 81761 7389 94207 98454 90238 43653 6307 23656 77059 34113 59126 56366 90054 37746 68414 98959 93611 96332 84024 20048 55842 85478 66070 81816 94033 75010 87395 3515 27650 51583 97249 68993 40807 1305 65929 40827 95133 1311 48848 7702 70288 86250 35375 53760 18972 26431 67342 78991 34937
42803 13932 72006 90139 91032 76842 68771 90316 73847 325 90310 10126 79698 67747 5357 79890 70263 91732 68306 75914 99646 45858 99981 9954 12197 231 80376 28354 6556 46992 12346 13335 99816 49123 71269 30433 79421 81688 25456 92770 45267 23434 56974 47555 82400 42957 29120 72295 55206 5298 62754 4320 24792 80921 97943 39294 55389 71578 55777 22900 8217 92203 99827 5041 35871 34170 70160 37654 70572 44165 58465 65488 31554 41355 38708 9591 60126 46880 27726 57232 89085 64707 44750 70660 28117 53363 62381 98198 31444 89828 65315 76399 58328 57542 31535 78505 54167 45174 37648 13590 52660 97466 8740 5104 68954 58300 75360 75133 90355 90951 98372 91189 982 87647 6099 1397 82870 20204 692 9202 12985 25228 55040 48320 47726 198 23611 50756
18916 90730 97400 43035 86758 85000 7629 14006 20906 2049 54413 8934 63861 76781 60348 76272 59739 4903 47101 58960 69366 62279 37281 10838 38135 53653 50351 3194 1838 7116 52310 82682 17224 65027 54099 98969 91982 37312 94871 66367 7998 86874 54274 123 98550 48959 27489 14288 30103 38200 32935 54779 16555 29954 42041 97949 3566 58546 16569 48786 71125 38116 34214 45804 70115 36912 69883 4020 43738 53999 23786 59145 75293 33119 9888 33942 4478 42642 49290 35475 95209 59588 30119 44745 63044 42468 86270 62485 51299 28458 42730 1045 26474 83638 82154 88167 67189 83586 90999 55930 35915 55612 9527 88256 73477 62607 55624 15612 58844 12887 90983 17035 8944 72179 66140 16155 31551 16458 19535 94802 73144 67202 60317 42918 88305 64767 86803 48812
54580 8052 19508 31004 19948 59429 65474 55009 59679 14804 78009 55631 82672 95298 48399 63873 96977 24570 50077 11728 35348 1290 90892 3126 91716 263 98134 23130 16964 25198 99327 86990 96998 23512 96748 41487 14715 3188 17540 92560 52561 4303 81099 6183 83305 6387 8455 1794 52501 36362 27556 37000 22826 361 94253 91633 71813 44262 66051 69159 48556 11798 54421 84389 69433 77641 58946 86444 51411 81862 49691 49774 50174 41875 31070 97357 51303 1916 7865 50387 18046 17636 41495 39313 84130 93773 73268 16734 63541 86842 17511 90494 75363 49145 39566 2030 37529 5767 92464 35632 22715 35912 67451 30013 38621 21503 71944 59829 45346 95471 3011 75581 13506 35265 80268 24573 37151 85673 64452 24675 44259 95919 70787 16145 85693 91633 94457 94641
67168 20753 82177 60426 46163 33682 74019 92483 78820 11518 57749 20360 90660 43049 5277 87556 46444 83965 3748 63881 80534 33278 95403 29 12094 66722 11574 41346 49277 19229 78821 40280 67115 14271 43011 51922 81882 7505 79121 43631 69666 3114 51618 65869 92216 76738 28421 24524 31962 17168 31720 5658 29999 18941 40899 21215 13552 61077 79765 5135 16151 74532 78069 85268 58715 98601 20003 10013 89300 2262 85513 6132 35769 16511 20062 52412 36808 1378 15065 51253 33474 18582 81406 42194 46542 30553 29388 60046 32602 34390 90743 20182 33746 21904 55093 51911 80049 58671 90516 75782 56865 33310 5156 12411 80091 77094 47216 62506 21024 5335 64375 3260 12530 25765 48396 33927 10918 52238 92014 94380 77692 69585 2238 66432 74985 81593 43460 28005
87259 97284 69349 44299 77647 6823 70986 4238 60421 70610 60796 96765 92410 11513 50489 34861 41820 62522 6577 14872 84921 92696 42552 72224 87955 62046 51613 47367 32405 99690 96193 84736 27774 98478 7319 28131 59183 43859 23441 56361 45317 18819 6963 94294 90109 76068 60086 52738 92010 6402 96389 67823 60694 86508 2244 93642 39480 55503 48283 59155 39682 873 92512 73639 36652 16531 40337 3752 97919 29915 97293 65491 99580 65479 53305 30477 24629 15800 33345 53782 88544 25081 21585 79910 64865 97894 72944 19949 65689 89736 66957 47689 67586 80746 30307 7486 83333 42958 64836 11456 36723 30174 77334 9345 51953 65207 71220 79114 92789 68956 7735 8885 26299 47926 53223 16244 97198 75394 75589 90403 45622 38179 76000 41705 72249 42152 18003 12734
50625 35927 65992 97473 30490 94690 83378 47232 76651 90007 97937 80360 67617 60932 82057 26305 50388 29269 4546 65561 36387 72761 98543 89190 44706 10742 55274 49476 76697 84959 38030 95899 71693 11985 80963 56484 96313 96582 64708 83286 88930 37769 69407 65653 11844 83555 84769 18401 10955 67707 45882 95253 92808 64553 63026 68981 30346 57780 8199 26428 10847 65872 70562 55070 58387 11390 76610 88488 41190 66769 91479 885 86226 80406 64975 40704 4508 42082 99077 43405 46033 62834 93736 29363 69643 56909 24124 8460 40018 64223 15680 85311 77723 93193 62678 53805 34746 95990 93432 10168 86759 47929 22649 79646 89172 65583 22863 26891 53626 67365 17786 94851 54299 30980 56325 47251 30417 36577 80098 67753 75753 24984 86445 97922 58789 76027 28879 72937
25666 18825 18563 70329 78111 2759 35689 10116 56035 82287 27832 32358 30312 76494 28247 52288 94139 37172 11011 36251 50232 10568 84932 63953 74057 82663 42918 24522 96466 10765 81016 68279 44488 61126 37147 49834 77682 36332 9688 43420 68988 94278 3628 8145 74103 73265 83250 86862 50107 88689 29049 89964 97572 52325 8145 59285 42027 3089 13319 93049 15799 50928 21449 87510 62481 60711 68407 38817 25612 95528 73581 65865 3776 69747 74935 38212 38682 32349 60569 33626 94189 11673 27838 60799 77861 63477 15417 42596 34061 3120 45070 95638 97459 18419 72274 21892 96305 36613 58987 41969 95129 65398 93585 11818 93839 23556 19939 8305 90175 18988 12627 35070 69707 78410 46222 34155 70208 49509 88763 84029 44248 65117 74172 12706 50663 78996 46901 5315
81217 5482 86828 1787 29699 62184 23435 4371 98943 11019 4583 58466 16610 75089 28366 58650 68414 68470 80465 53881 27209 17663 33605 81809 38362 74715 83559 25860 8925 74309 49077 11343 39777 36032 58385 32616 55892 91182 87155 79173 21173 87222 46773 61614 39501 98250 32389 17695 53922 45660 77492 34868 77369 51656 16803 80823 11017 34574 52979 67988 82559 75720 2212 5595 11548 17439 64596 28491 11578 9464 76711 37342 51529 75227 51434 11763 51914 87311 13778 61149 78350 14682 97663 21490 97791 57462 99360 8743 35554 35043 32980 5235 27707 51953 52490 8770 51591 68179 97435 2308 92944 2177 69497 72759 50611 62600 43749 82120 14063 17947 2811 32213 45605 32461 49664 25407 96876 59055 12507 48963 59224 68520 46711 96113 77083 59264 51199 60456
80814 81861 72452 37228 96073 29011 61458 8486 61412 99250 77989 70821 10662 20699 82296 92126 18878 10097 46281 32376 59093 16605 3440 37313 72896 94262 27397 42468 49128 53181 49082 93209 47701 81963 26885 13851 35189 33143 23529 2004 33880 70596 56811 96875 42422 99811 64667 37393 37527 35340 37800 30883 6019 50214 73841 77681 77347 91599 90707 50457 95186 18346 49226 74992 27431 3621 98944 89200 33651 4548 41987 72361 46846 69339 89740 29678 80571 84497 74260 61397 56777 92977 49454 71663 71640 80825 19117 80890 41583 18363 58671 26278 24805 36043 6928 62111 5807 25041 46384 65372 52504 85006 8268 22850 88653 53008 6860 72088 46846 98931 87022 33303 59096 51948 26068 57101 25447 26692 75413 78915 45927 64006 1155 598 72155 93697 29341 71160
79358 22937 73575 68169 67291 89794 9346 7224 85924 54470 43171 65186 74154 70382 78970 10086 16133 38785 32683 50274 45314 61009 99572 77021 62887 83776 76112 20867 25046 32714 89779 6969 84570 29863 6148 69735 15354 4939 39450 13616 28080 72014 41181 4457 49638 40375 18160 97774 47933 6191 32430 32971 40528 25287 37646 70780 97093 47088 6073 80887 6854 20100 471 97739 86469 94916 71898 35987 76735 64581 37968 49426 68570 63291 47462 5381 82897 24656 59650 51011 58178 40945 73033 2171 19772 39163 52099 6915 73123 53346 26452 14623 34789 34358 20686 66062 27291 53739 67029 36291 8904 11668 57123 11907 67007 41402 32951 10874 39778 69128 7235 74009 11403 88770 70193 61410 88040 54666 95958 51766 82089 54474 2190 2601 16364 45534 77086 60899
29138 88435 46057 15075 32978 87178 26397 9147 86653 65765 5235 4054 48626 40467 25435 38980 24379 72874 98405 77818 57968 92528 45690 90243 38448 98861 56832 89468 5793 52088 15616 86085 10603 69048 89580 2008 30826 42611 58800 7905 55099 65111 8908 6471 34664 25045 63583 86260 15982 75325 46465 26457 49328 3444 7463 39677 16644 78759 98703 45171 94522 14203 2006 28317 79812 97662 63996 24177 90156 66781 20069 4987 953 42095 7573 47429 58434 35309 70002 12989 6943 2460 40073 52988 77491 82543 76666 75710 46784 34421 37890 77937 26493 82294 96549 40584 2627 10785 68173 77205 51835 80415 35871 41447 67406 25771 19523 5430 3401 53712 77342 31477 45710 23968 93434 7416 99940 23397 51733 71301 48866 55327 77532 65456 9127 78063 47902 56356
63668 26617 10105 12324 71529 90519 28527 27965 87179 27244 12647 7154 87285 66505 40003 36509 64950 55015 62273 47135 7065 41487 33499 93667 74743 78723 53184 80364 82733 17925 48714 68921 89690 75862 59355 79208 56002 49276 75521 64791 58788 34411 80049 94456 94811 8541 23621 50888 79908 12649 40298 61296 13425 17455 66380 2767 92912 69440 27769 79624 27559 72415 2021 58586 14169 87186 75975 86389 62313 646 54053 71847 91822 38090 17641 35673 87063 45040 30957 24383 92545 48753 23104 14820 28237 80621 21971 96375 68785 66757 2391 39272 15977 91730 39324 73778 79010 62949 55155 83496 87661 33064 8662 64269 78371 57797 18646 34351 78011 89046 51467 45324 89801 4261 63722 17340 49321 39359 48815 33081 39782 87092 75346 98514 73289 80773 61687 26788
4111 90037 92550 2007 46051 9881 44025 84432 146 79836 65043 87737 66095 31006 29580 45709 62575 69094 17071 75088 97622 86356 58264 29832 80230 8551 65224 86386 96357 67366 68977 36299 29611 24410 36522 40117 32136 69116 48853 52312 34622 48964 52161 60539 27222 13452 47644 83271 45557 77169 79091 92316 98875 3970 77481 20982 66744 65473 26914 7327 92065 62317 26428 96288 15397 7051 87875 70462 10111 10153 40300 28810 68427 65833 68599 19800 96261 41855 8718 86670 88807 49843 53036 24847 46010 18656 76322 73013 6671 40651 16347 54043 61219 73000 85629 54817 15972 70281 35635 3539 87059 33902 28157 69878 86861 77682 70200 83516 93710 43592 97024 93002 93362 23769 13300 32166 58581 21074 72840 91967 70460 56431 75617 32679 45394 84745 88824 33362
39845 90812 55253 33880 44959 57605 67992 6022 54124 95364 29334 57255 19619 23962 51896 58826 23987 62841 18710 51989 29363 79425 19818 14565 33894 14067 97947 80775 33964 61117 4859 46749 88491 48087 34322 67872 31754 3323 26839 73791 41379 97243 39660 86084 62666 50717 71528 16615 26025 29819 95600 33513 8847 80950 7023 86029 83981 4130 64292 15915 39454 16354 63585 20517 28695 48448 72128 44040 13522 5596 42859 41714 20772 64629 99666 53459 68586 11678 69239 57639 13866 75934 72611 70625 66517 88268 13591 61287 54280 22563 75068 52064 34057 40964 23733 55809 37739 98046 36735 70224 29546 66652 1853 57850 6576 85824 76477 2006 71890 4734 68070 23863 75636 96747 75491 10311 94726 63253 45306 10990 95866 9316 53910 3310 77669 53082 52344 89630
30705 32899 34661 70152 85193 53025 91973 71036 95425 55582 96913 27884 31219 7131 52916 12725 19451 72169 30924 70012 2903 67448 58358 60741 93918 48942 15533 41170 6313 37099 69571 6613 24992 32570 86079 11934 90321 30943 96716 24191 26624 60829 27683 38002 27897 63973 47272 23612 25669 83815 44056 41823 32132 96380 90556 7700 3168 13802 67923 87351 58269 16642 83107 78321 87036 85159 52376 15925 90536 78325 67011 75582 55298 96599 55662 65741 90308 9130 21733 65255 31702 78239 95698 81795 76318 30714 99384 18091 93204 5563 91952 10987 69733 98431 91028 43259 98738 4094 39673 75455 87793 93560 5945 50213 54408 8036 40462 58334 92877 75729 71841 29070 81276 75417 11063 3431 43032 53729 25805 46595 85629 52772 61436 96341 88732 35798 6130 14684
54769 42692 69195 36333 53425 90793 97315 76865 5894 54906 13299 61706 90261 27366 39921 62897 79697 34949 31780 91374 81740 86092 93830 39488 63252 71708 53843 40067 56913 98206 68562 66228 84122 65159 16996 6159 70224 73831 95624 87574 89265 72309 46658 42016 4496 73427 2739 49333 67871 91547 44965 17302 1030 1500 40285 7504 62934 88324 84593 78869 96844 95158 23999 2130 66889 32388 69261 36503 66904 19838 6692 25947 15670 53747 40760 15914 4480 16512 81734 20233 11419 35586 82772 9471 53578 74824 2080 47215 52610 71816 62706 48416 48697 55233 79368 8418 83316 28935 87052 17206 6123 85063 708 44841 57263 86456 54762 71590 47443 7668 38793 42869 7862 24995 92378 47348 7558 35722 7099 52490 62357 54256 50781 29941 15807 8241 58865 34564
4157 84391 16360 43259 51029 70392 66507 57514 3738 73380 28389 40494 86973 50080 48581 28942 41276 3881 68987 68991 7690 20469 54482 78573 69076 36972 61291 43136 16785 44668 70618 51443 33923 24894 84293 69475 58326 89736 11968 46072 68962 24816 37234 29277 39564 96434 18719 80867 30317 32270 28664 83459 13611 73979 74073 54398 88876 62105 71592 68722 66682 80080 40612 9386 41330 45962 32504 36774 89913 34175 45989 11104 23118 62048 26189 22803 16803 12707 31946 8181 34964 74801 96946 22439 18177 76244 48728 95187 94360 91807 6956 97167 93534 67810 18396 68253 10367 87369 82897 96528 27379 56168 11715 35525 40782 3261 57277 74084 4599 54033 40104 82533 71752 67480 35548 2376 80297 45970 95026 94926 17091 37523 47618 98593 54399 72755 7653 38394
26220 90395 76995 57481 68009 64592 26342 21111 13323 66154 41433 12139 76644 37533 99864 28589 48254 74069 62651 19289 32574 78032 68268 64132 80054 83421 76402 66618 13485 31206 60313 82054 30056 55367 35926 21909 37940 58846 69916 31861 32546 70968 12531 44093 94077 1207 74197 57109 5621 64486 74969 815 71427 27899 67954 86459 96503 62828 3721 86763 26198 48195 16899 1382 68838 53066 73409 15876 80908 17095 59012 21498 16725 86999 68169 64107 58846 639 24497 51385 95679 62970 85472 1499 84457 52147 47810 13875 97458 75047 26868 62939 82434 46745 19896 655 94980 35964 14176 53557 90025 54618 80189 47646 53373 79114 58226 95901 18691 27649 25506 31579 47463 88404 98752 68437 60358 5481 62507 62819 38996 23832 96547 94982 43098 85529 44503 1609
85007 5811 5307 90831 44436 43601 39129 77724 82235 88741 58133 56183 8582 33266 95546 41715 47897 87 42483 85201 72752 78257 53920 21442 82959 31020 56137 25004 94246 88721 45710 12884 46265 89045 5268 52521 89614 97918 28351 33785 64178 87040 58300 74512 97740 2112 65385 4422 6555 76196 29463 76529 19500 89815 95513 87579 91933 9799 86044 58431 92918 17470 28998 39331 90532 78402 88819 62527 13164 25453 86075 33095 72364 87941 13331 59434 42686 55396 52991 16614 86756 51776 23596 78446 11925 69530 41289 19987 18376 92180 53006 72282 71742 94183 63705 53093 62024 35875 29730 93784 78028 50522 21614 96177 46098 8111 44221 97619 63883 81839 25234 39809 76754 53604 25730 26298 79273 98621 78594 36559 65490 23101 79333 86114 31857 42530 32703 54301
92559 90770 91112 83660 58072 37881 93414 95506 49651 57654 61852 31931 45654 99758 2698 20526 7981 2472 12043 84606 35038 3106 75859 48419 82277 84891 22749 24274 6811 87185 96937 19937 22066 20919 89553 91629 8010 48152 3960 67993 48564 21757 51096 41075 88688 75591 20040 31209 87892 60112 2144 51910 77357 11982 89671 88786 60324 40813 45005 3531 94220 50764 37224 62908 80912 83395 68542 63465 14786 15647 22162 4755 5331 94 30132 29613 3707 30039 81919 44079 88507 70407 82178 99254 44395 83364 71416 46371 74368 56370 70148 53991 35495 24130 11474 55410 9566 67532 67656 4455 28802 53761 12052 51288 40396 26277 6408 64287 37192 80944 64884 37805 22602 62812 58376 25348 14867 36762 62110 17395 36601 74066 25093 41190 86846 50173 40182 51393
57329 74670 67983 58488 14192 76307 80888 97991 35811 92303 97196 35049 95599 3591 99677 55576 71396 51897 27338 54530 78733 31411 54360 36298 73967 68781 95471 79236 19702 77499 39094 33500 15227 88217 36968 39103 39751 43630 13383 36526 79817 58189 7950 29489 98885 87245 535 51891 91155 34434 35762 85690 12101 96573 53658 12633 30578 12077 19558 34320 11284 62809 58825 44856 81490 71853 98642 14241 69244 62419 37546 46468 22032 66504 39904 3664 50062 45692 18900 91456 44648 51348 58320 2826 10330 52988 30774 2855 33591 81806 52252 26948 2469 40076 67429 37698 73946 57689 41081 21709 17057 44584 83745 70737 46748 67166 29675 275 80442 24912 21485 18455 2118 7534 73125 95689 19123 22742 70204 79217 5478 23833 4622 86693 4315 76694 87086 86884
96416 71448 93355 21980 88990 33986 94421 74535 38980 37569 94638 82569 30129 44973 92549 70731 90831 28986 16114 814 76616 85229 85031 40979 1561 90178 92592 83496 51641 96187 53553 50584 26045 38277 9093 2110 6111 68627 18020 48896 13675 65201 28492 94295 45630 82266 75882 25504 79996 57101 69702 92446 67646 54969 60739 58309 10493 54308 12993 47735 43933 14396 12909 6206 82343 69462 12395 37447 16116 55974 31448 25469 81190 17016 22334 70189 86429 64070 93048 68847 81888 15184 26582 20943 49438 90715 27650 2519 63047 94039 41156 36323 88031 38247 35195 38833 47345 31865 42557 25401 47831 33237 77785 54330 53282 20517 91387 34927 61872 45913 41564 1055 21078 6927 60427 57629 65447 81565 8598 9784 5042 28577 88123 97903 55320 83425 26750 20563
20478 11584 92687 32809 1776 97987 47085 74736 91188 44041 80299 41996 20038 92522 16511 14226 51396 24251 85792 62087 80036 15716 72217 24902 20831 19071 17975 4360 99481 51758 81175 83872 68256 55968 87493 64564 53336 26404 75596 85317 86188 78407 65578 72078 73700 68403 37072 37562 54000 29342 19168 43802 69200 30068 51538 90778 3279 86832 28185 80258 51030 94168 41861 89685 40544 52450 99299 82909 31643 21873 13048 33489 96954 92109 2434 46359 95042 97409 49083 84961 17319 61925 30939 66923 79320 7405 65960 78343 49300 50624 42815 8255 7707 11287 19314 95375 63300 13154 34996 42059 62226 23127 28127 69449 89571 19705 87261 17013 46080 26877 77662 73086 95431 61686 55948 74335 63659 1851 84689 80117 14714 58122 81035 73706 73909 80100 54569 75719
79543 9814 39383 52293 63915 58523 31756 7049 99955 71758 55940 65122 90133 18754 5976 87526 12440 8336 17710 65022 51547 39490 23750 57810 17949 38222 59378 68885 41198 86906 34394 27859 97487 89976 16319 99908 32305 82404 62377 99413 75140 48596 70407 177 39548 66245 38907 25836 55488 40797 72331 24974 78418 50198 56406 1105 31812 8708 66584 8049 43004 97663 82851 57898 5714 74533 41826 85254 49865 28389 84050 11243 14356 40 90600 44072 32744 72474 72418 67904 56459 92819 97589 62212 23180 87276 6715 37781 5624 49932 52187 82683 23168 37958 24401 17984 70578 33773 58654 9136 6710 55333 16193 29168 19946 19329 77890 29433 77609 18143 90743 75949 67976 26789 84074 20702 49337 54837 9632 38741 14121 96658 10966 41279 19719 14936 70777 25224
77382 48002 61359 81353 1294 8326 98602 12644 96761 99205 31836 88235 31662 23031 97770 51825 3061 16101 64134 24356 91870 91902 69256 31047 30815 3144 77738 52926 34166 81353 94460 73371 53846 72602 97705 10311 60070 89036 33190 73843 63363 43822 21740 9051 89789 90146 72990 23807 69385 54747 82027 15788 82004 39729 46893 85340 8681 55277 98092 13112 10041 57728 67214 35812 7852 75271 70269 12434 8156 34914 49765 87619 83735 96087 94070 68599 51830 21071 75006 64995 77649 10146 51291 81046 65834 94305 1164 88733 3867 8859 36526 79791 2340 19200 75486 98481 1729 77539 79562 22196 17391 96630 74891 98737 92970 66938 42920 17092 97782 67481 86415 10684 36026 78285 24988 57646 85890 76749 63723 13569 24309 70422 60653 40070 94475 2528 65801 8419
62355 38190 89025 57769 45702 31940 90119 76418 83192 73114 8669 89262 11707 9844 64139 81462 72590 25226 3815 80407 88128 76004 67407 10531 2656 98293 64474 7128 8821 58445 66566 34932 54008 59150 63645 79894 66383 20033 41674 67738 69335 31299 15007 20185 78465 94235 65269 13291 57096 96033 24132 77674 99759 30459 24765 13869 84495 84815 15272 62282 36910 79841 61184 88463 44420 76193 44893 36641 770 31432 33564 77476 21515 16109 3335 24459 55548 7889 40339 51960 74186 58372 8113 69205 77722 83699 40269 29477 74577 19199 73084 69008 20148 40060 57650 41319 3036 3643 75088 41686 5607 63309 74294 26190 19834 54894 40747 91359 57607 78191 22265 68636 40516 50789 27336 78136 11436 49210 52283 29664 26442 76639 6337 77195 32205 75276 46027 28560
32701 86588 12516 30202 69805 20272 48048 50476 32864 82128 9926 83418 52233 13523 59203 77670 99024 55746 12030 62841 30361 52304 24963 69282 61086 96042 71588 80101 94222 6813 62526 947 9103 33030 5366 32177 95465 15961 74182 1422 34948 16148 9153 19467 22726 24792 5659 37652 65481 10728 49309 60817 76667 18511 3027 64464 20770 56251 8742 11810 92129 8335 86940 8988 31837 86805 54528 3520 47345 34816 67574 52594 62423 69361 48741 55975 54016 38972 15486 5225 83852 73940 73357 5276 68063 48814 48347 51532 54058 99687 58766 70477 43995 22305 62516 27492 477 31678 98358 9582 56481 71047 91173 62502 74558 96984 19480 27851 96508 1140 66880 64664 27655 59863 91606 31042 82393 134 96043 95480 94710 4911 58430 25201 75006 32450 76984 63478
23089 48181 31225 59725 72212 6539 69234 11175 65644 52909 79036 13515 84767 92586 21233 20861 19227 71818 34505 40607 66598 17467 47138 4462 90153 72044 8460 69736 91878 6542 29679 77493 66925 73357 17494 55481 67416 35104 12590 13905 20533 82599 94734 5578 11873 63319 27384 77152 97002 62198 61084 20093 70085 45925 66251 57795 65310 47166 34495 20089 89503 56603 93219 23589 15129 47511 94200 85901 11315 23676 6539 50621 51532 19954 21884 98570 7021 36447 99689 46820 50820 70894 20855 47540 29492 66176 58699 67890 31155 87976 23073 80978 27483 23241 22277 11547 32001 83987 83221 9257 99594 10151 43444 88066 90161 29207 4401 68916 15439 13254 76575 93302 95255 61716 69063 64328 4713 280 96985 2876 966 44920 3127 53698 89814 7069 53100 26190
6462 50419 43029 3272 38338 30003 29830 33433 72246 45539 32019 23606 6272 56365 78860 4937 52532 81193 67400 90453 29855 42542 42206 46784 59139 48316 91443 5388 3877 25141 25266 78200 48335 9860 94683 48526 8964 60447 6870 33076 69992 88830 20625 55723 82674 34279 17581 10932 17105 88704 8129 31291 4695 10551 2780 25698 54869 81421 84449 98777 55869 85320 70041 31549 80867 89071 28340 50572 35992 84163 32823 46923 26559 24922 19828 67903 54906 957 66321 4559 10322 37427 38882 4952 46435 89654 40829 12394 44378 89504 88415 91195 92970 5954 83933 4345 68368 56339 72520 41781 28891 36082 65405 834 98143 11739 88315 91606 62969 65853 88912 33971 56402 91937 43998 84732 66770 15884 35866 3540 53509 51526 94624 37482 56954 46070 1517 42025
75163 2671 82145 30739 91165 7932 10059 9730 73823 7641 42327 56822 11690 7888 54035 2798 3024 8985 37282 33630 30778 59438 67348 25036 60218 83565 49451 53906 69622 93667 25324 17756 5782 43423 54731 69366 35139 36588 84083 98224 32665 87139 74552 35419 31517 31964 52049 84941 98982 23664 79038 81030 28326 72283 13647 70667 54523 86090 74579 67875 37313 55703 93432 40384 44393 68884 36986 99580 537 24152 39807 91329 48532 95693 44968 2113 63481 94486 49178 97408 63019 23322 63249 21883 93385 21447 42392 42978 68795 87390 18915 60136 2214 31380 82604 13389 41027 14927 60443 37916 322 67258 86913 38805 40557 30336 18188 50119 67126 5712 5577 76339 11603 26991 21044 25844 67373 26715 91164 21981 14888 57088 37919 96529 739 12844 20683 52719
27103 98637 15225 37086 55814 36216 70375 107 41745 10894 47529 14404 10104 30126 54197 8605 16421 72803 61391 90726 8177 7008 91789 35066 87520 56279 8315 78192 96428 3285 75335 52377 35525 11388 97263 7199 43608 37891 71356 77692 52658 70642 69870 97867 64366 82115 39835 46085 65314 12102 95233 33058 20322 21390 81609 64516 78059 57588 63783 68910 70532 64060 58108 54392 49539 12365 46365 99311 64534 54607 69330 79640 49857 52371 76960 98227 88582 69613 32600 63182 35131 31745 16738 71253 30614 30856 20931 24601 4680 21035 8902 65950 53777 23015 99078 19585 13561 1111 39284 63166 74337 20894 78062 3034 74401 39437 29716 32656 64030 89608 6466 88554 94120 51563 13700 46984 14648 18081 80349 70493 68042 39608 8650 85103 45608 69999 35552 66463
36288 45318 47998 63991 85577 84301 7875 9521 91678 39025 39788 84694 45045 38605 23975 99176 98658 47135 68045 96621 35584 23789 59161 32902 68518 99774 16820 8713 11778 18990 48313 37155 77552 58491 83354 51426 53920 81568 47739 69861 79208 61417 85535 58349 37178 66639 15384 18684 7213 87737 12773 54652 77075 17323 47168 35163 44858 20368 20983 89673 86543 3839 65546 55190 44255 81988 48358 89101 58108 75099 10303 36173 28169 2381 48437 18066 63210 72374 13033 46894 99146 59978 53023 51928 13958 4852 85224 50155 32680 35376 67354 79 92260 89499 44327 21343 53237 76599 26404 70521 80491 41034 9477 77859 11842 7893 22203 88624 8158 53015 95466 34313 13980 6016 33301 77488 59908 59215 86850 17759 46414 48491 86700 95504 15172 70171 6471 8710
25553 4744 39158 18775 81087 67327 61738 20273 2151 26629 66748 35188 89267 74661 59783 96874 7080 72951 56054 91710 22024 50199 85452 94784 24114 9874 14773 57608 19198 77042 32520 35444 25266 11548 8444 62678 80452 64609 41337 2540 91850 85959 45931 75128 71138 48421 92301 19072 72120 51662 7996 13256 26812 90466 46371 9404 35752 76839 57465 56290 69963 16695 73391 22186 67438 67582 13770 21588 50496 71289 61791 20629 39461 55387 68553 9596 98279 37400 9075 25550 26764 35427 28307 20783 20416 30787 42821 656 48902 5113 37099 325 98982 23701 35615 42903 44226 69307 60249 29417 92392 4812 19641 52758 85591 77792 84396 16401 3048 84216 69658 22018 66902 15547 51223 91593 94931 59466 96056 89981 13543 74999 95671 9964 85429 97897 49381 69783
23072 53216 53127 9717 4740 32449 60869 12104 65601 43167 16988 60987 49338 55482 71406 44012 47503 88082 41943 70271 3617 5029 65934 26082 77825 89593 23792 85424 47369 83437 97622 97236 40083 2695 98733 43215 91866 8908 4776 38942 55736 10102 2816 99401 40937 594 75533 80559 5939 22751 25534 83016 21080 83874 38535 9191 71582 64608 13162 18569 10134 18490 19398 27445 86429 16604 15540 88723 44880 30425 42581 79928 46190 49638 86142 21767 12219 71909 38518 45778 7761 88044 41710 87522 94889 80389 78162 50496 4023 75939 22319 26241 24482 36738 10142 63830 74245 82699 68481 49029 28592 98132 45002 79529 17523 66964 39597 79043 73589 15342 35672 58464 12354 61308 63082 95523 21058 42499 48351 84232 17946 53270 48776 94842 71866 82365 40424 70291
98753 5516 20168 26129 22734 96322 92585 67577 94847 26815 63632 60822 40483 63881 74216 25721 41002 62221 82578 21396 7445 98937 63420 82737 20454 16269 31049 65490 64702 74895 74937 10764 40829 57046 84021 75719 15818 76071 51640 30789 3897 64854 29712 56316 4358 51854 25653 83384 62288 78825 32985 91278 65947 48875 95652 16217 81117 34384 19670 41093 86025 30029 73696 84044 63932 14052 85366 17283 35821 36424 48517 60702 53339 91591 71578 53469 23876 7671 32871 92848 37091 53995 53572 33633 85906 88672 69092 6308 64669 18965 19967 39140 62491 58625 35453 59694 4389 22307 28946 16506 64324 49541 58652 85191 81134 89731 67391 61583 58143 96680 59760 19346 3754 10464 55446 46064 91618 35788 50424 8078 20922 21477 78501 50055 21805 82793 64401 85301
95431 80152 14015 38358 75663 76241 3128 67129 64078 22452 58599 80626 19179 45792 33363 19500 89240 13105 8125 14245 12601 28746 12179 67830 2749 77982 61090 80380 48488 16800 40841 99088 68968 10261 75341 40775 18409 119 27402 45564 1164 11966 13765 52864 99201 62966 90473 725 461 55790 98093 66964 65018 70360 57115 38527 13507 33700 88133 7620 31558 38328 52586 34485 39666 49798 43677 7897 46116 43349 82077 1362 30309 46587 64466 25941 52657 17943 27712 90599 46496 79471 52709 58546 29362 14139 11889 50581 39067 58868 77089 79686 80648 99927 97001 52779 49932 51706 55275 20513 46042 61668 5806 10722 36546 41575 90383 48355 51663 55566 10636 19041 56721 92809 3063 11755 64764 97450 9884 77584 46243 9800 73397 34825 85838 68749 85179 95654
83057 84178 74749 59363 3943 55874 55539 80706 57250 97480 60715 72795 96856 75418 35457 80378 56207 81267 90006 73304 8183 50189 29200 30608 81563 37460 60763 97893 42131 80499 1129 8596 73275 78054 59411 10222 74051 79230 9484 48689 82126 55243 58877 29993 96713 72505 70706 7313 80548 15387 32312 57592 884 47058 1264 70546 56051 90832 27911 584 48507 45729 29916 34450 808 8250 77493 36643 12187 13465 73733 26891 61846 3449 51179 26068 62582 67092 80760 77087 6282 46872 77039 73251 18984 76066 55245 10061 51386 16884 49712 54079 76360 24275 32920 68065 50240 95013 96492 64723 10675 42892 85771 4687 82166 51140 78635 95536 48011 79927 43871 87985 23540 27330 91832 79745 88972 1381 27712 24436 82318 69920 25708 71719 81593 58752 81650 80574
79421 65695 28016 82923 9670 75585 24410 16556 24228 67236 69009 7830 35064 66141 68901 12439 31446 25215 7522 70215 86259 69082 1964 36938 12534 23602 770 72130 41213 19385 2894 23392 52367 78305 79506 19738 70233 38681 29909 65583 26181 95509 5515 52210 5461 26659 57537 96735 71402 63368 86783 80772 73269 77034 21353 49584 87864 79576 82101 21007 40700 62351 69735 30761 69455 77443 9518 87742 41436 8309 65750 71210 16630 95440 15478 63887 50092 47136 67302 88739 11785 68576 65190 54144 74329 10472 18916 75198 4965 81462 1594 84535 97511 6513 6530 84121 99276 35791 4546 46958 68534 33247 44933 21129 40079 42704 95612 71668 33150 18154 90349 23376 51225 67888 7222 46909 59173 20765 55299 9750 55262 59880 43909 70776 19768 5974 27952 34266
6951 30428 12206 67803 5149 49652 18776 71691 22554 50264 14765 79032 97039 32651 40384 1539 56478 63766 86171 7831 78899 45571 83997 47950 47385 79666 87633 56616 84196 93823 59508 98799 55588 4119 84600 62015 57813 8495 68745 50124 71518 88499 90206 26273 89939 45185 92707 79494 14035 99917 97209 65288 42094 18644 61726 58756 77873 23506 66153 52020 66226 28407 95452 10550 82070 40991 24282 85306 1131 83614 87378 71956 6176 79581 198 21071 52368 33693 30055 91668 77130 5151 96200 56896 69452 34503 72532 36658 88128 40524 5358 32413 7706 24443 91355 49848 3729 93186 62438 23292 55329 71138 67198 82508 83367 36781 90375 68208 35350 18435 80347 38506 16900 64746 21972 82067 98332 50046 92528 65815 78824 85081 15497 80215 34215 4891 84207 44763
18708 27712 85100 39053 79208 54425 26181 18157 2892 31818 82677 16973 89244 87887 94953 27526 80956 13100 61359 82477 36174 5479 30702 26470 79886 40785 56821 92844 8658 15820 37525 25985 52767 58283 59046 16513 97561 82737 10076 20425 30745 9048 39621 15936 7839 74731 41393 88986 35020 25004 86674 86057 76015 99358 40708 44388 44393 4816 65704 86453 64437 60427 48341 95742 2377 14524 4282 19865 55053 14604 16974 75027 23945 80980 22081 89234 57061 61658 64817 74517 71851 31356 88723 44917 170 48224 66593 45512 54449 35742 85312 79198 3096 33905 41353 25842 69686 40486 76906 69052 95654 98769 74097 52034 10664 51715 47896 51677 30183 16029 71242 71903 89882 2252 83692 14114 95101 74234 75320 40763 53470 18767 88603 51870 58375 74512 41148 85518
61215 60663 19838 41894 92296 93547 29124 24654 53128 68404 65117 69956 15709 32489 52966 10253 94270 61790 5272 17409 91599 83714 31299 22232 70621 47845 50838 37049 4396 91906 42162 23 93861 43379 55006 90874 34078 78955 38100 48706 26126 59338 30980 61913 87095 29901 33827 74927 6136 34042 66333 54048 47805 75002 5528 84897 79330 46639 36115 37085 61473 76000 5251 8682 18265 2589 82467 27383 52931 18835 91316 11991 57010 67903 29148 55545 69732 40721 94257 42665 25830 44722 4871 27766 17559 64535 73614 41279 52933 23853 75858 60775 59958 34717 29162 94837 84609 79439 38178 50420 43299 5623 79939 13991 216 88434 84030 57615 38704 96471 34318 80486 71515 335 66255 88527 3785 60100 8727 48821 84560 18527 89994 87330 25331 94410 67278 31260
31103 5694 15856 74841 84595 35277 73951 56545 77445 7548 22992 16032 99904 73346 19653 70089 96794 32295 35356 50931 65090 15585 41202 43338 18614 74776 77473 5967 54842 11221 78381 66690 40670 89720 98882 61065 80425 21667 38756 64417 69847 87939 21092 63687 44186 79042 45370 72652 15547 43416 95462 52704 93155 69294 15239 19756 2599 3983 44454 81156 80967 81813 49108 33090 57982 39638 56057 20460 42623 72375 36224 84179 19134 55095 99861 95662 90538 5367 5238 55843 96556 28256 80040 83826 21535 13304 81414 66241 95773 72478 45445 49416 30073 98471 19322 22166 20873 11402 38245 46316 98387 57625 37026 29407 28876 50232 82983 29922 41246 7981 39502 31574 64064 23315 46551 40147 24003 92457 37261 18427 17841 79520 29671 41289 2824 35297 25077 79839
2006 97430 29848 42874 24050 57362 31935 24519 60970 97094 26262 59914 17959 8142 78737 97950 12811 90384 40105 6736 36630 27229 34480 3672 8900 34713 79216 3586 66651 90065 31240 60626 83428 12107 12110 32078 44198 23159 7721 87329 76309 18481 40139 2632 62169 62786 64854 46021 59923 38957 61937 42036 9663 44460 15299 43668 7575 9317 8002 31950 8257 9373 88927 73079 68499 5943 55454 23800 9047 92985 32891 58133 81662 1674 39237 17721 56347 84313 48700 67708 71503 44328 90771 89429 76424 1566 8145 27092 3279 48676 46068 75393 28569 76361 40245 16810 11300 7314 7141 42280 15788 57829 40056 41533 25333 45406 40586 43996 21357 8732 82031 88461 20209 16971 98411 35461 53863 30454 64893 15779 62155 57802 2936 18060 68271 1397 54805 56999
50818 4998 19056 40763 7154 41921 8335 78360 81701 35184 54628 68097 21507 12773 70506 92030 45640 83497 36500 10428 59723 33432 30860 36878 58676 85382 50364 91570 81919 62853 82565 94815 6040 70987 55817 58958 94330 31407 27618 31282 90307 72923 45208 2371 27657 87008 85306 49869 39437 95549 11371 51803 91743 37204 95446 60924 42473 64182 34087 77141 95878 23542 86404 20957 32329 59077 98793 83360 83002 58974 27187 19063 62355 79723 45285 34113 78776 8853 27916 20169 50509 12184 21465 90646 8956 15813 2501 95552 10504 79350 19913 8271 25160 41288 4955 57379 24862 91532 15355 45229 13932 72763 93120 70344 38428 22368 99048 19772 91652 65078 30231 29683 27039 60061 42359 84945 1476 18239 40616 36531 34131 25879 15210 12228 98234 30851 47810 54731
59791 34870 90790 74840 21740 85356 15328 969 8341 6010 13745 87221 40647 17518 94361 81255 38052 49620 17450 22136 61578 76688 37823 8670 53637 87849 28412 17826 44709 21994 73413 23369 35805 39053 73668 20802 46749 56087 57591 920 90586 73831 77231 25573 12831 11813 85143 26089 53021 8682 66803 97117 10241 28667 40289 46008 12025 79308 19993 80559 92197 13106 55653 78801 75845 3188 21015 28544 73029 66390 44058 46706 7225 11021 24866 6853 12428 29265 75947 72332 52785 92969 73228 35374 58302 19683 70947 8378 58139 55612 83203 33253 39437 13839 20971 79650 49462 60440 66332 69358 44912 21370 70459 82911 97631 11801 81194 62490 11930 18658 11146 82137 15077 59357 23854 85146 93246 71029 14655 58535 88794 84242 22468 44372 73839 19388 25666 82881
68297 17366 61664 41918 98079 54236 74059 73706 71751 12765 68891 22891 7599 22315 72240 99430 35919 37211 63613 79493 2662 22710 54401 93774 70183 20489 64087 77712 29821 48135 21370 78269 61512 9384 86533 66067 9966 13146 60007 17164 32789 94329 44051 84786 24876 412 56301 67193 84293 30322 88638 3482 74908 54711 49774 92109 20233 71209 98619 34205 58796 4456 50745 55502 56600 59017 74309 83264 4114 41037 57383 8311 88776 8406 27217 11189 92674 82197 25750 11796 26416 52875 85455 94347 76434 74016 84433 50198 16897 21191 80786 88542 76981 67963 31851 47357 11452 66419 13976 65830 49550 71400 30054 84432 38702 39614 28196 484 87756 7452 40368 66712 10170 34850 47127 34313 97197 73490 11198 46514 34129 41430 6591 95599 15096 22385 90081 77859
79270 20772 6737 94476 10545 36579 71347 44647 24204 41468 83788 93548 56996 13667 77952 96895 70240 356 38763 21251 61483 65785 92229 97008 51766 95458 21271 56677 39186 15127 51355 70562 14311 45825 38799 18689 64877 20800 10229 11692 71454 31466 60199 5522 65448 77312 72671 62142 74699 36498 95651 64625 58008 1208 33721 60506 86647 12014 275 80866 17095 23030 7087 57679 50417 3385 34115 85781 34536 78260 47219 98597 83355 70397 44409 68900 50655 84429 34018 78262 34867 74022 971 61200 67243 79899 75627 76136 70415 67486 10305 20387 81281 10746 96566 3822 26575 24954 55133 54913 88437 46157 61157 22554 1145 69981 96665 62876 4374 85669 69 28235 94868 92426 71507 33098 60612 89744 32045 8746 89717 41348 95410 21626 70654 50926 18101 69888
35328 49892 25855 24452 15948 20699 6228 36801 63507 71835 67212 25959 94772 68032 82382 40083 23713 97095 60383 51038 71109 29365 91213 58115 87180 16828 88707 61175 47373 6822 54678 77724 44082 34021 59389 47251 94499 8586 64474 60810 67048 59870 90757 16784 90403 27218 53130 29197 35513 82901 49170 70595 52401 3746 88610 93263 80074 63384 4548 88597 59227 44857 51566 29703 36179 15958 20698 68484 70867 32502 72330 34244 80984 51595 29686 99159 23917 10784 16866 73825 86257 22536 73412 9731 80862 88789 41727 81772 35927 28907 73620 92344 7225 38895 73158 43102 699 10429 62214 57732 11817 1200 62991 27712 78928 38969 97432 95269 87264 77622 38401 98417 76844 45191 8923 55912 79882 69605 89360 49273 33950 61415 25657 78200 54199 71877 18426 84080
1366786 878853 1439873 9916 373219 159924 714102 458168 529119 1565187 1229226 672797 710307 110905 143310 1095 329067 776113 1518121 465101 1519533 1470647 793748 264676 540601 935994 973034 910030 227200 242753 962331 931146 1495805 596932 1347259 655240 417120 1213693 296158 630806 590946 198407 1512976 1562540 1167878 1089698 1207688 1302132 658395 1053002 339741 404529 1306443 869012 1387250 1263994 1576783 879303 670803 325055 1513543 605941 498574 537048 99695 924396 145228 77910 185036 1223003 696304 1535222 88078 423664 845621 777349 573105 1446797 143481 444913 771048 1323012 255270 1534394 43469 1060177 943756 1016906 635656 58349 925226 883945 89466 1431615 1125242 851335 1477266 967502 387682 1404263 189274 201999 1520971 493131 104813 912108 1040211 237147 1597449 1522159 291125 905359 266765 771372 1333208 163781 439699 741330 1247609 550198 867872 1267428 205840 1520876 625593 1123522 1071882 733990
