64
0 1 1 1 1 1 1 1 1 1 1 0 1 1 1 1 1 1 1 1 1 1 1 1 1 1 1 1 1 1 1 1 1 1 1 1 1 1 1 1 1 1 1 1 1 1 1 1 1 1 1 1 1 1 1 0 1 1 1 1 1 1 1 1
1 0 0 1 1 1 1 1 1 1 1 0 1 1 1 1 1 0 1 1 1 1 1 1 1 1 1 1 1 1 1 1 1 1 1 1 1 1 1 1 1 1 1 1 1 1 1 1 1 1 1 1 1 1 1 1 1 0 1 0 1 1 1 1
1 0 0 1 1 1 1 1 0 1 1 1 1 1 1 1 1 1 1 1 1 1 1 1 1 1 0 1 1 1 1 1 1 1 1 1 1 1 1 1 1 1 1 1 1 1 1 1 0 1 1 1 1 1 1 1 1 0 0 1 1 1 1 1
1 1 1 0 1 1 1 1 1 1 1 0 1 1 1 1 1 1 1 1 1 0 1 1 1 1 1 1 1 1 1 0 1 1 1 1 1 1 1 1 1 1 1 1 1 1 1 1 1 1 1 1 1 1 1 1 1 1 1 1 1 1 1 1
1 1 1 1 0 1 1 1 1 1 1 1 1 0 1 1 1 1 1 1 1 1 1 1 1 1 0 1 1 1 1 1 1 1 1 1 1 1 1 1 1 1 1 1 1 1 1 1 1 1 1 1 1 1 1 1 1 1 1 1 1 1 1 1
1 1 1 1 1 0 1 1 1 1 1 1 1 1 1 1 1 1 1 1 1 1 1 1 1 1 0 1 1 1 0 1 1 1 1 1 1 0 1 1 1 1 1 1 1 1 1 1 1 1 1 1 1 1 1 1 1 1 1 1 1 1 1 1
1 1 1 1 1 1 0 1 1 1 1 1 0 1 1 1 1 0 1 1 1 1 1 1 1 1 1 1 1 1 1 1 1 1 0 1 1 1 1 1 1 1 1 1 1 1 1 1 1 1 1 1 1 1 1 1 1 1 1 1 1 0 1 1
1 1 1 1 1 1 1 0 1 1 1 1 1 1 1 1 1 1 1 1 1 1 1 1 1 1 1 1 1 1 1 1 1 0 1 1 1 1 1 1 1 1 1 1 1 1 1 1 1 1 1 1 1 1 1 1 1 1 1 1 1 1 1 1
1 1 0 1 1 1 1 1 0 1 1 1 1 1 1 1 1 0 1 1 1 1 1 0 1 1 1 1 1 1 1 1 1 1 1 1 1 1 1 1 1 1 1 1 1 1 1 1 0 1 1 1 1 1 1 1 1 1 1 1 1 1 1 1
1 1 1 1 1 1 1 1 1 0 1 1 1 1 1 1 1 1 1 0 1 1 1 1 1 1 1 1 1 1 1 1 1 1 1 1 1 1 1 1 1 1 1 1 1 1 1 1 1 1 1 1 1 1 1 1 1 1 1 1 1 1 1 1
1 1 1 1 1 1 1 1 1 1 0 1 1 1 1 1 1 1 0 1 1 1 1 0 1 0 1 1 1 1 1 1 1 1 1 1 1 1 1 1 1 1 1 1 1 1 1 1 1 1 1 1 1 1 1 1 1 1 1 1 1 1 1 1
0 0 1 0 1 1 1 1 1 1 1 0 1 1 1 1 1 1 1 1 1 1 1 1 1 1 1 1 1 1 1 1 1 1 0 0 1 1 1 1 1 1 1 1 1 1 1 1 1 1 1 1 1 1 1 1 1 1 1 1 1 1 1 1
1 1 1 1 1 1 0 1 1 1 1 1 0 1 1 0 0 1 1 1 1 1 1 1 1 1 1 1 1 0 1 1 1 1 1 1 1 1 1 1 1 1 1 1 1 0 0 0 1 1 1 1 1 1 1 1 1 1 1 1 1 0 1 1
1 1 1 1 0 1 1 1 1 1 1 1 1 0 1 1 1 1 1 1 1 1 1 1 1 1 1 1 1 1 1 1 1 1 1 1 1 1 1 1 1 0 1 1 1 1 1 1 1 1 1 1 1 1 1 1 1 1 1 1 1 1 1 1
1 1 1 1 1 1 1 1 1 1 1 1 1 1 0 1 1 1 1 1 1 1 1 1 1 1 1 1 1 1 1 1 1 1 1 1 1 1 1 1 1 1 1 1 1 1 1 1 1 1 1 1 1 1 1 1 1 1 1 1 1 1 1 1
1 1 1 1 1 1 1 1 1 1 1 1 0 1 1 0 0 1 1 1 1 1 1 1 1 1 1 1 1 1 1 1 1 1 1 1 1 1 1 1 1 1 1 1 1 1 1 1 1 1 1 1 1 1 1 0 1 1 1 1 1 1 1 1
1 1 1 1 1 1 1 1 1 1 1 1 0 1 1 0 0 1 1 1 1 1 1 1 1 1 1 1 1 1 1 1 1 1 1 1 1 1 1 1 1 1 1 1 1 1 0 1 1 1 1 1 1 1 1 1 1 1 1 1 1 1 1 1
1 0 1 1 1 1 0 1 0 1 1 1 1 1 1 1 1 0 1 1 1 1 1 1 1 0 1 1 1 1 1 1 0 1 0 1 1 1 1 1 0 1 1 1 1 1 1 1 1 0 1 1 1 1 1 1 1 1 1 1 1 1 1 1
1 1 1 1 1 1 1 1 1 1 0 1 1 1 1 1 1 1 0 1 1 1 1 1 1 1 1 1 1 1 1 1 1 1 1 1 1 1 1 1 1 1 1 1 1 1 1 1 1 1 1 1 1 1 1 1 1 1 1 1 1 1 1 1
1 1 1 1 1 1 1 1 1 0 1 1 1 1 1 1 1 1 1 0 1 1 1 1 1 1 1 1 1 1 0 1 1 1 1 1 1 1 0 1 1 1 1 1 1 1 1 1 1 1 1 1 1 1 1 1 1 1 1 1 1 1 1 1
1 1 1 1 1 1 1 1 1 1 1 1 1 1 1 1 1 1 1 1 0 0 1 1 1 1 1 1 1 1 1 0 1 1 1 1 1 0 1 1 1 1 1 1 1 1 1 1 1 1 1 1 1 1 1 1 1 1 1 1 1 1 1 1
1 1 1 0 1 1 1 1 1 1 1 1 1 1 1 1 1 1 1 1 0 0 1 1 1 1 1 1 1 1 1 1 1 1 1 1 1 1 1 1 1 1 1 1 1 1 1 1 1 1 1 1 1 1 1 1 1 1 1 1 1 1 1 1
1 1 1 1 1 1 1 1 1 1 1 1 1 1 1 1 1 1 1 1 1 1 0 1 0 1 1 1 1 1 1 1 1 1 1 1 0 1 1 1 1 1 1 1 1 1 1 1 1 1 1 0 1 1 1 0 1 1 1 1 1 1 1 1
1 1 1 1 1 1 1 1 0 1 0 1 1 1 1 1 1 1 1 1 1 1 1 0 1 1 0 1 0 1 1 1 1 1 1 1 1 1 1 1 1 1 1 1 0 1 1 1 1 1 1 1 1 1 1 1 1 1 1 1 1 1 1 1
1 1 1 1 1 1 1 1 1 1 1 1 1 1 1 1 1 1 1 1 1 1 0 1 0 0 1 1 1 1 1 1 1 1 1 1 1 1 1 1 1 1 1 1 1 1 1 1 1 1 1 1 1 1 1 1 1 0 1 1 1 1 1 1
1 1 1 1 1 1 1 1 1 1 0 1 1 1 1 1 1 0 1 1 1 1 1 1 0 0 1 1 1 1 1 1 1 0 0 1 1 1 1 1 1 0 1 1 1 0 1 0 0 1 1 1 1 1 1 1 1 1 0 1 1 1 1 1
1 1 0 1 0 0 1 1 1 1 1 1 1 1 1 1 1 1 1 1 1 1 1 0 1 1 0 1 1 1 1 1 1 1 1 1 1 1 1 1 1 1 1 1 1 1 1 1 1 1 1 1 1 1 1 1 1 1 1 1 1 1 1 1
1 1 1 1 1 1 1 1 1 1 1 1 1 1 1 1 1 1 1 1 1 1 1 1 1 1 1 0 1 1 1 1 1 1 1 1 1 1 1 1 1 1 1 1 1 0 1 1 1 1 1 0 1 1 1 1 1 1 1 1 1 1 1 0
1 1 1 1 1 1 1 1 1 1 1 1 1 1 1 1 1 1 1 1 1 1 1 0 1 1 1 1 0 1 1 0 1 1 1 1 1 1 1 1 1 1 1 1 1 1 1 1 1 0 1 1 1 1 1 1 1 1 1 1 1 1 1 1
1 1 1 1 1 1 1 1 1 1 1 1 0 1 1 1 1 1 1 1 1 1 1 1 1 1 1 1 1 0 1 1 1 1 1 1 1 1 1 1 1 1 1 1 1 1 1 1 1 1 1 1 1 1 1 1 1 1 1 1 1 1 1 1
1 1 1 1 1 0 1 1 1 1 1 1 1 1 1 1 1 1 1 0 1 1 1 1 1 1 1 1 1 1 0 1 1 1 1 1 1 1 1 1 1 1 1 1 0 1 1 1 1 1 1 1 1 1 1 1 1 1 1 0 1 1 1 1
1 1 1 0 1 1 1 1 1 1 1 1 1 1 1 1 1 1 1 1 0 1 1 1 1 1 1 1 0 1 1 0 1 1 1 1 1 1 1 1 1 1 1 1 1 1 1 1 1 1 1 1 0 1 1 1 1 1 1 1 1 1 1 1
1 1 1 1 1 1 1 1 1 1 1 1 1 1 1 1 1 0 1 1 1 1 1 1 1 1 1 1 1 1 1 1 0 1 1 1 1 1 1 1 1 1 1 1 1 1 1 1 1 1 1 1 1 1 1 1 1 1 1 1 1 1 1 1
1 1 1 1 1 1 1 0 1 1 1 1 1 1 1 1 1 1 1 1 1 1 1 1 1 0 1 1 1 1 1 1 1 0 1 1 0 0 1 1 1 1 1 1 1 1 1 1 1 1 1 1 1 1 1 0 1 1 0 1 1 0 1 1
1 1 1 1 1 1 0 1 1 1 1 0 1 1 1 1 1 0 1 1 1 1 1 1 1 0 1 1 1 1 1 1 1 1 0 1 1 1 1 1 1 1 1 1 1 1 1 1 1 1 1 0 1 1 1 0 1 1 1 1 1 1 1 1
1 1 1 1 1 1 1 1 1 1 1 0 1 1 1 1 1 1 1 1 1 1 1 1 1 1 1 1 1 1 1 1 1 1 1 0 1 1 1 1 1 1 1 1 1 1 1 1 1 1 1 1 1 1 1 0 1 1 1 0 1 1 1 1
1 1 1 1 1 1 1 1 1 1 1 1 1 1 1 1 1 1 1 1 1 1 0 1 1 1 1 1 1 1 1 1 1 0 1 1 0 1 1 1 1 1 1 1 1 1 1 1 1 1 1 1 1 1 1 1 1 0 1 0 1 1 1 1
1 1 1 1 1 0 1 1 1 1 1 1 1 1 1 1 1 1 1 1 0 1 1 1 1 1 1 1 1 1 1 1 1 0 1 1 1 0 1 1 1 1 1 1 1 1 1 1 1 1 1 1 1 1 1 1 1 1 1 0 1 1 1 1
1 1 1 1 1 1 1 1 1 1 1 1 1 1 1 1 1 1 1 0 1 1 1 1 1 1 1 1 1 1 1 1 1 1 1 1 1 1 0 1 1 1 1 1 1 0 1 1 1 1 1 1 1 1 1 1 1 1 1 1 0 1 1 1
1 1 1 1 1 1 1 1 1 1 1 1 1 1 1 1 1 1 1 1 1 1 1 1 1 1 1 1 1 1 1 1 1 1 1 1 1 1 1 0 1 0 1 1 0 1 1 1 1 1 1 1 1 1 1 1 1 1 1 1 1 0 1 1
1 1 1 1 1 1 1 1 1 1 1 1 1 1 1 1 1 0 1 1 1 1 1 1 1 1 1 1 1 1 1 1 1 1 1 1 1 1 1 1 0 1 1 1 1 1 1 1 1 1 1 1 1 1 1 1 1 1 1 1 1 1 1 1
1 1 1 1 1 1 1 1 1 1 1 1 1 0 1 1 1 1 1 1 1 1 1 1 1 0 1 1 1 1 1 1 1 1 1 1 1 1 1 0 1 0 1 1 1 1 1 1 0 1 1 1 1 1 1 1 1 1 1 1 1 1 1 1
1 1 1 1 1 1 1 1 1 1 1 1 1 1 1 1 1 1 1 1 1 1 1 1 1 1 1 1 1 1 1 1 1 1 1 1 1 1 1 1 1 1 0 1 0 1 1 1 1 1 1 1 1 1 1 1 1 1 1 1 1 1 1 1
1 1 1 1 1 1 1 1 1 1 1 1 1 1 1 1 1 1 1 1 1 1 1 1 1 1 1 1 1 1 1 1 1 1 1 1 1 1 1 1 1 1 1 0 1 1 1 1 1 1 1 1 1 1 1 1 1 1 1 1 1 1 1 1
1 1 1 1 1 1 1 1 1 1 1 1 1 1 1 1 1 1 1 1 1 1 1 0 1 1 1 1 1 1 0 1 1 1 1 1 1 1 1 0 1 1 0 1 0 1 1 1 1 1 1 1 1 1 1 1 1 1 1 1 1 1 1 0
1 1 1 1 1 1 1 1 1 1 1 1 0 1 1 1 1 1 1 1 1 1 1 1 1 0 1 0 1 1 1 1 1 1 1 1 1 1 0 1 1 1 1 1 1 0 1 1 1 1 1 1 1 1 1 1 1 1 1 1 1 1 1 1
1 1 1 1 1 1 1 1 1 1 1 1 0 1 1 1 0 1 1 1 1 1 1 1 1 1 1 1 1 1 1 1 1 1 1 1 1 1 1 1 1 1 1 1 1 1 0 1 1 1 1 1 1 1 1 1 1 1 1 0 1 1 1 1
1 1 1 1 1 1 1 1 1 1 1 1 0 1 1 1 1 1 1 1 1 1 1 1 1 0 1 1 1 1 1 1 1 1 1 1 1 1 1 1 1 1 1 1 1 1 1 0 1 1 1 1 1 1 1 1 1 1 1 1 1 1 1 1
1 1 0 1 1 1 1 1 0 1 1 1 1 1 1 1 1 1 1 1 1 1 1 1 1 0 1 1 1 1 1 1 1 1 1 1 1 1 1 1 1 0 1 1 1 1 1 1 0 1 1 1 1 1 1 1 1 1 1 1 1 1 1 0
1 1 1 1 1 1 1 1 1 1 1 1 1 1 1 1 1 0 1 1 1 1 1 1 1 1 1 1 0 1 1 1 1 1 1 1 1 1 1 1 1 1 1 1 1 1 1 1 1 0 1 1 1 1 1 1 1 1 1 1 1 1 1 1
1 1 1 1 1 1 1 1 1 1 1 1 1 1 1 1 1 1 1 1 1 1 1 1 1 1 1 1 1 1 1 1 1 1 1 1 1 1 1 1 1 1 1 1 1 1 1 1 1 1 0 1 1 1 1 1 1 1 1 1 1 1 1 1
1 1 1 1 1 1 1 1 1 1 1 1 1 1 1 1 1 1 1 1 1 1 0 1 1 1 1 0 1 1 1 1 1 1 0 1 1 1 1 1 1 1 1 1 1 1 1 1 1 1 1 0 1 1 1 1 1 1 0 1 1 1 1 1
1 1 1 1 1 1 1 1 1 1 1 1 1 1 1 1 1 1 1 1 1 1 1 1 1 1 1 1 1 1 1 0 1 1 1 1 1 1 1 1 1 1 1 1 1 1 1 1 1 1 1 1 0 1 1 1 1 1 1 1 1 1 1 1
1 1 1 1 1 1 1 1 1 1 1 1 1 1 1 1 1 1 1 1 1 1 1 1 1 1 1 1 1 1 1 1 1 1 1 1 1 1 1 1 1 1 1 1 1 1 1 1 1 1 1 1 1 0 1 1 1 1 1 1 1 1 1 0
1 1 1 1 1 1 1 1 1 1 1 1 1 1 1 1 1 1 1 1 1 1 1 1 1 1 1 1 1 1 1 1 1 1 1 1 1 1 1 1 1 1 1 1 1 1 1 1 1 1 1 1 1 1 0 1 1 1 0 1 1 1 1 1
0 1 1 1 1 1 1 1 1 1 1 1 1 1 1 0 1 1 1 1 1 1 0 1 1 1 1 1 1 1 1 1 1 0 0 0 1 1 1 1 1 1 1 1 1 1 1 1 1 1 1 1 1 1 1 0 1 1 0 1 1 1 1 1
1 1 1 1 1 1 1 1 1 1 1 1 1 1 1 1 1 1 1 1 1 1 1 1 1 1 1 1 1 1 1 1 1 1 1 1 1 1 1 1 1 1 1 1 1 1 1 1 1 1 1 1 1 1 1 1 0 1 1 1 1 1 1 1
1 0 0 1 1 1 1 1 1 1 1 1 1 1 1 1 1 1 1 1 1 1 1 1 0 1 1 1 1 1 1 1 1 1 1 1 0 1 1 1 1 1 1 1 1 1 1 1 1 1 1 1 1 1 1 1 1 0 1 1 1 1 1 1
1 1 0 1 1 1 1 1 1 1 1 1 1 1 1 1 1 1 1 1 1 1 1 1 1 0 1 1 1 1 1 1 1 0 1 1 1 1 1 1 1 1 1 1 1 1 1 1 1 1 1 0 1 1 0 0 1 1 0 1 1 1 1 1
1 0 1 1 1 1 1 1 1 1 1 1 1 1 1 1 1 1 1 1 1 1 1 1 1 1 1 1 1 1 0 1 1 1 1 0 0 0 1 1 1 1 1 1 1 1 0 1 1 1 1 1 1 1 1 1 1 1 1 0 1 1 1 1
1 1 1 1 1 1 1 1 1 1 1 1 1 1 1 1 1 1 1 1 1 1 1 1 1 1 1 1 1 1 1 1 1 1 1 1 1 1 0 1 1 1 1 1 1 1 1 1 1 1 1 1 1 1 1 1 1 1 1 1 0 1 1 1
1 1 1 1 1 1 0 1 1 1 1 1 0 1 1 1 1 1 1 1 1 1 1 1 1 1 1 1 1 1 1 1 1 0 1 1 1 1 1 0 1 1 1 1 1 1 1 1 1 1 1 1 1 1 1 1 1 1 1 1 1 0 1 1
1 1 1 1 1 1 1 1 1 1 1 1 1 1 1 1 1 1 1 1 1 1 1 1 1 1 1 1 1 1 1 1 1 1 1 1 1 1 1 1 1 1 1 1 1 1 1 1 1 1 1 1 1 1 1 1 1 1 1 1 1 1 0 1
1 1 1 1 1 1 1 1 1 1 1 1 1 1 1 1 1 1 1 1 1 1 1 1 1 1 1 0 1 1 1 1 1 1 1 1 1 1 1 1 1 1 1 1 0 1 1 1 0 1 1 1 1 0 1 1 1 1 1 1 1 1 1 0
40929 77160 7114 79023 93379 65171 19531 95520 4534 74249 26765 80490 69022 85636 59294 7846 21367 47009 90646 39555 77609 71422 18652 46206 30122 26284 54334 80835 79997 17606 10825 49449 74767 5100 17739 83273 26900 82930 44926 39498 66727 91235 22000 22494 38654 59174 54976 63597 81961 72484 12035 98842 49344 11599 36318 4181 33191 24130 9452 4995 21118 24140 52559 40412 53771 79124 37948 98623 51396 99923 9092 98717 63988 85542 70368 39747 3777 97014 47251 20624 99158 88341 35346 44586 48209 60244 87675 82981 58031 83087 9384 2238 2496 43811 85150 44158 34053 84984 18587 17200 51782 23452 11911 29031 83190 36352 40728 86997 24212 51590 89788 63667 20648 9729 31198 70257 95931 17342 3407 14896 51889 80154 67384 16358 43791 54350 18645 70374
60645 6460 62424 86610 83748 82590 54647 1820 79013 47455 66168 5113 98219 39700 17661 32437 97269 94522 96183 79729 74429 39814 5984 68393 94999 26987 29317 81086 52184 40575 26453 40845 25031 39784 14187 2988 57622 72042 65886 49835 6881 16303 23303 68303 30697 53969 88223 5989 32793 77213 50521 80718 81449 60239 22282 15584 32075 2759 3717 47458 25346 43437 58121 13826 29848 38849 91597 47385 98949 93819 22011 37330 24480 13778 98121 10663 94847 6005 80201 47911 81938 57779 2124 19648 67390 55193 29565 80800 44772 20517 46248 1138 46273 41991 72692 26590 48312 68339 98726 25420 3739 38508 2392 49017 90651 647 36382 4288 29676 68633 52929 79432 55976 40695 43062 33020 49165 55250 26479 78361 92398 87607 123 65581 30129 95174 55452 31590
30600 468 90020 64884 30730 49379 50678 69628 91626 71367 75707 80046 40369 56742 29827 33607 98142 54452 23613 17555 61764 29358 94669 20596 96855 29564 90462 56429 82601 23359 71706 22101 33244 57852 61938 5658 16254 21258 8401 12966 33819 7659 99435 84492 32611 44266 85923 55680 31318 4075 99048 33841 64101 30509 43478 55449 91715 8478 81762 22373 79949 18272 68122 4179 10159 35130 51377 65909 15270 91512 64628 37741 81222 88910 88283 29983 30294 77921 28644 57478 3682 14503 13458 376 93341 80931 76998 71768 34682 79423 11606 67141 99310 84424 16245 47543 84915 22500 80486 56983 39030 33751 24378 3153 76434 92800 91792 59434 65582 90114 85260 12259 44831 88892 79798 3844 16484 71534 31648 14855 60687 50754 32375 4188 48216 73755 85712 86874
65516 42188 351 57682 79963 98824 21147 53341 686 24617 74599 10263 36537 71015 44765 97098 76183 5029 68363 13498 66311 60590 86052 8089 87663 31995 72990 90397 78348 89101 35991 64880 20666 42998 50333 53221 3347 38110 98961 43837 45522 95222 73294 14852 77556 19155 66191 3702 93617 89871 88817 97443 3034 50173 94753 13557 45336 3756 92362 88593 82148 34832 76216 90759 84420 12961 90851 34415 42053 35737 43898 95475 96079 77288 69 82901 25854 78006 61022 20822 79406 5102 406 79492 28190 31044 66636 87965 88224 38860 31411 35518 64315 74009 14866 15372 54366 50461 85178 58796 55740 84174 22902 48369 26943 47288 62223 33872 5169 91607 90949 21626 3771 78190 95702 43511 32925 41934 92090 44429 58669 18023 15465 7199 73890 96687 13741 29012
71646 49695 35131 44277 3590 65576 32167 72348 82092 63528 40309 75653 85996 41417 35458 86467 21629 62447 5563 69471 10062 90495 42661 1727 14655 25997 29043 22343 61871 26835 84468 57251 81291 50492 70771 19820 794 85826 35430 51507 34878 61068 28515 98121 970 59391 67431 87307 61193 31905 68677 54614 43754 21736 50496 86651 89781 23855 31006 87414 97903 70642 80542 77005 88124 31835 19474 14018 986 60626 51799 88006 45082 49130 32473 71919 31104 42862 42760 36168 57577 65321 76443 38856 69247 88118 60342 66347 32335 86616 89520 80668 45007 59837 28363 61519 90162 17940 15514 15852 22690 17055 78260 22478 10691 59527 8120 4425 26196 44506 88440 94274 57587 33609 62370 50020 523 11740 88130 7993 44239 55904 3950 46870 4232 71300 41354 77485
43977 18027 32966 86463 80466 55893 51131 12494 12381 26917 66740 12284 90338 22976 39507 4851 80730 45935 25274 50385 63155 31333 45884 98082 48555 54298 17232 63746 73795 11758 53017 92194 39468 56981 35550 23413 36287 24079 22065 93172 52026 33590 21945 49855 3863 14632 89076 40922 57578 73694 70015 84523 54388 98658 43125 80327 84244 10753 18915 4139 43111 54320 86890 28942 36023 68846 86938 81394 229 417 70930 9780 74870 15796 86805 73447 3689 40895 4941 34838 47577 77785 94684 4842 56846 87755 67594 51062 86205 29984 66301 16248 83996 99046 33966 51003 19994 93225 64221 88887 91811 37739 70306 20328 20422 17762 90148 88344 3163 90519 55424 72864 81925 23101 81216 53336 26283 20000 38413 43588 26950 21039 82747 26308 2447 51289 22193 92426
33006 495 45764 36355 67215 93839 66101 9483 98123 2962 33542 45759 87090 25592 54971 579 81776 25235 41151 80012 30347 92460 21189 57002 8001 12278 91237 64707 36286 3760 61322 75734 99247 1074 66570 68313 5833 81409 84742 80905 1205 37912 31238 72719 47633 19037 29164 68776 51577 50784 170 47199 24487 13912 17361 11024 36569 42027 6228 48150 28143 70196 86494 42952 85098 2129 30495 4847 46626 28792 89238 43322 59821 87209 54875 68806 80396 65864 89521 33586 65403 73638 34731 43059 47723 36457 17706 17336 43650 18369 98512 62237 93090 48975 40516 17052 39759 14198 82941 58688 97366 2855 28453 98898 77368 57530 67837 77051 27408 34789 3040 92982 95201 57546 79077 94932 29349 24236 47606 60375 12461 26955 96947 2197 99196 50941 60301 81779
37851 10603 56024 92541 4241 39294 32765 53579 34594 59921 326 98057 81200 20992 8836 36349 27164 8241 39480 56632 45123 53685 95282 90329 69054 23364 53180 39768 33347 42968 85896 33063 5212 8402 50806 29684 13721 73479 80566 35822 4726 2786 39821 4757 86687 97677 98553 77161 74075 27772 86324 59898 84577 21849 49825 16292 54209 46802 95548 74649 89367 11453 71245 39447 67957 81585 68104 74582 48439 2422 9016 33393 8931 42130 83435 23605 21905 36838 2294 95487 47410 93107 37177 33319 831 5764 77890 44908 11016 23128 78108 58370 31759 24581 88970 30624 31541 68186 94509 32399 72214 60566 23359 16862 5766 59032 35964 59259 3336 4909 59476 5846 69383 74464 47439 39273 116 17246 9443 65484 19025 99914 5956 3518 98578 34751 8251 32768
50761 17085 656 13563 72280 83130 65485 49676 93395 43013 47612 88450 15566 43699 58752 10553 18837 36473 44106 99943 47839 94946 33100 54135 23814 50603 2215 19497 16616 91741 64641 27968 66440 4619 94554 84786 77172 81131 38662 11205 67983 23954 45126 5837 8611 9707 23440 62505 83139 89938 52442 66736 85077 70477 72877 12635 84314 46723 57323 15076 88308 11521 13605 25136 96642 71583 24861 27398 3458 79134 2347 91431 99105 7832 85199 95655 38481 59866 61449 42310 10523 74125 74576 62693 98866 66942 46130 21819 20185 91450 28228 62662 62433 13895 43648 96720 75212 3899 26921 53954 76844 67985 61907 96712 16197 38587 14926 94873 2163 50575 63482 14698 51782 26291 68866 62260 26509 98516 66593 2106 56747 10773 53636 98698 66188 96554 41937 6573
73972 53573 8102 92088 81268 78000 91476 79895 64510 17303 67587 16768 47517 77935 75874 64406 42666 44038 99476 63582 89723 2061 21004 94930 87109 42079 51735 48558 85908 44436 26724 65767 27503 4774 10872 29836 66658 34525 79853 69533 75509 78485 47884 662 72265 63078 19899 10830 18892 74048 54952 13591 59610 34589 84832 38979 90965 81735 16968 51906 87412 27280 15185 12052 78057 85378 2703 58411 65979 94112 67203 32044 22008 49271 91617 42897 98866 31829 93773 10191 35183 15881 4315 91066 63795 38175 52854 49190 41828 87007 34795 35490 78842 76746 54801 16321 6019 56383 39671 53635 31031 66360 78529 86123 5669 17885 28338 10394 68244 78881 67800 37414 32607 18663 67106 71829 63711 48050 4127 80945 76620 49419 21689 8782 23351 59550 12640 89470
1281 77689 82730 51748 97767 92184 97599 92698 42769 72087 93196 12500 37129 11879 20247 69584 64847 85044 68618 35086 18817 56249 32668 42626 16710 13641 42717 99358 39922 95078 90944 16504 93362 46184 83847 12454 13369 86515 84040 12614 73286 91324 73674 16645 86071 6796 32562 71244 10406 1224 20305 68509 81877 62255 24109 60023 33182 61988 3025 21387 16851 39510 741 10047 88199 86553 22601 6957 68106 30843 20620 39046 67715 16881 41992 3581 56224 1171 12061 71002 20730 11767 86301 97097 49584 31829 75695 41305 12669 73246 17737 53556 43381 88558 60676 74087 57093 55196 17445 36792 86608 92855 26465 87881 26009 63925 83198 91221 82945 23375 65614 40937 8847 49040 91939 77395 72017 63606 53646 73313 66412 13655 18953 61181 83859 71704 27579 64551
81919 64877 70352 68924 87547 33636 2414 8811 39233 99308 30643 11283 52890 30645 51324 798 75285 49474 76687 29289 25784 54356 49602 4369 36648 72210 40619 57471 32718 82391 77811 30197 38821 84219 84496 52703 59247 82696 69058 12026 55584 22165 88712 31918 95389 97333 37995 71858 15954 16684 89938 14495 12405 69747 70684 40752 76184 37145 28642 88516 96171 63180 23796 29644 39803 63320 83070 79455 5175 59325 54392 6202 24703 5515 71594 60933 73790 98254 6621 23670 34330 56088 77137 78641 49591 54897 37500 73631 14584 43195 35454 13152 10696 74307 978 27904 51050 65378 30806 70396 31522 68470 70307 96082 20783 32422 26597 66957 78084 25285 25778 14625 16750 80548 13552 43256 27654 3895 75759 60816 14873 62797 15203 54506 44011 92876 66009 54457
63131 49145 96462 91922 59439 2706 3675 99612 25476 95612 35037 90370 99190 7451 46764 5742 6686 82592 78188 43500 45637 71798 83919 89297 89758 16451 19554 9114 81417 5359 79963 83648 71321 46551 16729 79705 77601 43182 46680 26866 96011 67484 86699 60862 9497 24231 33439 17196 74863 72463 15857 31222 20016 91844 21427 16676 86401 12847 14122 18725 79678 65368 74205 49296 86189 72313 74876 19701 56358 97853 87389 40924 66893 64710 86668 81210 6447 36819 34112 1734 68960 50331 91776 55714 72736 25667 38367 9318 84870 29925 69087 98133 76893 24327 72969 15974 7453 88141 98733 82970 79524 58540 81606 31966 75866 11791 61685 5839 8026 90351 24100 39445 97003 66939 69470 81649 42748 15282 89208 92031 54204 65316 36517 50925 15195 4241 26734 41445
84071 72834 64562 18974 33454 90235 41847 98583 85845 32260 32395 90450 38187 93513 88411 51795 39664 15505 34477 41101 54080 6673 5387 64505 39211 40701 75100 71494 94044 1914 95896 50192 26031 43277 4864 82487 31868 12068 70240 62975 35485 92307 23894 31855 46384 77469 33360 91753 33917 13087 99675 94991 83088 73266 66420 93391 80193 91161 94796 28931 84910 11428 39290 87958 36737 62735 67705 56634 36785 42679 35509 68645 18475 70964 78605 51276 16313 39464 81320 36849 11109 20560 91352 88880 72688 76126 53710 1348 68835 57611 51147 91746 31355 38293 33210 51108 48471 8751 49252 62202 72885 50921 71440 40594 10106 63991 38325 54541 68775 36713 31569 42973 18923 38386 2244 46325 56965 42982 79359 31572 41528 75494 47587 16727 44089 80572 44958 31910
31432 27700 10866 12135 4542 69514 16248 58611 35890 65373 66995 32193 53807 75961 36077 82921 20939 53464 71201 47956 73340 80983 89996 38936 50572 21492 68155 79957 40507 39434 80918 25773 5340 37238 75894 91966 27745 18894 97515 90623 81260 46596 84269 15517 78677 18466 81299 68809 23461 95504 20630 62742 78015 64812 86015 73379 99924 87662 60459 12152 31336 98476 55877 13578 55676 45159 56988 89141 89841 94352 83578 37193 32420 33185 5827 22402 85024 14598 47122 70682 93551 92282 24515 6369 14727 30390 96192 97568 90612 17039 20677 36089 23614 69802 54073 34796 42 53239 73469 7757 8301 16128 21954 74606 73384 67047 52248 55575 42539 76763 12319 85531 70684 66549 90873 18463 34895 71768 15234 37960 80632 80249 48130 93590 45617 75581 95544 24926
85878 52080 6583 2673 2707 22658 71336 55959 40031 87138 47053 49871 75763 81841 8639 47946 57119 49479 57818 52292 5495 42107 57229 64674 62155 50398 82702 36754 86115 80084 12030 29999 52023 6760 89452 43350 82326 16625 32468 56738 2228 41064 82245 38658 15903 77285 43236 29562 58444 95027 52935 92005 11659 82126 13018 69695 99945 44023 69179 49714 2438 67870 71975 55308 5524 97063 28043 36155 78551 54765 66942 78117 56196 35222 19017 16185 33383 36502 22503 6292 83555 10936 42654 74212 50843 5576 17749 63477 57 52441 71381 38113 36719 6853 65608 97622 74696 59010 85797 35399 37996 14862 41715 30647 90835 81993 25549 77059 74587 93531 52733 6853 94618 8725 75062 89049 10943 73824 49406 83829 48116 47276 39092 28195 23734 32677 93041 20771
21532 74584 28660 21451 79916 36048 90109 17283 23740 88881 27194 84634 79303 18179 86799 34266 4536 69151 22437 49515 33522 91140 93175 52272 85953 89949 76755 97771 74540 80580 4726 38415 55747 97230 68366 54395 69789 66880 44918 63924 67322 5422 55374 78019 65829 20472 89964 26474 63210 91048 28702 27418 97289 86670 43076 47590 65301 37594 30409 50878 23314 50334 56116 725 1442 46881 56530 14988 36925 10488 27710 42031 1770 26279 64662 15644 59186 26334 67306 15332 20285 62772 9073 55372 97790 16806 36662 40110 72721 51439 46564 94345 74792 96403 97146 90573 83944 43564 83061 80402 58452 1108 39354 32773 82597 1434 59287 93924 16084 17440 3740 8823 25226 30058 73384 1164 89075 52508 76728 67925 39189 94062 10485 78035 55684 6491 30899 97649
64496 64953 86987 42492 29012 2560 6508 94193 55055 97905 39054 81401 1949 7585 70109 72625 65016 28711 20886 26262 44447 44197 15698 28674 78430 82510 13556 89192 95537 14368 76515 68207 78571 94479 82650 29060 30669 56288 23606 77307 66889 40180 57137 22552 27009 44970 83393 70219 13800 60689 51960 55769 90712 15355 40435 46922 60915 2233 36599 68278 917 26928 73619 29782 7951 81718 67570 53238 70968 21707 68678 80577 80393 17871 89677 1130 12480 70979 37708 35606 28605 92427 87078 60685 37502 26449 75894 45688 50705 17378 13661 84594 72687 7797 67119 82268 89979 91102 98425 51575 80765 13636 20529 38032 82096 52935 33235 93495 79242 51917 24577 4297 92126 33446 60411 29221 74658 62417 54336 1803 68069 82890 57542 25701 48274 3682 53285 72205
13210 41286 98929 36626 59719 47437 7315 53834 94180 60619 70239 15558 12293 37288 80117 55708 29458 15560 99244 64116 29196 25590 60211 98899 19863 34413 93172 21118 66948 28903 53733 15356 8421 86681 50906 54089 64205 12037 40449 76614 44007 48952 4135 71323 32856 27670 34913 18816 41721 32980 81468 21236 45437 6976 17992 89296 86604 35002 90025 97388 79050 20393 31936 56223 85552 6653 32061 59844 87402 59068 98668 17824 97058 63938 90782 11572 72516 45296 81925 6867 61276 76309 59248 46122 98403 84678 21607 55 34848 19474 79214 10720 36708 82802 16675 27898 86650 55703 86198 43334 51383 49109 14471 76214 50726 58846 11406 11073 26691 665 79571 91255 88717 21713 10337 50111 96197 45754 82621 46275 78451 61946 50599 21507 59662 70120 3956 72985
54318 15040 87806 56968 97285 88059 60917 35801 85343 87676 85578 67345 46795 47600 80185 29429 24298 76163 44408 89077 32253 60073 90573 91402 44227 96554 64912 76429 60245 24232 57989 25248 60945 21147 76136 90632 65308 6938 80003 67986 515 5095 9519 13349 39146 48872 52116 5314 85198 92366 43253 90841 7055 7129 69778 6459 56793 38799 31321 95812 90575 67783 88707 80259 36419 10294 26775 83097 73211 49791 85875 81160 13243 26701 78746 44103 76428 84393 33731 1817 34271 7948 85559 34077 51823 49703 60465 81159 31945 53448 95384 42647 97800 7567 8155 72297 83654 8813 26842 2712 67040 47858 88956 63148 57984 66850 55131 3200 29313 44451 6796 41641 60406 66802 79021 22787 83844 15210 64549 71280 29148 92570 54576 16915 92463 5501 21912 65761
32792 66740 44308 31178 30278 40613 37235 54007 90836 80806 39696 36888 66355 35200 96143 1160 5213 7519 56960 37689 31114 91680 61488 23389 21784 16666 13293 44644 55887 15336 73174 47142 4077 75650 17832 82229 22243 84961 84030 89238 5453 15817 29951 55145 68334 67777 60258 65288 57198 93048 34086 3157 42023 20094 40537 23682 21270 80097 63026 39144 6980 6070 72201 80523 29569 36387 96007 18304 57881 31268 13077 62850 58031 42328 23381 54588 66824 66676 36251 44500 40042 58495 91256 86047 11414 17064 37465 32127 70173 25682 56709 30274 48481 19344 89566 78501 31151 97513 29904 17614 19903 91589 42412 3441 88450 92947 96017 83551 53561 78413 55339 22767 55036 44137 68237 91370 12096 49436 75147 85046 54873 53755 90155 76571 25987 30854 40184 21875
58049 13046 98186 22918 17925 8571 60177 98041 8523 90381 42417 76247 66551 72871 16800 36714 87003 51846 30263 74967 83689 1793 43413 95085 98170 84721 22161 64353 33130 24613 38185 10640 47568 23546 96394 13223 48660 35863 31405 9265 5512 14068 81559 43231 52270 61440 5714 5786 43447 46416 57260 17665 97348 68793 33104 22602 86892 51559 10668 44946 96806 39534 74812 7966 13783 48266 17650 47945 88830 85819 70238 23949 98680 45568 552 87616 5051 67990 24731 97321 47939 71666 56709 30953 79152 16023 84003 40913 36597 14564 2955 44488 10145 27428 73976 35597 92415 89349 30535 94756 7521 94949 64884 57905 43458 52595 58578 96179 47748 64419 99843 2865 77620 67599 62901 30789 4672 48000 87884 70916 46411 97428 33372 28406 12827 52411 23212 39376
2754 56480 64557 35192 15150 97330 48777 6216 92776 85687 19298 99048 85376 96520 47465 25957 54993 84861 28231 2456 64809 42627 33921 5414 58473 49761 75426 33984 26881 89293 14161 28126 99932 43693 49662 2204 32750 38758 94190 9820 35822 22191 62202 85827 50271 79608 81884 65358 81773 66603 96924 71562 68499 71216 83370 6661 30650 67921 23707 57256 33489 78836 64426 89265 39801 10020 72933 62023 25398 14717 93822 65777 83237 69331 82298 69003 84679 22476 13942 83884 46756 94347 53217 12147 92556 95635 88894 82521 98279 75236 55073 36429 49980 39887 86994 22974 19313 89897 60477 41922 53874 7436 35275 61682 12846 46042 6739 1176 39721 53003 72153 41871 60585 59841 5677 63281 57533 82730 78974 64851 15927 29680 93872 89869 7155 84734 3059 61508
60969 21348 67712 84629 4055 84425 80219 17284 71322 59094 47283 17453 83501 8021 87502 9105 37163 62399 77841 34871 21459 10612 15070 15566 70808 44558 89777 67337 55917 87776 17317 72796 10775 3284 49171 57021 30789 55731 67525 79791 70100 63173 11941 68057 76938 7910 53560 43813 8914 19558 36179 13186 79208 55657 51306 73191 37124 58429 70341 42044 14302 99877 14630 5273 11169 36086 84904 43259 46736 75977 49038 3674 61013 29691 29631 7051 87910 61649 20163 25901 90399 13207 49450 53421 42446 27682 15329 98342 37108 20567 66523 44 90056 86547 30196 26594 51379 82119 51397 49462 97310 47865 57907 61434 7440 2734 70339 27689 76086 88846 51189 39312 69973 59325 68079 58360 72792 25424 56426 49072 23548 49754 67525 10507 43933 64907 93071 30654
90383 40141 20827 10707 53106 36741 60369 149 46445 49794 77204 73287 97118 32453 28882 52214 1522 39447 63313 37689 21205 86916 88441 25606 21425 60452 53299 64337 61848 67886 28710 62009 93638 28361 24545 19950 55769 59586 59387 12276 3710 70433 57495 9570 68038 21809 31729 318 45198 79446 18624 98135 45800 89548 15285 81848 9497 52266 31995 90081 34703 11369 65966 28358 36879 3626 71639 77100 81578 22082 43718 21369 81425 96636 61565 53166 89869 46632 73824 80379 67946 36999 50828 60694 33662 34269 19357 41349 11315 49156 90342 15035 43407 67771 57830 16850 25417 36240 82495 82355 99445 2639 50144 29289 67555 25079 49510 15050 80847 3724 77853 7794 66024 51691 62116 34967 24675 25487 68960 89445 65622 85559 88138 59539 87033 31690 40035 93112
86436 15810 96399 91673 25710 81265 94138 5621 52884 43359 46636 3002 97472 51227 84615 25874 44301 57907 86285 15819 86936 26903 79485 17596 7582 29951 42144 1601 40262 38045 32897 97133 84803 65541 59836 2297 52081 76057 16988 72357 9965 44802 92292 59814 27672 61644 49480 89996 65010 60472 71777 27441 45013 15887 24237 36124 33659 57172 8401 80889 46066 27227 51956 94475 6859 12993 9878 3919 86767 50938 83116 92405 91879 82995 87283 58214 84533 55260 27054 30488 34421 33264 40794 19768 52590 15200 84521 1557 29186 78859 80970 95692 75798 35440 44695 4092 4681 95385 85613 24119 33001 33093 9287 63074 29235 79099 31857 74614 42160 16594 6694 93341 42102 34253 4934 93938 24443 43839 68119 14673 7878 23684 59326 65402 21059 30000 67795 26573
64080 7513 54509 5185 87075 48650 23344 23323 84260 22849 16944 35306 69930 4504 62086 4279 91037 59309 27122 92565 62633 96735 52687 41511 66396 99627 87987 44543 96101 15266 78067 7796 48108 78234 1233 73518 39751 65932 79724 54041 31621 22996 78297 69033 20846 24749 2105 34808 18940 87823 28120 14607 59854 79004 55342 7530 42593 13278 45450 5242 15932 19747 23184 68279 24592 43360 12593 87245 72499 39529 72625 31696 66086 43733 85157 33674 8507 64760 23133 5949 3476 83031 2711 52095 85352 78036 52128 71664 29841 4316 52788 6373 15016 23390 92704 81349 78542 20523 25321 5746 96509 40939 7984 63371 35991 59249 69132 47399 38762 65604 27889 41907 96238 17487 75626 50173 46900 77497 69627 4892 36643 79391 3264 53627 50141 36804 50148 49443
54860 72103 85774 27439 46088 1246 81005 56529 59972 29788 86052 57574 82172 88512 46875 16753 67507 83101 94568 69627 66779 31243 21134 25037 136 64212 14465 93925 11010 19476 90703 29305 10781 98989 18332 36984 45839 84991 66893 42876 88637 77729 53659 79401 69701 13086 26551 51860 52634 75857 42559 63404 45927 96354 32105 44106 23598 50618 80461 42093 31756 35751 6664 89368 22799 94533 63948 86986 32764 19217 15819 4935 77250 35731 27011 91336 29454 2380 57221 68383 23022 53874 13647 71391 41277 42416 75980 26656 92391 81549 60955 62408 80251 78131 54825 43977 73607 22247 96735 44123 42051 63608 30611 46800 20073 6959 11157 96944 72726 15484 31133 46357 81925 65766 60257 86972 85236 91170 56770 36603 9741 79765 51261 84355 36924 20874 77358 47639
61210 47070 16670 75338 83339 39432 73837 53920 40470 26307 80344 9190 34333 9136 3072 48975 68355 4428 89916 61686 14338 98768 22743 43069 91628 79373 23810 28918 94062 64075 57574 17762 17209 53614 18454 70755 17171 97714 10202 59460 62490 19767 30352 25451 92420 46836 255 50642 33879 53868 67745 15057 63524 78617 62589 24468 89784 70709 90111 15007 55519 67562 41374 58148 88877 60221 56124 87191 96692 43486 13278 35808 46344 32238 71549 43529 34693 92840 45654 42867 16512 79404 97424 3809 3736 98771 15601 10803 26348 80175 12406 101 11804 93376 29034 81626 66835 59321 23413 10459 97701 87682 56514 48647 68590 2773 82667 761 96519 91172 1545 6833 3039 25098 9541 87345 36717 31406 16937 21657 69441 28687 72478 29332 25563 211 4554 81978
46128 83261 75910 8490 32324 27089 91405 37338 78600 21860 70228 15502 6534 20756 83539 26639 45754 33280 87601 65363 14251 86910 35336 49940 96470 45437 79228 97127 4086 5527 56922 29501 69961 49105 15127 97454 10940 95061 89845 3015 7738 4973 1523 60842 93754 68125 81266 42907 5360 28185 5175 22601 66799 168 91703 48513 43000 3711 46685 43379 39611 81996 78816 98465 41051 7724 12990 34851 41607 20332 98252 52763 24424 32686 91140 73197 66714 90346 96632 56459 27695 56738 70319 89566 30045 49139 94527 31881 17653 93538 49705 50574 88052 47044 62488 34872 9802 38174 54994 56452 119 37485 256 85032 85764 23743 36783 67082 64605 22314 36220 85958 42634 67252 30275 442 2740 17460 4946 52313 24261 50436 60550 5388 79567 68817 75333 85277
60728 90537 43552 15514 81008 45679 47863 47106 63286 93024 79232 4321 17345 38159 87541 95422 94391 52578 87650 33501 6534 10529 60180 1707 86833 22271 53741 52292 69624 98518 70100 73203 19379 25692 53024 45454 51992 36450 81376 5127 20154 27715 78327 17675 15948 82658 66268 54754 90353 40263 43769 59048 99792 42682 32332 84690 40455 97857 53563 64400 22969 74366 46619 48770 2083 89631 83710 52062 30909 85276 20640 25677 46243 48672 29242 13035 68262 95379 62607 20875 16971 45409 82721 58351 55430 32782 17320 87442 50326 53039 27363 79311 67572 88181 27899 81417 53760 52980 58744 78480 14326 70777 86832 46999 12652 85548 57007 28030 69654 2213 10080 80642 13325 53305 44466 28309 16570 62192 99892 24973 20664 46684 93013 76770 35956 53751 20001 20077
98150 81109 2517 69861 80996 24923 93790 59612 78433 59994 59170 24754 99239 86789 68078 93394 46200 73061 12694 91080 87266 43206 41630 90773 12865 7182 27452 42966 15857 85795 50949 23321 56558 71328 24093 88435 73424 88143 3031 71443 22567 43612 10450 88086 26986 53766 11987 37672 37424 57318 29570 36105 61193 85803 21362 61590 70811 95131 66595 77010 3270 82150 30807 16492 47287 37963 13057 82010 6621 68759 65337 14428 40893 72556 4114 44422 69217 99527 11884 97467 43093 36392 34255 72966 47411 49437 47993 9414 2757 3270 76235 22569 28066 93674 6359 88811 31666 28297 68122 12087 92748 2557 92649 1147 1329 93818 42861 73250 43224 87507 17967 75009 77920 16912 27740 84239 32461 18494 27485 16161 69102 38226 72604 51493 57054 43928 35073 2075
39074 87909 169 19875 63842 8406 43689 51455 50586 42978 22116 70822 38128 31956 44926 75141 45431 45299 11815 55725 24252 12835 46615 36643 43028 13748 63437 1619 9063 6990 52051 93992 88897 22009 74331 61487 2614 82183 38557 46898 30496 17060 52311 6061 55205 82403 9993 63952 50895 17921 14976 47277 9165 29572 45377 84298 66414 18211 75582 82438 70311 85455 21676 49771 32043 72485 32739 83979 66879 79732 23427 34335 56120 52028 16760 79102 31812 83245 42687 54472 42717 24231 63109 49884 56130 85094 15758 86044 8031 11334 58047 87988 56196 23546 33675 83308 76847 72964 52520 19051 65570 22755 67080 25884 8543 71021 80826 55050 80932 9591 69271 81466 48662 67102 77017 99876 23534 40100 58234 17144 22068 91551 54754 27242 84176 38008 79354 69489
66350 64174 34904 98653 69516 81920 19162 93611 13170 4369 26735 9960 34740 2857 70263 8701 59297 94835 64855 54712 82788 74783 26810 15531 97296 41686 19801 80836 33979 91642 59060 14225 22793 2697 98058 47563 18026 66121 76988 47795 81014 12526 14181 71745 79944 42299 20867 93054 23502 18759 29426 30574 53641 15967 68055 5182 45067 44482 69823 48667 17192 30576 97517 62087 46227 10848 65551 78823 38900 26483 21561 59782 96845 63037 88563 82577 70192 76994 91403 86501 98387 5062 58953 13681 35953 28430 78306 46405 65523 48567 57547 27030 18644 82114 98945 47716 87933 5891 46779 6385 50121 61927 48011 19006 34872 13081 22832 62396 48945 12029 78262 63702 14401 2065 50715 96328 76638 12234 72893 29708 4895 85173 61829 84065 90407 68208 213 14937
19221 51210 43151 54568 94141 92647 23747 23276 93292 16721 17142 79326 57331 88592 74512 19449 47524 95439 4134 57047 48868 58501 28374 30557 28553 86258 85257 63561 14529 19975 63710 22222 49025 8995 31000 20241 95207 2437 20349 9020 75004 29299 49726 22366 38625 13085 77728 39071 38196 4247 70353 68535 67768 1315 89317 19661 6648 2164 40257 82972 22448 89218 88035 94918 60467 94224 96412 66881 22330 73508 73555 15513 13691 15561 47839 56688 8697 62808 54150 55721 79450 50259 19637 88224 13526 58843 42098 26267 96689 87706 94114 70686 54071 13142 73426 66680 63019 98085 70197 94169 9566 62650 45858 10218 95225 3535 17624 66630 65450 34462 69452 38637 25985 69203 54929 32129 65442 78196 46313 68773 54874 22326 19403 90576 39346 65107 44098 84216
98593 14871 36197 62012 42772 12103 42697 69716 98141 89551 52375 11420 1976 64320 59230 8995 12998 67769 79986 66839 63440 85642 99227 36632 51488 53981 86141 46216 88953 47463 58209 88280 24880 34099 2706 26270 58249 43398 88568 6810 65273 65351 55145 55747 57365 52477 72537 85252 11273 86911 72529 32951 707 13170 65552 8018 59014 66099 210 17147 89981 64163 98960 50175 67087 69602 12930 35642 25255 90896 71479 13361 19153 96726 19591 38122 6325 89474 33012 35181 39115 21288 73387 46167 82663 4803 439 8204 54583 22777 33856 29720 5594 25572 77093 78262 86397 16205 89219 17775 50234 6207 29773 52426 54925 22862 64534 91339 5173 97415 66453 20079 65236 53882 52116 60313 55985 35073 48235 35516 47367 20501 79027 6737 48329 28084 48880 42534
87567 96614 25602 41759 941 81435 74727 52517 71004 10312 46521 76864 66156 42723 85987 69173 49745 80422 15295 89573 69143 75603 8296 48531 55315 52811 41213 31271 49067 60004 99725 67362 6562 81726 44966 83416 33720 97134 20942 8961 23469 89865 41272 4388 88022 92529 57995 20678 30995 9034 26321 21194 34682 66258 96696 99104 6261 41916 49957 16569 22733 77233 8009 74076 78385 96064 41787 87989 59930 88835 55821 2319 86177 69210 73412 58825 30150 9215 65063 61899 32437 62905 62650 28268 14048 16145 27584 10939 12579 67356 92939 32245 92982 87226 98897 17951 99515 67678 53379 9588 80150 2605 12496 93710 98187 38379 52697 17044 57788 58179 91273 70069 86642 9915 36734 47650 92228 36935 53157 22516 2178 88861 34091 23211 95560 60734 83339 3344
32612 65580 32373 20762 66143 46728 87310 45704 49776 73813 85231 60543 35162 94056 9765 47004 80578 12998 55067 1144 57743 31182 75583 71208 5553 63830 40203 21245 28857 38094 28552 15425 94206 13414 25938 9409 84474 30583 92162 10181 1436 5361 76544 7739 27946 79829 87190 21479 98817 75840 54873 93870 42520 16360 14331 57323 65598 83751 16697 33009 64088 95677 26377 85534 74780 79090 6776 7765 22394 20727 1495 125 94802 79732 82168 57564 15057 65178 38904 24321 98736 8540 99506 8252 71018 26320 3130 88716 16612 12919 14463 58978 53532 15697 87448 67285 29366 73148 35106 74537 49965 15880 71026 87105 95424 88535 56224 54808 89384 69201 35314 90673 50731 18542 6372 39293 13400 15949 2474 24063 86448 80690 36632 20321 21547 39362 26851 2356
92010 87231 15874 74456 84224 87058 34138 14376 5217 61197 84459 26903 10775 18864 70622 69222 40337 14698 58680 45908 99331 45764 33799 27266 67494 96652 26038 42609 72905 6051 95425 44934 24156 92341 71303 68209 67321 6780 48656 24710 79278 75136 71557 41887 41639 52756 80013 93859 72169 73896 4760 61241 8431 41290 22607 73107 96306 78446 95476 5094 70652 70896 10176 70906 95851 12383 12565 42991 6638 6807 437 42572 72394 446 44812 88115 49590 26169 10758 70282 52904 86705 44158 29670 70225 11798 72571 92585 72356 39188 7630 66032 70367 60022 14946 95096 5831 33209 34787 86209 4713 68109 68161 12272 82126 95097 86447 47478 75376 16228 31949 30007 61438 60853 73993 71431 8839 29215 38475 3518 81360 45638 87300 57190 87287 56620 17866 64669
13486 79406 94102 9802 78558 98925 9837 40169 31782 32004 16264 27465 4243 5955 44619 65620 99347 7742 45827 1702 2187 66482 57557 30191 96377 90808 41505 58260 28966 39055 10068 55686 13532 99150 213 91978 93596 44485 88712 55955 36722 88741 22065 89139 9043 86210 53980 39647 14157 27621 38892 79053 68159 47417 80960 22133 29546 10073 1423 47838 91324 18318 99817 37447 29266 78455 88988 33094 90551 66044 64849 37466 77511 9204 59465 52447 76088 38721 38811 38770 74276 44168 82891 17928 66967 7472 65361 46633 75073 76245 93881 81162 82869 33121 41382 8195 21184 18625 82553 78056 60269 96172 67377 6911 31434 10592 90151 82633 7790 60678 21193 22415 72882 25305 30895 57740 77133 63327 80632 76080 48825 90640 77842 30254 3933 83875 34189 8710
13505 16612 45268 28185 20453 59490 61359 77892 6468 48643 80047 20691 72156 33510 60463 26401 20307 66832 85943 51100 83802 26262 91688 9676 49258 24063 41875 68722 22658 38100 16099 12751 58774 43970 8650 74259 96603 25432 84032 76955 74492 77872 66272 12711 75027 41093 89996 82929 59612 67942 44941 90362 61258 34382 82035 51852 88038 84554 50042 43239 17503 57581 68943 64308 76893 33006 71178 86896 75070 65897 75079 39264 11047 14968 23850 36917 67554 21420 32845 34695 2729 64387 66521 88827 33279 59502 22791 22072 60849 14105 89699 54023 39854 63359 11564 98535 1927 11515 28159 60703 44499 84538 40752 28924 45484 68067 27636 84309 44182 99935 16538 66778 22529 19239 98479 58219 50767 29494 34051 77805 14649 1230 34187 14117 94529 5065 25600 12122
25717 95927 35482 7750 47806 29069 1684 4450 2321 55251 92833 75054 53793 84234 54236 26959 43094 14632 95739 65638 42613 13087 2112 14891 12217 29646 61720 84726 68433 93840 45423 76806 44744 76730 26289 98088 81645 31665 95984 48859 5150 39797 68620 71643 85548 12102 38754 6854 84828 41087 53314 95673 97824 60698 9074 99832 15340 4790 18207 36440 37703 93115 51276 6249 80464 39242 57824 10167 96794 80879 11988 74062 87746 66591 46650 33277 21192 10304 59580 37166 91639 45684 22013 58440 11896 18263 94431 16106 56678 78871 42560 70171 39463 67030 96989 40388 2957 189 769 61757 26270 35315 33363 27435 21128 26023 78718 56267 14155 48191 11414 4123 13892 93305 12170 49669 47939 72214 3014 60933 30565 15926 21788 41404 10983 28592 82482 48832
73500 4474 59508 28189 14257 88215 85613 26735 41908 68030 87747 16121 5565 1588 75477 36022 51310 67748 98133 55635 97854 32387 23233 5225 32662 80040 39325 85985 41145 87897 33455 54691 63480 16198 44548 95516 97631 68713 67715 27790 81264 72487 46275 29498 98640 12080 12533 97076 30491 68997 18707 82718 88695 14156 8133 35813 42604 57714 69138 90431 54335 69108 79422 39418 9292 62924 33598 47634 45576 46793 17559 12144 84343 84743 18887 25480 89262 27735 92703 9730 26425 35776 30234 6323 38413 70973 8685 85052 18607 3940 42934 8389 39533 65953 87689 53245 38848 39793 90944 97270 8214 75102 30129 40983 51044 21727 12910 85336 53197 7850 8781 46978 98645 26518 1615 32805 8492 26503 28723 37976 40635 57643 52538 32889 47304 97196 31438 93442
87093 36487 24218 37770 79538 7222 95316 75193 11933 37578 25262 58219 65447 55584 22770 19467 47745 37850 78751 58392 58124 13645 60147 32236 22323 66889 84883 92886 30259 78468 29956 47151 32303 78826 60549 55859 79022 5315 33651 98527 79245 21795 47183 53913 84491 65735 24101 71964 94636 8195 38928 94261 85687 72849 71206 81960 50318 4856 3693 99860 26151 57195 30697 40375 51544 7284 37884 46057 81571 75395 82915 30027 99514 21166 87131 6230 23096 4691 41420 17021 95478 12892 3504 77320 6554 56680 37018 54396 63006 26009 74607 25788 25377 26721 98948 19674 80261 35288 67009 90552 27067 18316 17379 42468 97635 9 7620 81511 7022 57151 92099 80444 15537 13986 94230 73884 84844 16767 60393 71087 23293 62320 77151 37050 49119 9046 20884 52107
43956 68145 23511 16439 96660 36231 69770 28085 57994 38953 42230 53891 68107 23755 61436 437 67317 89259 46708 29143 10741 87127 12036 51052 18276 53039 24670 28808 60837 70833 11603 10863 4840 32311 56715 10492 76583 72476 53868 35980 67191 73414 45203 20840 91530 72946 4036 48493 56655 60255 34730 76532 1382 91898 27634 36748 82518 40727 98481 94834 61689 71911 34378 97487 83642 20342 96536 34401 42609 32755 14585 84998 7280 67051 74264 80308 53038 99012 73251 86458 6416 87914 24976 58044 35804 92085 36494 13803 86079 10511 89402 73166 54504 99193 15670 55183 71349 61186 13310 48031 30009 93245 53804 30158 40774 25822 1388 58749 8439 1954 14973 42812 81721 86791 60019 44990 62134 86688 58228 87699 78776 4226 24874 81057 46252 91743 57900 34455
2508 67669 10981 99857 11401 50334 62679 10240 15294 35911 14750 68410 72900 60674 9245 91650 97037 91505 2714 17210 60749 10859 3667 54621 6626 19916 21486 11565 97010 76107 89083 92240 78438 13800 39825 25785 73919 47489 79432 65301 24098 79099 84284 77212 21876 55090 97299 69092 96404 91918 42407 14821 58858 44144 78526 39628 4054 46597 50512 26166 89207 24553 62220 3990 57199 7630 70926 9036 21187 4491 15107 73981 40792 17971 37655 60380 96164 66073 58909 47244 90287 18808 26697 31965 15936 9993 86837 46794 62000 62140 19638 21111 35938 71619 36941 74064 4136 13091 65365 13220 46919 21438 940 3960 98728 27595 91200 39539 81900 62671 70836 37541 82248 81901 42049 68175 56977 39861 30830 95503 17423 98148 28338 14302 38421 98432 98506 21317
45851 31878 64172 74802 3780 81151 94756 52972 59998 24839 98573 92142 68877 2829 90522 61479 93819 87604 68708 5638 45764 70628 88554 1269 94906 70714 18610 84845 12518 86814 35834 18259 14587 82137 80056 47218 44958 14295 20741 55816 22657 65154 17541 97324 41366 11201 18313 54995 372 2765 1973 99266 28140 63414 29418 46230 21241 86884 64346 28362 93894 50064 70620 65739 1373 67284 5662 50098 38253 38098 79156 6887 90433 58746 82420 37036 16821 88806 26161 80132 23268 92792 22343 90966 85797 87715 94633 38300 33136 30842 57338 60557 13337 74786 20815 39410 73339 74276 4862 42545 29149 45164 6636 43896 64790 85591 93392 5840 66826 11527 93164 57234 16617 91296 36804 55529 38508 17066 83828 90844 62813 7537 24772 97957 83821 80064 77152 1081
74404 26649 98796 30667 87372 31053 80189 70853 62265 50051 96695 97814 1512 24808 36407 10854 70047 23440 24801 67634 12839 37839 69868 28851 79488 91024 630 66791 68674 64175 61613 64563 37236 84681 35914 31571 59424 47322 90234 95988 5862 17737 9072 34629 62519 38760 42699 48461 92544 86785 5158 1609 90965 21957 24028 20148 87553 64857 36551 6025 14022 32714 12807 25477 59844 54269 66701 9651 27489 34447 76701 96185 55763 32200 13256 915 3968 45045 71103 60513 91684 52870 86529 59806 7245 67485 48558 10603 35890 75213 47702 98815 43274 22831 56731 85609 43493 47301 5168 34112 74252 15620 75125 71489 50665 10914 75472 81143 82798 17780 2923 53526 57448 22502 67289 62063 85012 14083 89918 71629 56091 2353 37917 17237 1185 16452 77120 63221
25493 12706 33788 37403 82096 36438 84024 60543 44486 99972 28170 67498 43122 6824 19023 18511 9019 13448 60333 718 46429 74610 42448 74075 30056 32842 44128 70649 61208 93460 50275 12890 4205 76222 79438 49692 93156 33977 15283 48070 94725 2295 90471 70771 17597 10113 44476 55678 274 57923 2283 64370 91732 87520 98187 8772 54894 15941 33744 68028 43342 6685 70697 2572 88856 54809 7832 12638 18156 56063 47761 76975 46786 92560 41865 13395 32454 24958 40410 35650 55696 82128 41513 78972 76849 66416 82609 16289 40604 78573 6135 59417 21075 14917 59566 31578 32543 30937 62719 42760 57142 7743 10131 22058 20595 22735 94065 25466 37959 699 19962 37251 93368 10059 28694 73580 12146 8999 56306 86203 9663 30539 46941 19637 21466 69783 14659 74867
86397 96946 44128 73303 18042 23708 34731 57291 36399 56588 21020 2238 48182 76568 18027 13679 55437 71794 69149 42852 61388 41883 83129 51388 82432 32688 46333 43924 10857 36116 1956 50425 60294 63458 65224 56191 87820 33924 52490 22841 95227 68542 24786 28401 19591 96895 21036 92957 60624 7447 59951 31200 63804 20711 90600 87363 98268 34850 76838 84606 96577 32966 5550 93024 7116 48914 3444 40569 60873 21263 69892 55308 93214 34806 54411 36846 2790 49652 66390 7686 5292 67350 76122 37394 90679 10515 87637 21800 37481 66281 48632 13117 16815 48407 6547 52487 61186 23964 16781 88821 13724 23963 46191 17875 1697 19386 72634 31537 52058 848 76597 77524 25866 88839 80633 62638 51566 83398 81884 39698 19583 10218 20707 76858 68925 78822 35341 32092
88870 59416 7829 41887 50488 91830 92870 28942 84442 18313 82465 34464 77193 5942 82428 21030 54733 90248 94325 86634 53599 10671 42312 64243 6413 13926 85236 26893 95149 3059 5047 73887 77949 36084 9851 12186 50823 90171 29406 22655 77971 19266 41915 29706 51366 37781 95782 83433 45382 39181 67948 4410 13488 73676 31334 97062 57435 48262 70035 97623 92445 79813 73604 74635 99441 48359 32679 14529 21545 61380 32325 72030 18561 65999 65461 28312 78754 92137 11616 37563 18264 53197 37224 59607 36961 65257 85290 14086 43124 27109 71702 81660 67809 37000 42328 37389 84439 98101 49926 25991 60339 3130 3383 33153 68970 74913 55075 57896 77018 88300 11182 38474 34615 94152 57198 25943 41170 806 72427 81665 97305 43111 169 17702 25109 6001 66287 29241
44550 77750 8156 80573 58358 82472 85361 69677 75911 56132 82103 7751 70864 23163 58787 63854 83287 11818 76470 33980 52135 39309 42265 21570 16800 72443 86014 38316 65693 1612 95829 80021 67255 53205 26535 98113 60215 56229 12815 1543 99319 34454 9957 17986 4164 66847 4062 13379 66799 36113 82271 20109 17023 19503 38336 87372 60737 54392 71530 92447 25386 4618 13195 64069 95919 78868 34998 47723 44785 80362 37569 49509 80490 12308 49273 50334 42841 11661 93152 87161 22107 54477 65343 44938 86926 27018 53675 75141 24614 55640 80676 62411 34136 34322 35207 40890 43952 88780 68857 48637 70652 22643 52433 50497 40969 90845 95404 99453 80115 89365 87589 13858 50010 3750 67280 88279 94215 58034 21549 96276 54045 96300 93094 95939 99164 69244 13906 58603
17700 45747 81768 65649 8580 55390 21704 56574 5125 96963 79379 77246 66896 33989 50077 10788 83361 17175 85011 56385 50871 77336 99899 41736 72671 41422 31332 79641 55359 71229 36149 77348 91482 3891 30367 10930 91969 64900 82395 2673 91194 50792 4444 8872 99596 60882 67515 77305 13812 54509 25075 69260 86681 8402 58101 27771 98871 45925 68005 12218 40955 71572 86703 9403 19919 62488 84035 44493 64256 93123 21646 67385 69064 87811 69985 24025 87724 18111 99765 28783 56175 94036 8831 89865 72188 27887 87882 74959 29232 48875 25140 27226 66501 19119 9490 16810 54225 35817 4174 40315 9962 80420 1618 574 12327 13205 10054 14152 23276 22153 23071 30536 65721 84759 34050 40882 92414 78663 93674 70224 49295 74269 98353 41792 10757 25543 12529 23268
78575 70995 41081 60078 1762 69646 85495 38843 85386 49473 14643 47799 92197 14753 47478 11998 85726 66011 33741 92000 55211 10842 67680 1673 34143 67225 98229 28272 57255 52526 50579 34393 85939 73778 9012 96981 8339 75201 83000 40020 27487 72670 43256 70535 99594 89789 66358 37422 26003 88346 33045 55319 10283 23831 87467 62945 1509 65612 88069 65953 83417 34884 62029 27961 92677 5060 31936 11525 85055 47615 23286 82397 28559 71271 76248 20862 22081 19018 58320 27257 99705 94599 15997 42991 77747 63873 7279 53741 75718 54864 90702 87814 30363 20830 43411 31042 66982 14712 98876 27326 28249 43213 40234 41640 75266 90820 11573 87263 44877 9726 18326 99679 39474 63281 12329 15213 57996 64713 38860 46949 58833 53421 67435 42625 13264 56241 39164 8887
93735 39528 2895 37600 91358 78051 45740 79744 78698 36779 36226 24949 55418 43098 84213 36079 62182 56173 64743 82731 73344 19476 65003 79031 20621 12839 76310 1746 56913 54603 57537 44469 87369 27857 75118 2249 68884 49590 23442 83633 37654 31843 80602 26055 97543 34803 35247 40001 25252 47351 87259 11998 40530 95632 39765 24515 49831 93201 74427 4152 66660 28929 76191 96817 51501 19917 91746 43124 66699 88803 9162 11021 24631 72042 94869 79328 92315 18064 59025 40945 90702 27235 79283 70581 87968 55373 44910 75569 88891 90262 44466 23346 97066 88041 9738 73041 10543 97582 41417 50818 60938 7760 52056 41170 62315 96209 64241 30511 7066 5399 3112 55177 96943 74545 45296 26020 71006 61035 59456 91262 85475 84345 71213 95327 97830 92175 29397 12611
47582 50141 83619 38730 627 51866 57555 73484 28870 42999 1916 59656 77639 3293 46035 66073 81627 71448 17811 32630 83766 55620 62274 53528 81873 77134 64657 91489 45867 82608 86417 36421 47645 83255 64647 22216 22086 64325 98593 64199 24487 20900 20220 749 35259 68185 20371 56854 86785 84417 94491 67401 9941 63489 5 79571 54369 52799 29586 78150 10256 68238 69901 84997 73589 44760 18036 6568 88167 91488 79463 59211 48594 79100 38871 59635 42392 60294 92218 73628 70093 30218 96016 6134 11618 90779 67117 54921 20799 74373 76353 48520 58523 91973 33005 79 95138 93039 81314 46838 13130 26761 30397 50875 84254 59640 95295 32762 20056 17710 71243 11304 60862 60518 5938 40182 5416 78043 33140 23798 32858 65905 80327 33101 56417 87166 20191 74950
97793 50568 46862 2427 53471 43699 91821 75832 85783 78840 34524 68017 99026 13479 69451 90095 4061 3180 44557 31310 61369 84371 73422 87095 81729 77417 87596 95222 42162 1357 18220 50083 40945 393 78907 38027 62923 33075 65833 93290 43970 22791 57966 93113 25997 99104 6995 5301 67093 57045 25458 41659 19742 42942 29592 49544 83850 23016 49617 11805 87145 27754 611 65742 73690 33870 96916 26685 69805 47162 72740 4615 71115 291 18930 40166 94580 54300 88408 49242 79508 29517 97820 98601 23210 42728 86811 70352 39097 16005 17413 96668 20406 97492 70376 91655 53769 63173 39366 16470 52432 34240 7667 57770 41381 89707 28449 85458 90931 39091 15861 18202 16574 47092 26086 20706 87945 22785 32318 50896 11178 13205 96950 64028 64410 89847 70150 51363
39279 74468 64636 53482 12828 10935 55717 90378 75461 20543 86502 46150 23862 17538 98639 69270 88022 41187 97752 82658 42204 52640 17691 48065 52475 84220 41952 24556 66366 9258 26389 31460 27323 68246 28171 60675 54541 19219 43515 84945 21016 35602 42989 18777 78557 64176 21786 68720 66689 50944 3913 39191 72762 84918 55337 14085 66667 77324 9250 50411 82354 40900 7997 4756 15890 44574 90910 10406 69474 84655 82409 44555 41771 89985 98782 62893 74505 29641 78481 65550 49593 57763 23969 292 16914 53318 93357 30097 93832 85154 40661 73545 54252 13609 91353 78882 26866 33827 50645 59727 37759 33655 79896 57835 27072 25061 60357 98482 61976 57731 84738 59784 90654 85826 96886 51130 4292 53936 81532 89875 65060 61138 78797 46994 19400 68678 92781 37918
24137 65432 10200 65590 65838 76391 58295 90139 40606 46532 47877 8822 40163 73456 96143 73223 63809 60978 11017 31294 90930 58307 32687 50999 79861 72 82621 50619 68376 9780 61486 47302 51990 84145 59094 18209 17537 23880 74459 23438 22090 52450 92108 71322 75782 57117 40963 18755 98509 17527 33822 67931 37107 70248 18449 45533 47305 52917 22670 75671 11847 59145 46759 60854 52009 65225 36108 85428 21384 76539 27631 90403 46761 69398 67280 87739 31621 6631 34934 42761 54507 14385 60195 57244 27910 63359 24111 41821 7280 38428 16704 29571 54236 66708 57124 26972 98709 95365 7196 4055 31014 58834 27349 31219 28766 62694 29286 31915 21330 69990 85669 62605 22934 87387 85414 14150 83504 96383 55332 49574 3092 38635 44206 90146 34528 94083 18882 80975
77499 4140 55340 46347 69717 1302 72456 78032 70289 96080 60432 28877 33408 77909 71729 22662 2725 40343 20366 94324 13275 13107 84724 99522 82847 8981 75027 98601 23123 77598 23597 12090 59028 59071 80612 91051 61951 77902 21527 75166 47782 99165 7857 51871 84304 31171 1365 17149 36787 6816 41613 72665 46474 52314 25146 97168 5468 41820 50543 23717 41194 69799 25045 43602 76945 99647 1895 3580 19326 78227 82264 17493 43231 11252 58035 69988 66484 8957 11691 70366 24523 83893 91687 17985 16666 46932 19572 18477 72157 71162 79306 37375 35577 86151 5644 64250 73064 17661 56374 75666 87371 21256 97473 59883 10682 47995 85461 79610 75511 65217 97872 99702 16964 82373 74078 75338 98839 36970 92063 81507 79891 82453 67248 54760 21563 82675 85788 52124
43605 54752 44135 86531 56419 70469 31480 3577 17294 54753 21337 69017 39860 8724 35338 22171 60202 45853 27145 12219 49560 71867 14163 43875 61700 59674 79373 70019 85095 6739 80245 23991 61867 82933 73011 81244 81593 67971 50280 99021 91908 62472 94355 65784 54562 22187 50859 1933 5605 33001 82709 99976 66712 69399 86938 19398 21272 74553 33706 99090 74374 8959 6290 86291 50171 83284 51679 96525 21971 57044 43533 35432 87234 67593 50932 60834 1214 54072 46073 58314 35138 70826 19467 46576 47448 17891 20016 82563 87457 14202 64863 64891 26549 93430 77677 64722 81490 41376 85917 97993 63274 39367 60580 70056 77160 40409 57574 17567 836 156 86646 13309 17873 1069 38378 88769 10633 2701 41543 48330 89881 67961 70617 91877 36263 1141 55108 84337
48527 65501 4606 23333 90502 66545 49641 29129 37793 74358 24305 55284 69847 83720 34313 11872 95294 96385 97123 35482 54660 19394 11180 78811 39278 55068 16186 11240 12471 21944 92027 18814 8823 29650 17555 42638 16557 57606 30446 82712 70748 75793 12051 32538 2794 38122 12731 21896 56338 52137 7219 51926 29207 81386 51279 91553 72355 69560 33891 93307 89184 32218 92531 43329 96301 80923 3369 22731 97439 99643 34521 96663 30738 72405 92365 50691 15521 44315 46051 19842 60952 43419 71760 97127 13146 87415 65978 14079 29940 27496 84500 4186 38611 12860 42746 62898 34277 68907 24276 98596 18937 96247 90980 13475 72561 15681 53338 5035 81383 65504 76982 70795 7065 69510 17468 34358 9373 89169 95935 22276 61270 5196 31918 16961 19598 88571 48632 68324
95842 17916 37594 10623 10655 62768 50762 17813 52750 48191 64746 58909 62135 33359 61393 40147 45453 93605 92130 46291 42751 9743 76236 26986 38547 88608 94152 77902 23306 5738 95351 31057 37339 63221 95723 43266 17428 95544 44196 8053 37116 44710 12447 13177 86917 20794 80364 78616 27765 33497 45505 648 63458 3448 50515 66583 70014 88029 53798 60391 79228 34192 9399 59530 66541 81442 41675 75122 35191 80004 91107 9427 24178 88431 20383 28512 69776 23224 41976 73316 80944 46193 66050 36397 72326 45325 82024 81606 54505 41897 96355 42249 44136 28771 74491 69839 85050 62931 23773 14233 2248 85606 65036 79995 23845 50620 10618 91299 1352 9065 58534 98614 82426 18978 38063 23168 91991 89139 97450 72327 44198 61758 95052 59395 845 41699 77345 84613
4008 90112 13560 71195 1142 77475 79977 28270 31400 16363 61028 79890 86076 99336 18874 35053 60968 75614 75595 26091 45078 19795 73352 58103 30692 90135 30953 87108 70643 33373 15126 23312 49536 97089 27184 52794 28753 81372 99282 90935 21762 87297 39097 39757 6587 55448 45146 10933 99313 47247 16425 52766 98935 13392 1807 78013 62850 23926 15944 28580 68514 1497 77977 63687 53962 83059 43204 75530 13164 24332 66556 32090 54674 96997 52535 26412 66856 26664 66932 15713 90839 40612 37711 82010 88320 7681 2271 97983 98768 92288 61183 79324 62397 66730 30401 48846 73652 11500 94681 9904 31027 96422 94247 53316 66005 27570 77055 18121 16604 54473 8190 46200 85251 15795 36852 66952 4289 6772 76696 87915 35151 36031 59400 32483 48365 13636 42499 28702
1601151 1036913 200431 632647 1232618 118162 571912 1339411 115028 124288 1096312 1434428 383834 177551 391342 6912 357250 1400299 432841 633489 681026 409596 1683674 930034 355534 1106062 550959 574120 1094850 642825 827381 435625 887223 845411 447738 1655220 248209 92432 1639649 299660 812323 631910 764729 1194961 679040 10598 962085 1644932 926405 252015 1178841 493418 915912 696485 251884 414966 1278229 796064 311687 1402117 1711296 803879 1201281 1052860 1012055 761392 917203 1098824 1477332 1135451 468116 487772 1306995 742449 829038 523739 117032 1620479 1452982 211141 1786097 937657 925292 1083905 681239 791629 1082981 198114 66586 565390 1510552 979587 1226478 1234899 1468935 481387 243977 689923 1185015 117617 1137049 494675 426778 1182898 874429 108151 1112607 48854 525966 1429621 808327 243003 1682080 1208197 250880 1218997 162340 142649 1055836 712439 476425 1008803 1346700 81305 34139 85672 1084665 432696
