64
0 1 1 1 1 1 1 1 1 1 1 1 1 1 1 1 1 1 1 1 1 1 1 0 1 1 1 1 1 0 1 1 1 1 1 1 1 1 1 1 1 1 1 1 1 1 1 1 0 1 1 1 1 1 1 1 1 0 1 1 1 1 1 1
1 0 1 1 1 1 1 1 1 1 1 1 1 1 1 1 1 1 1 1 1 1 1 1 1 1 1 1 1 1 1 1 1 1 1 1 1 1 1 1 1 1 1 1 1 1 1 0 1 1 1 1 1 1 1 1 1 1 1 1 1 1 1 1
1 1 0 1 0 0 1 1 1 1 1 1 1 1 1 1 1 1 1 1 1 1 1 1 1 1 1 1 1 1 1 1 1 1 1 1 1 1 1 1 1 1 1 1 1 1 1 1 1 1 1 1 1 1 1 1 1 1 1 1 1 1 1 0
1 1 1 0 1 1 1 1 1 1 1 1 1 1 1 1 0 1 1 1 1 1 1 1 1 1 1 1 1 1 1 1 1 1 1 1 1 1 1 1 1 1 1 1 1 1 0 1 1 1 1 1 1 1 1 1 1 1 1 1 1 1 1 1
1 1 0 1 0 1 1 1 1 1 1 1 1 1 0 1 1 1 1 1 1 1 1 1 1 1 1 1 1 1 1 1 1 1 1 1 1 1 1 1 0 1 1 1 1 1 1 1 1 1 1 1 1 1 1 1 1 1 1 1 1 1 1 1
1 1 0 1 1 0 1 1 1 1 1 0 1 1 1 1 1 1 1 1 1 1 1 1 1 1 1 1 1 1 1 1 1 1 0 1 1 1 1 1 1 1 1 1 1 1 1 1 1 1 1 1 1 1 1 1 1 1 1 1 1 1 1 1
1 1 1 1 1 1 0 1 1 1 1 1 1 1 1 0 1 1 1 1 1 1 1 1 1 1 1 1 1 1 1 1 1 1 1 1 1 1 1 1 1 1 1 1 1 1 1 1 1 1 0 1 0 1 1 1 0 1 1 1 1 1 1 1
1 1 1 1 1 1 1 0 0 1 1 1 1 1 1 1 1 1 1 1 1 1 1 1 1 1 1 1 1 1 1 1 1 1 1 1 1 1 1 1 1 1 1 1 1 1 1 1 1 1 1 1 1 1 1 0 1 1 1 1 1 0 1 1
1 1 1 1 1 1 1 0 0 1 1 1 1 1 1 1 1 1 1 1 1 1 1 1 1 1 1 1 1 1 1 1 1 1 1 1 1 1 1 1 1 1 1 1 1 1 1 1 1 0 1 1 1 0 1 1 1 1 1 1 1 1 1 1
1 1 1 1 1 1 1 1 1 0 1 1 1 1 0 1 1 1 1 1 1 1 1 1 1 1 1 1 1 1 1 1 1 1 1 1 1 1 1 1 1 1 1 1 1 1 1 1 1 1 1 1 1 1 1 1 1 1 1 1 1 1 0 1
1 1 1 1 1 1 1 1 1 1 0 1 1 1 0 1 1 1 1 1 1 1 1 1 1 1 1 1 1 1 0 1 1 1 0 1 1 1 1 1 1 1 1 1 1 1 1 1 1 1 1 1 1 1 1 1 1 1 1 1 1 1 1 1
1 1 1 1 1 0 1 1 1 1 1 0 1 1 1 1 1 1 1 0 1 1 1 1 1 1 1 0 1 1 1 1 1 1 1 1 1 1 1 1 1 1 1 1 1 1 1 1 1 1 1 1 1 1 1 1 1 1 1 1 1 1 1 1
1 1 1 1 1 1 1 1 1 1 1 1 0 1 1 1 1 1 1 1 1 1 1 1 1 1 1 1 1 0 1 1 1 1 1 1 1 1 1 1 1 0 1 1 1 1 1 1 1 1 1 1 0 0 1 1 1 1 1 1 1 0 1 1
1 1 1 1 1 1 1 1 1 1 1 1 1 0 1 1 1 1 1 1 1 1 1 1 1 1 1 1 1 1 1 1 1 1 1 1 1 1 1 1 1 1 1 1 1 1 1 0 1 1 0 1 1 1 1 1 1 1 1 1 1 1 1 1
1 1 1 1 0 1 1 1 1 0 0 1 1 1 0 1 1 1 1 1 1 1 1 1 1 1 1 0 1 1 1 1 1 1 1 1 1 1 1 1 1 0 1 1 1 1 1 0 1 1 1 1 1 1 1 1 1 1 1 1 1 1 1 1
1 1 1 1 1 1 0 1 1 1 1 1 1 1 1 0 1 1 1 1 1 1 0 1 1 1 1 1 1 1 1 1 1 1 1 1 1 1 1 1 1 1 1 1 1 1 1 1 1 0 1 1 1 1 1 1 0 1 1 1 1 1 1 0
1 1 1 0 1 1 1 1 1 1 1 1 1 1 1 1 0 1 1 1 1 1 0 1 0 0 1 1 0 1 0 1 1 1 1 1 1 0 1 1 1 1 1 1 1 1 1 1 1 1 1 1 1 1 1 1 1 1 1 1 1 1 1 1
1 1 1 1 1 1 1 1 1 1 1 1 1 1 1 1 1 0 1 1 1 1 1 1 1 1 1 0 1 1 1 1 1 1 1 1 1 1 1 1 1 1 1 1 1 1 1 1 1 1 1 1 1 1 1 1 1 1 1 1 1 1 1 1
1 1 1 1 1 1 1 1 1 1 1 1 1 1 1 1 1 1 0 0 1 1 1 1 1 1 1 1 1 1 1 1 1 1 1 1 1 1 1 1 1 1 1 1 1 1 1 1 1 1 1 1 1 1 1 1 1 1 1 1 1 1 1 1
1 1 1 1 1 1 1 1 1 1 1 0 1 1 1 1 1 1 0 0 1 1 1 1 1 1 1 1 1 1 1 1 1 1 1 1 1 1 1 1 1 0 1 1 1 1 1 1 1 1 1 1 1 1 1 1 1 1 1 0 0 1 1 1
1 1 1 1 1 1 1 1 1 1 1 1 1 1 1 1 1 1 1 1 0 1 1 1 1 1 1 1 1 1 1 1 1 1 1 1 1 1 1 1 1 1 1 1 1 1 1 1 1 1 1 1 1 1 1 1 1 1 1 1 1 1 1 1
1 1 1 1 1 1 1 1 1 1 1 1 1 1 1 1 1 1 1 1 1 0 1 0 1 1 1 1 1 1 1 1 1 1 0 1 1 1 1 1 1 1 1 1 1 1 1 1 1 1 1 1 1 1 1 1 1 1 1 1 1 1 1 1
1 1 1 1 1 1 1 1 1 1 1 1 1 1 1 0 0 1 1 1 1 1 0 1 1 1 1 1 1 1 1 1 1 1 1 1 1 1 1 1 1 1 1 1 1 1 1 1 1 1 1 1 1 1 1 1 1 1 0 1 1 1 1 1
0 1 1 1 1 1 1 1 1 1 1 1 1 1 1 1 1 1 1 1 1 0 1 0 1 1 1 1 1 1 1 1 1 1 1 1 1 1 1 1 0 1 1 1 1 1 1 1 0 1 1 1 1 1 1 1 1 1 1 1 1 1 1 1
1 1 1 1 1 1 1 1 1 1 1 1 1 1 1 1 0 1 1 1 1 1 1 1 0 1 1 1 1 1 1 1 1 1 1 1 1 1 1 1 1 1 1 1 0 1 1 1 1 1 1 1 1 1 1 1 1 0 1 1 1 1 1 1
1 1 1 1 1 1 1 1 1 1 1 1 1 1 1 1 0 1 1 1 1 1 1 1 1 0 1 1 1 1 1 1 1 1 1 1 1 1 1 1 1 1 1 1 1 1 1 1 1 1 1 1 1 1 1 1 1 1 1 1 0 1 1 1
1 1 1 1 1 1 1 1 1 1 1 1 1 1 1 1 1 1 1 1 1 1 1 1 1 1 0 0 1 1 0 0 1 1 1 1 1 1 1 0 1 1 1 0 1 1 1 1 1 1 1 1 1 0 1 0 0 1 1 0 1 1 1 1
1 1 1 1 1 1 1 1 1 1 1 0 1 1 0 1 1 0 1 1 1 1 1 1 1 1 0 0 1 1 1 1 1 1 1 1 1 0 1 1 1 1 1 1 1 1 1 1 1 1 1 1 1 1 1 1 1 0 1 1 1 1 1 1
1 1 1 1 1 1 1 1 1 1 1 1 1 1 1 1 0 1 1 1 1 1 1 1 1 1 1 1 0 1 1 1 1 1 1 1 1 1 1 1 1 1 1 1 1 1 1 1 1 1 1 1 1 1 1 1 1 1 1 1 1 1 1 1
0 1 1 1 1 1 1 1 1 1 1 1 0 1 1 1 1 1 1 1 1 1 1 1 1 1 1 1 1 0 1 1 1 1 1 1 1 1 1 1 1 1 1 1 1 1 1 1 0 1 1 1 1 1 1 1 1 1 1 1 1 0 1 1
1 1 1 1 1 1 1 1 1 1 0 1 1 1 1 1 0 1 1 1 1 1 1 1 1 1 0 1 1 1 0 1 0 1 1 1 1 1 1 1 1 1 0 1 1 1 1 1 1 1 1 1 1 1 1 1 1 0 1 1 1 1 1 1
1 1 1 1 1 1 1 1 1 1 1 1 1 1 1 1 1 1 1 1 1 1 1 1 1 1 0 1 1 1 1 0 1 1 1 1 1 1 1 0 1 1 1 1 1 1 1 1 1 1 1 1 1 1 1 1 1 1 1 1 1 1 1 1
1 1 1 1 1 1 1 1 1 1 1 1 1 1 1 1 1 1 1 1 1 1 1 1 1 1 1 1 1 1 0 1 0 1 1 1 1 1 1 1 1 1 1 1 1 1 1 1 1 1 1 0 1 1 1 1 1 1 1 1 1 1 0 1
1 1 1 1 1 1 1 1 1 1 1 1 1 1 1 1 1 1 1 1 1 1 1 1 1 1 1 1 1 1 1 1 1 0 0 1 1 1 1 1 1 1 1 1 1 1 1 1 1 1 1 0 1 1 1 1 1 1 0 1 1 1 1 1
1 1 1 1 1 0 1 1 1 1 0 1 1 1 1 1 1 1 1 1 1 0 1 1 1 1 1 1 1 1 1 1 1 0 0 1 1 1 1 1 1 1 1 1 1 1 1 1 0 1 1 1 1 1 1 1 1 1 1 1 1 1 1 1
1 1 1 1 1 1 1 1 1 1 1 1 1 1 1 1 1 1 1 1 1 1 1 1 1 1 1 1 1 1 1 1 1 1 1 0 1 1 0 1 0 1 1 1 1 0 1 1 1 1 1 1 1 1 1 1 1 1 1 1 1 1 1 1
1 1 1 1 1 1 1 1 1 1 1 1 1 1 1 1 1 1 1 1 1 1 1 1 1 1 1 1 1 1 1 1 1 1 1 1 0 1 1 1 1 1 1 1 1 1 1 1 1 1 1 1 1 1 0 1 1 1 1 1 1 1 1 1
1 1 1 1 1 1 1 1 1 1 1 1 1 1 1 1 0 1 1 1 1 1 1 1 1 1 1 0 1 1 1 1 1 1 1 1 1 0 1 1 1 1 1 1 1 1 1 1 1 1 1 1 1 1 1 1 1 1 1 1 1 1 1 1
1 1 1 1 1 1 1 1 1 1 1 1 1 1 1 1 1 1 1 1 1 1 1 1 1 1 1 1 1 1 1 1 1 1 1 0 1 1 0 1 1 1 1 1 1 1 1 1 1 1 1 1 1 1 1 1 1 1 1 1 1 1 1 1
1 1 1 1 1 1 1 1 1 1 1 1 1 1 1 1 1 1 1 1 1 1 1 1 1 1 0 1 1 1 1 0 1 1 1 1 1 1 1 0 1 1 1 1 1 1 1 1 1 1 1 1 1 1 1 1 1 1 1 1 1 1 1 1
1 1 1 1 0 1 1 1 1 1 1 1 1 1 1 1 1 1 1 1 1 1 1 0 1 1 1 1 1 1 1 1 1 1 1 0 1 1 1 1 0 1 1 1 0 1 1 1 1 1 1 1 1 1 1 1 1 1 1 1 1 1 1 1
1 1 1 1 1 1 1 1 1 1 1 1 0 1 0 1 1 1 1 0 1 1 1 1 1 1 1 1 1 1 1 1 1 1 1 1 1 1 1 1 1 0 1 1 1 1 1 1 1 1 1 1 1 1 1 1 1 1 1 1 1 1 1 1
1 1 1 1 1 1 1 1 1 1 1 1 1 1 1 1 1 1 1 1 1 1 1 1 1 1 1 1 1 1 0 1 1 1 1 1 1 1 1 1 1 1 0 1 1 1 1 1 1 1 1 1 1 1 1 1 1 1 1 1 1 1 1 1
1 1 1 1 1 1 1 1 1 1 1 1 1 1 1 1 1 1 1 1 1 1 1 1 1 1 0 1 1 1 1 1 1 1 1 1 1 1 1 1 1 1 1 0 1 1 1 1 1 1 1 1 1 1 1 1 1 1 0 1 0 1 1 1
1 1 1 1 1 1 1 1 1 1 1 1 1 1 1 1 1 1 1 1 1 1 1 1 0 1 1 1 1 1 1 1 1 1 1 1 1 1 1 1 0 1 1 1 0 1 0 1 1 1 1 1 1 0 1 1 1 1 1 1 1 1 1 1
1 1 1 1 1 1 1 1 1 1 1 1 1 1 1 1 1 1 1 1 1 1 1 1 1 1 1 1 1 1 1 1 1 1 1 0 1 1 1 1 1 1 1 1 1 0 1 1 1 1 1 1 1 1 1 1 1 1 1 1 1 1 1 1
1 1 1 0 1 1 1 1 1 1 1 1 1 1 1 1 1 1 1 1 1 1 1 1 1 1 1 1 1 1 1 1 1 1 1 1 1 1 1 1 1 1 1 1 0 1 0 1 1 1 1 1 1 1 1 1 1 1 1 1 1 1 1 1
1 0 1 1 1 1 1 1 1 1 1 1 1 0 0 1 1 1 1 1 1 1 1 1 1 1 1 1 1 1 1 1 1 1 1 1 1 1 1 1 1 1 1 1 1 1 1 0 0 1 1 1 1 1 1 1 1 1 1 1 1 1 1 1
0 1 1 1 1 1 1 1 1 1 1 1 1 1 1 1 1 1 1 1 1 1 1 0 1 1 1 1 1 0 1 1 1 1 0 1 1 1 1 1 1 1 1 1 1 1 1 0 0 1 1 1 1 1 1 1 1 1 1 1 1 1 1 1
1 1 1 1 1 1 1 1 0 1 1 1 1 1 1 0 1 1 1 1 1 1 1 1 1 1 1 1 1 1 1 1 1 1 1 1 1 1 1 1 1 1 1 1 1 1 1 1 1 0 1 1 1 1 1 1 1 1 1 0 1 1 1 1
1 1 1 1 1 1 0 1 1 1 1 1 1 0 1 1 1 1 1 1 1 1 1 1 1 1 1 1 1 1 1 1 1 1 1 1 1 1 1 1 1 1 1 1 1 1 1 1 1 1 0 1 1 1 1 1 1 1 1 1 1 1 1 1
1 1 1 1 1 1 1 1 1 1 1 1 1 1 1 1 1 1 1 1 1 1 1 1 1 1 1 1 1 1 1 1 0 0 1 1 1 1 1 1 1 1 1 1 1 1 1 1 1 1 1 0 0 1 1 1 1 1 1 1 1 1 1 1
1 1 1 1 1 1 0 1 1 1 1 1 0 1 1 1 1 1 1 1 1 1 1 1 1 1 1 1 1 1 1 1 1 1 1 1 1 1 1 1 1 1 1 1 1 1 1 1 1 1 1 0 0 1 1 1 1 1 1 1 1 1 1 1
1 1 1 1 1 1 1 1 0 1 1 1 0 1 1 1 1 1 1 1 1 1 1 1 1 1 0 1 1 1 1 1 1 1 1 1 1 1 1 1 1 1 1 1 0 1 1 1 1 1 1 1 1 0 1 1 1 0 1 1 1 1 1 1
1 1 1 1 1 1 1 1 1 1 1 1 1 1 1 1 1 1 1 1 1 1 1 1 1 1 1 1 1 1 1 1 1 1 1 1 0 1 1 1 1 1 1 1 1 1 1 1 1 1 1 1 1 1 0 1 1 1 1 1 1 1 1 1
1 1 1 1 1 1 1 0 1 1 1 1 1 1 1 1 1 1 1 1 1 1 1 1 1 1 0 1 1 1 1 1 1 1 1 1 1 1 1 1 1 1 1 1 1 1 1 1 1 1 1 1 1 1 1 0 1 1 1 1 1 1 1 1
1 1 1 1 1 1 0 1 1 1 1 1 1 1 1 0 1 1 1 1 1 1 1 1 1 1 0 1 1 1 1 1 1 1 1 1 1 1 1 1 1 1 1 1 1 1 1 1 1 1 1 1 1 1 1 1 0 1 0 1 1 1 1 1
0 1 1 1 1 1 1 1 1 1 1 1 1 1 1 1 1 1 1 1 1 1 1 1 0 1 1 0 1 1 0 1 1 1 1 1 1 1 1 1 1 1 1 1 1 1 1 1 1 1 1 1 1 0 1 1 1 0 1 1 1 1 1 0
1 1 1 1 1 1 1 1 1 1 1 1 1 1 1 1 1 1 1 1 1 1 0 1 1 1 1 1 1 1 1 1 1 0 1 1 1 1 1 1 1 1 1 0 1 1 1 1 1 1 1 1 1 1 1 1 0 1 0 1 1 1 1 1
1 1 1 1 1 1 1 1 1 1 1 1 1 1 1 1 1 1 1 0 1 1 1 1 1 1 0 1 1 1 1 1 1 1 1 1 1 1 1 1 1 1 1 1 1 1 1 1 1 0 1 1 1 1 1 1 1 1 1 0 0 1 1 1
1 1 1 1 1 1 1 1 1 1 1 1 1 1 1 1 1 1 1 0 1 1 1 1 1 0 1 1 1 1 1 1 1 1 1 1 1 1 1 1 1 1 1 0 1 1 1 1 1 1 1 1 1 1 1 1 1 1 1 0 0 1 1 1
1 1 1 1 1 1 1 0 1 1 1 1 0 1 1 1 1 1 1 1 1 1 1 1 1 1 1 1 1 0 1 1 1 1 1 1 1 1 1 1 1 1 1 1 1 1 1 1 1 1 1 1 1 1 1 1 1 1 1 1 1 0 1 1
1 1 1 1 1 1 1 1 1 0 1 1 1 1 1 1 1 1 1 1 1 1 1 1 1 1 1 1 1 1 1 1 0 1 1 1 1 1 1 1 1 1 1 1 1 1 1 1 1 1 1 1 1 1 1 1 1 1 1 1 1 1 0 1
1 1 0 1 1 1 1 1 1 1 1 1 1 1 1 0 1 1 1 1 1 1 1 1 1 1 1 1 1 1 1 1 1 1 1 1 1 1 1 1 1 1 1 1 1 1 1 1 1 1 1 1 1 1 1 1 1 0 1 1 1 1 1 0
34253 56230 48164 47367 89052 33811 67109 92925 91869 87988 35850 78 94994 45026 2347 55348 13054 5235 68035 40756 29365 54249 10056 834 48111 2732 87899 27749 15994 46157 68186 51278 11987 61651 80282 97544 44843 19895 38695 95923 62701 66923 82606 1272 25481 96995 84388 76289 65711 20165 87744 60154 15535 16907 34178 38185 46461 23571 40005 13838 76848 94592 38719 7757 13689 74134 25570 75740 69136 17221 55511 8202 93462 39126 97119 54933 87486 34012 23191 40400 88293 86419 78873 70377 63841 58104 26365 97317 89982 77999 7043 28327 85128 13945 25301 45990 82236 95798 86452 40105 73458 66515 96290 19962 82535 41897 38826 26759 38959 99961 90078 34862 6841 47871 77540 96019 39060 50673 61148 87326 20988 55230 49987 44376 84077 99622 55122 5224
393 84467 60541 85480 56841 39775 1227 52139 32462 44714 28890 48021 54029 54834 85689 26172 67925 1366 99272 35525 71902 23428 82126 5024 35340 14092 45466 32414 94036 35621 31496 42718 90483 74150 72642 43307 97387 18034 85435 63817 59441 94314 82774 82400 96157 55810 16504 52409 60764 62407 88958 64204 14124 78127 84165 72537 58450 18100 11572 24413 78076 10921 66818 91645 14656 51667 25538 78624 2991 16987 64623 92063 93175 75106 84205 66086 49692 41923 30777 41066 66182 80064 50098 66651 6598 79607 11936 68761 75851 34622 90741 5583 69878 52299 75431 97906 8039 69572 60825 95381 97487 57264 31980 86892 76007 72985 29850 85998 91508 86782 69221 27999 85379 66477 75510 72410 86698 76858 62878 20539 85663 78864 18446 61271 27658 72724 81336 41760
60265 85712 16291 29548 67258 3487 3484 30557 93089 58909 95153 83390 40725 2278 9115 68041 68786 83782 92282 58384 96028 30583 40723 4050 61044 62772 55722 13489 17412 77173 56608 24432 47285 85799 42395 18223 42031 54233 42203 3146 8446 60010 94399 33647 77252 94144 65305 22049 87522 64102 367 44326 19744 1382 75798 90833 87943 68631 77439 83884 52086 96057 37851 70736 46027 25918 88508 96857 4437 97948 89563 7375 89307 4428 90119 15747 58735 34788 89202 2751 58174 54185 22103 25085 73914 86427 69676 66230 80968 42940 71975 9769 58224 88362 8993 8447 77164 26240 69805 15150 6086 49143 27473 63076 51915 24370 39009 84796 71494 70410 34705 53177 2195 92255 4572 46932 9171 47611 45414 21293 40236 2950 38944 54797 14625 6155 59068 74247
18687 96426 87489 99028 7579 46157 59207 54550 81958 41739 31767 58333 4583 20506 67375 53861 33165 77486 60620 47104 72327 18777 47185 71480 49358 91128 29421 96389 48219 84751 56708 29833 73800 88588 73391 92060 75896 98462 90402 32097 85920 67943 81900 35943 7526 63876 14655 41284 23954 97939 10092 87315 58007 2828 59957 96119 68350 63266 37766 53442 50563 71808 14191 18796 62854 58094 8722 54382 18186 43382 57745 74344 79977 93018 25299 81788 45615 7522 31201 57089 53020 43038 94435 9892 43740 29886 42606 7251 36086 97797 92419 62580 27545 92361 62255 15801 90909 17890 33816 72250 54 45211 22423 93069 11454 62236 17106 40063 8389 8895 57097 96341 25631 70859 38171 5997 25498 27750 3731 19165 42794 37784 28447 97071 79441 86898 89313 95686
43007 86871 85087 306 45202 7370 56735 85890 21731 60260 61525 91094 8536 17555 90850 22566 26290 9343 18156 39756 1716 95301 13015 92292 265 67871 73807 48053 34390 21465 97244 54628 97733 70082 48294 12029 790 58337 86173 18490 69897 88284 6871 92417 76849 49228 50239 32123 42996 60750 87415 82909 86340 10617 14317 73954 91604 29055 34238 19238 4330 43498 13957 8980 78321 83959 32844 86213 13779 42995 74120 64743 64097 2539 39987 81298 13928 33901 95312 5616 17223 51547 40196 7300 95712 96489 63752 43528 24644 1883 23467 22902 27503 20754 2400 70062 67265 64504 23340 15870 10552 35319 15419 83864 50909 73842 39814 56577 78042 73251 51631 63185 18729 12797 59355 10302 98093 2289 28028 89513 3392 74113 12644 62349 35974 70139 88242 49065
17946 91439 97905 45522 70214 75987 2673 70710 5547 12696 52075 23469 5862 34776 69723 2639 26558 37045 42474 78480 52814 2059 9670 10981 15042 10441 64195 30777 43507 97017 86200 35903 65035 54509 91133 24149 64947 84727 29453 78267 35871 28184 80194 26140 9912 61552 37892 79805 69595 66238 42704 91002 43797 89594 10686 65045 3562 25874 15145 35147 18497 85727 14076 85766 81674 94523 6283 13785 43223 91724 79624 41559 11118 52449 86478 51212 64095 76985 28295 95533 97759 46505 26138 10524 54996 33822 95329 27662 4242 64118 29889 94683 51181 3995 14001 23511 27379 15957 73199 6625 19390 1289 56856 64246 42445 82232 93482 60920 22709 63688 73536 54708 30612 70465 41167 2707 38054 28607 27712 92362 35566 47894 2 21101 22406 92039 68336 74110
35777 16074 85063 89462 78950 57288 44254 7762 80711 96398 60354 3568 65622 63191 29909 52996 90220 11506 72448 63253 81144 45311 7067 39969 22136 75985 2030 20866 5382 7167 22452 73886 52554 11279 36002 37566 8191 26613 8858 43498 7387 62278 29629 20858 70748 96449 22169 38635 82230 41538 77526 78444 65821 54019 1948 35629 45437 91513 129 62684 12529 60081 19594 68711 11429 98747 93742 32813 928 15759 45908 96662 14953 35767 85591 58723 59904 8438 81557 2760 7958 14720 60966 34990 90758 3834 49200 10393 75571 7914 29633 79238 3470 67723 26764 85724 16733 50695 36412 31081 35420 41773 64496 7239 30395 40785 60889 24972 45982 68336 10743 69572 38741 87254 73806 14220 6180 13301 65048 76064 76063 44336 47727 13397 2862 15988 44256 37213
38226 74626 2066 3215 34610 59238 47510 21043 25598 26350 90989 40429 8713 98508 85361 88969 1300 28662 76008 2956 12314 51317 90555 38679 27728 82448 16481 2102 96638 73556 26373 2524 3392 14717 1738 20020 31642 85689 18727 96200 41537 76950 65164 60349 14056 64588 6927 51057 12512 68854 23604 94117 26822 79305 57792 84824 7162 5634 18323 53632 68999 75382 38935 69106 79274 34357 9050 26933 24865 89077 38746 34904 55220 88777 78034 89096 49851 2665 47948 49114 4204 36141 87875 65543 78460 13401 34045 19159 28522 83033 99376 72861 51207 78109 78102 94416 45754 70331 18399 97729 30765 48297 99089 32857 38360 90878 82693 59640 52075 89367 79816 88578 86360 26591 46167 61401 19087 88481 82197 17641 96205 71597 25502 45739 31557 93719 19645 669
77129 21001 65823 30818 38470 41968 91316 83962 82630 54281 89474 24680 32980 50626 76281 99535 81483 27885 17619 49174 69692 79554 96527 87456 30105 24655 4169 92854 83614 18944 46876 27842 84382 88176 68385 12289 68514 27383 22507 50003 81411 78501 20883 87752 53825 76172 56084 53856 27978 63177 54922 32739 2271 13479 48570 56450 97590 67016 99210 16515 60433 21412 19919 78445 43869 57491 11892 55211 39485 38391 86806 77194 51845 68759 43612 52861 43666 56097 31262 906 46621 78744 14296 32437 5007 14074 50711 73291 48824 70290 5257 45049 87536 16537 57060 5420 94169 11916 29678 5362 75512 6349 66739 60261 98038 78286 14412 87202 12490 92032 26411 99147 95127 57399 44671 73400 40762 12523 40794 16455 14119 64435 96888 97216 34449 13691 18688 54902
93018 6097 62851 80223 49129 79873 72969 24235 51351 3190 39735 40064 35730 92693 53182 73632 56703 82905 20323 88458 66077 31090 46436 74809 99818 53441 17339 96571 56161 12368 69802 62763 6312 78183 99437 2273 87413 55955 1163 25459 43210 97956 37254 79061 17338 53046 43885 68822 65080 48409 31983 6707 44746 10139 91875 36055 15044 53140 95017 95760 45718 98357 95384 72527 30425 63060 66811 8274 5771 11469 24441 3845 15698 77205 12198 46289 38506 53867 39198 63485 94045 91164 13833 2499 54418 83688 28323 88124 16517 26211 59658 31324 2295 16950 98072 88809 8057 97943 62696 40554 3025 5310 46098 32555 1681 94334 9580 1915 80301 27848 64135 74113 61380 1729 73144 58521 28576 66610 88115 41763 51362 49744 42885 13481 9933 59457 54821 29003
22779 40443 94423 80848 89616 80008 55784 24951 49148 54217 85972 18353 32123 23287 75969 68884 67940 72336 7345 24909 11281 98593 81559 82115 72780 65720 16135 60276 29183 84531 695 31021 47588 16271 72348 9849 14064 33730 15401 15504 70225 24036 84074 21524 32359 53773 24674 27139 18713 8134 76466 99137 11535 44307 61667 76507 99071 55112 71720 37339 12545 38180 57345 49171 68110 55687 5581 52374 58762 1036 25726 69170 62322 60167 838 72462 52123 88505 11167 84309 16578 83208 88046 72210 54285 25687 55211 87225 2296 22414 37691 40124 15195 69823 3915 92470 59055 51148 17281 47100 13927 68617 22764 67054 71365 60158 53410 13415 33078 27946 99677 40835 41020 23868 85885 75073 5893 40316 37113 26242 96606 59583 13659 27656 59572 78250 1420 6314
76630 18719 55905 25127 2706 62040 11610 39222 49640 27759 38422 35517 60927 72593 14251 85231 48568 83339 32376 37319 3037 80065 54343 1126 71858 44263 45182 26803 73841 1034 7621 82327 89038 28107 17879 34782 12771 70704 96749 13876 36093 96519 60131 15127 64156 28838 50237 13201 29640 77318 45572 48636 25104 29739 20711 63692 45262 47127 22760 88170 39588 25928 6318 980 51023 50301 2407 29011 93529 59583 37054 52466 17749 16701 38619 55947 22246 55597 77405 21303 3509 95256 25163 55559 42149 63104 5362 68579 35944 69945 75278 32223 56336 79614 15509 99783 24910 82675 58640 78996 44437 53215 36697 59363 18697 7851 21106 37382 46483 98582 34875 94806 62694 42466 72638 41540 31100 51210 43124 47277 67149 42148 97409 68276 35913 14480 10419 38948
31115 38074 38830 89889 11528 22973 78360 94750 17898 26877 48349 62857 83599 50693 65306 25612 72272 36148 927 88252 52384 85814 3229 24508 6309 52443 82303 68874 4979 10145 47757 49287 17115 74147 12482 99152 22241 20543 70202 5999 67345 76456 17972 94603 78966 80024 44700 88596 40385 3353 76812 40322 9984 76040 50489 16305 83132 88034 23545 66217 78077 91745 34034 21245 4223 27485 40584 84636 44592 15501 67725 49003 1177 26634 22008 61980 42711 92183 99795 99693 99618 46861 55949 85413 38810 35265 20074 31593 70007 33762 22128 33863 97472 50552 96950 94543 45951 46129 9141 13836 67582 9350 49744 72186 94401 45774 36526 4702 53694 44580 57658 54023 29823 70913 72833 48404 76285 91279 65348 36304 27093 98700 70708 18155 85342 17482 73422 839
20600 97177 14069 53215 84466 91621 34511 80942 34862 39558 15565 1179 9402 18760 89241 69978 44949 70646 34881 40772 18717 43679 72992 39121 69147 63996 78509 72821 38254 97894 92721 88551 83550 64885 52675 48873 73479 14070 74367 37724 11091 47394 87028 87598 84914 9509 46507 48706 22202 41923 59825 18899 61409 43765 41275 90918 48358 15825 21977 70194 68450 48357 66892 6785 32798 54542 33681 78446 81238 21678 81442 40595 11225 46352 57618 35595 44367 64266 7619 17360 98929 67180 21514 11031 47699 46745 77779 99536 19805 85231 79381 935 91271 7553 76644 96411 79185 4577 6642 49585 30701 32402 11016 58400 58355 80036 13925 53555 66478 48114 55147 4890 66905 36134 42687 96459 7589 77796 96944 62366 53563 51113 17536 95605 91546 61012 38562 65972
68329 35581 63873 75822 33079 92920 24285 68550 38515 50673 80356 59823 8471 60182 49071 24123 469 93597 95163 89417 79531 58682 95045 85259 88859 80662 93481 19393 40515 65001 70026 36124 18879 83393 34501 68908 71041 5094 29102 81361 62139 87264 58835 11752 10654 4943 71788 61771 9247 15033 92133 98758 98947 41038 24513 31742 69375 92853 68070 35349 27309 5142 80261 83317 23950 27737 61619 35723 25556 51556 70021 61649 9121 74661 50331 53401 2621 97740 47011 75339 98384 6930 90695 61399 3583 48446 45826 39064 20016 52549 53812 14325 98063 7404 30628 96477 63684 43933 46250 19024 85269 33348 25009 23057 59513 45191 92858 62898 1255 80603 22724 65760 96850 70129 69675 19674 6386 58122 24569 14607 54882 61012 63624 79544 27930 84364 98242 22892
88066 85789 86728 15464 50177 12676 26105 32996 23142 35610 71223 45790 75129 79778 29187 60343 67632 12024 88529 14414 80687 83515 31618 43139 63251 76212 22001 47485 39110 2579 90676 47173 27979 11486 44041 22395 62220 12389 65089 78037 4659 65130 31383 21774 37733 88597 39106 906 62174 69183 95299 80310 4814 43365 99769 93584 8025 37869 42664 54460 42622 13956 27569 75307 45136 11476 9054 87272 19743 71990 75528 18503 74411 56212 80183 87675 18279 4193 45803 34372 64453 46119 80522 16791 36537 68633 31914 23662 17624 14656 36496 11274 26717 81425 14105 55129 28752 13917 71181 94731 37860 81281 48392 31972 43036 84417 72882 60279 92625 13362 448 50306 96807 40374 27485 78658 51706 97219 57454 7387 76398 20513 21089 69927 84041 95270 20088 86542
11264 73640 57208 99662 12717 35985 9316 30628 54882 2641 34158 88042 77003 87689 47327 58673 82454 50878 8113 92903 94531 99892 80035 37400 87573 1642 97412 16893 45170 83396 71467 11677 47825 18116 81790 30695 5810 27614 88607 14631 79360 54971 15531 22945 68619 47787 59714 66134 49563 62553 56763 913 44681 60464 37482 65724 5581 84593 83918 18744 16604 70729 54025 61168 51287 23883 60691 25276 52153 67058 76120 52590 64879 14473 73944 12373 47329 2722 5554 60440 4987 3483 32731 30057 48422 52686 52123 93317 87982 24363 78456 23610 51592 37529 15246 26392 80201 61686 68416 31318 720 88823 87922 84616 78254 65221 45913 98172 25680 93504 55917 69508 35486 39400 8846 35180 78132 69699 10267 87287 90388 10414 69484 87905 71991 93253 28151 70265
79159 48961 82649 54170 31406 23731 77585 40143 34315 43315 77150 96107 69479 62720 7027 5408 61262 24240 67956 81425 92309 58654 37708 45605 30868 59180 6164 42865 31164 66243 86245 90041 64740 63004 18150 17552 50467 31497 81340 27463 88402 15090 24566 36977 29472 72451 95284 46155 42389 55055 340 60074 53074 14810 64932 42148 992 15596 43691 32747 82225 74600 75696 71041 63555 16651 58814 95336 2342 20984 84147 49233 1848 70303 72781 69129 98830 40116 21707 9246 5154 65929 43632 84826 96107 44705 65457 92217 55323 86132 17933 12978 71608 58020 27509 91576 52121 95821 3888 58519 31480 20953 59392 25277 97517 3902 83769 64240 98185 46402 31185 50631 49702 26228 14204 5229 72326 54955 12532 42886 23029 78969 62856 12733 61619 18867 66005 43740
21854 28214 3392 81477 88514 32553 42978 857 12647 76300 58131 58217 26779 49683 86405 31119 19657 55369 83630 65533 78280 27562 45543 67016 72275 73138 12519 98862 52745 15809 4058 64001 45488 94591 59872 15358 44351 70925 58 95469 39980 90126 54400 498 73574 20324 87968 26952 25438 99017 51341 68738 87816 38144 70671 75188 76983 48505 83449 10782 68107 69289 34725 801 66889 56087 49720 67935 36444 45008 34487 54003 33045 69231 39001 84761 38282 69305 47926 9913 3886 4335 27749 16475 55908 76417 20781 63303 26113 55245 7606 90240 40791 68050 61586 66160 14105 95751 17980 86241 47146 96400 53120 28874 81738 24646 57571 10304 63898 90107 2004 95923 55526 88973 70352 54832 51182 98400 8059 20011 6716 44482 85367 77395 68610 2518 55655 15141
45157 71058 73296 72510 90901 64000 62935 46809 14002 10808 9555 59467 51867 97883 92363 71784 62546 54533 45222 65289 76700 13362 46571 99218 96318 77289 19894 32173 24139 22365 93409 90236 19413 28204 45248 40643 84672 57235 54102 77144 3104 93622 8341 21417 32393 84828 49775 41396 54698 70323 12008 44160 38534 66699 36272 91529 4879 61280 34749 6468 95486 16811 79766 42996 60523 84941 36974 36712 90508 29186 72786 67605 60008 36716 94298 37233 58721 6112 8894 83257 66340 20195 97713 46965 69171 43823 25970 48761 74390 4824 35669 52269 32972 88306 52798 80093 81888 58120 57257 8081 21662 87333 55909 56573 13633 7593 25729 1544 54169 24093 80665 49750 79451 42443 95287 77897 77128 23792 77479 27924 27515 35372 26090 10192 46653 6789 74637 77434
13308 11430 53695 83769 59482 51625 2381 57710 42965 60052 7270 31553 73869 80453 5297 62560 73963 34695 47395 32244 56099 29918 68185 77459 38199 85226 55365 25079 27925 55862 244 31682 21866 34900 69252 86348 58345 6270 21213 85832 59301 22974 94308 64004 61796 20619 5139 97633 15217 88398 40969 94673 81738 64206 64932 21581 80290 98124 68318 24518 39045 15334 80831 46711 33807 50353 48256 49070 69698 32442 73066 56443 65564 82258 7374 31497 71423 61495 23497 80127 64717 3636 98993 53654 60303 66248 82206 1226 94789 89764 74942 84821 31805 32415 64069 46409 79885 68216 94260 81780 53551 79113 2555 47603 57962 33162 65821 12842 78037 99867 53350 48858 85213 47957 58360 74382 48278 10564 30365 42938 66773 68619 25700 41586 29379 39025 25138 21743
454 48955 56546 94263 17536 70199 5942 47485 65979 86873 78867 52295 17584 13599 93311 50632 90962 10152 95578 43465 5110 65127 14448 28981 80794 17730 7818 47935 91900 33444 78488 80273 30113 51693 71699 53359 76277 98118 66004 50157 4383 68022 23118 43040 96567 92 50743 9273 60043 77180 54157 83060 70397 59748 26623 80319 99370 55776 32560 2608 90723 44769 28757 46420 4818 6879 90291 23939 68652 82650 78816 10150 45982 91434 33652 20959 96026 91743 27006 28587 22961 19300 88907 54621 10339 77674 96971 19353 85391 30235 75893 18737 17708 19507 25498 47043 30794 34295 5672 86304 76417 83162 40779 66740 89576 54009 91018 15801 75898 85976 36586 41504 51766 83078 67548 42975 69842 6944 42434 31537 135 56091 43185 14025 19332 21714 15075 93199
3532 75328 94359 59940 31190 78446 22841 98921 99697 49026 71440 18447 97872 25714 74083 48215 34077 73927 56972 11535 8333 49926 92039 46050 67242 68314 51350 57445 55547 48182 1558 52748 539 37942 21272 78219 12852 4370 42935 51314 79715 33975 91006 57756 31245 38557 35769 55308 71050 19698 68738 10188 37103 46409 7869 71201 58545 76573 82893 50650 50933 50091 47807 33336 85962 59446 7260 76434 72611 43384 81509 78138 12724 99433 54783 89915 50840 27794 34091 71121 85158 53830 61396 82628 98838 47010 99593 93048 45321 99065 53055 18279 64700 56918 70812 62783 12217 67760 87664 93834 80217 73449 73059 24756 21169 75784 97082 51514 97526 77730 35209 82381 25338 49477 98267 45078 49314 58117 20407 98890 56062 41515 4712 902 92949 50480 16382 62072
7256 24324 67662 96014 83824 35037 17838 81719 37309 71652 3623 22284 35761 87382 54928 88418 93140 30453 32650 71694 42385 5144 52021 79811 68485 18268 24105 60328 91861 4931 36439 5035 36381 14902 15227 98368 49585 81067 48062 32085 51889 93867 80364 14269 66410 63572 15852 90907 17479 41317 50148 66887 22951 78879 22442 78721 57177 29769 93673 40346 8184 60541 66800 52676 83135 26913 8946 78545 70456 91940 67011 41168 92414 93610 61143 64716 27323 86083 37954 73404 27895 95601 44873 60212 46865 76385 46634 1300 15853 64977 87219 33341 43810 64938 53914 62145 20266 14565 7 68335 51282 7706 39577 87665 23748 78613 5760 84994 68609 66210 17861 82963 61884 71790 15927 99464 91989 10644 31471 75517 4629 29592 9611 95408 36848 94424 26121 7548
66370 79037 95580 46074 19983 64438 86867 24699 95984 749 81454 62569 52869 66059 73745 93703 7471 98113 28857 18512 99910 70178 31111 46160 43325 52801 86464 66297 74955 28858 92954 98683 71975 62992 98316 57394 27846 24678 14579 63720 30276 81504 96934 13511 92346 19613 15893 59323 30114 34443 54029 25157 47301 94070 77916 18156 83556 71645 86311 61181 6300 27276 97031 85590 26032 59976 19763 6352 17576 77287 98456 25718 9228 99176 18068 20496 19029 34005 31730 42322 60033 83336 32032 63947 34866 68833 35496 28100 40635 823 16224 67942 35684 70343 63682 7456 5054 1914 81366 88107 85348 70315 28117 58390 48789 68931 31358 35979 42661 61454 46318 87174 88678 47448 46908 50110 83043 29749 85706 64200 75925 81279 62528 71891 34663 19906 19191 25067
27552 59870 3928 593 37533 13157 77446 59452 48114 72984 11718 95501 60082 75493 5945 53640 59303 54327 69141 76664 88404 69270 16146 48018 28432 69765 63540 60361 84818 85434 65598 30731 15881 50899 46083 24096 27114 59330 1962 82834 66414 96997 35246 7014 92493 69620 65766 14110 34897 34458 87963 48538 53725 54903 95218 44761 69486 22192 72875 4690 28317 86783 9166 7931 17256 31781 38209 2690 92996 48016 8086 91742 45897 14931 47064 88066 60165 37874 62994 2267 94598 46815 8181 25042 92139 2520 27567 24795 73047 82936 32953 50757 10516 11664 37727 41756 91444 31894 93370 29918 28461 64288 96752 71336 74042 41561 67746 80198 48538 92811 30865 47379 97599 33571 62950 2572 91006 99760 25688 62776 69424 11578 11972 9870 52846 57147 18408 3206
42158 10026 89563 68905 21632 50740 61990 3428 27967 96649 76307 17943 39088 16648 71335 69916 87470 1157 58300 63740 80377 31788 64885 15192 54974 52898 44567 66372 26382 10596 68123 99527 50162 9252 92014 88470 38918 12090 1305 53494 12191 24080 45636 97484 74447 67422 10335 44376 53101 34042 45453 67330 14533 14907 30344 74714 89589 94299 8039 64826 31052 90517 64048 81202 47300 32400 16789 8012 60463 89706 61122 28873 1573 15033 78297 56288 10366 34009 7226 1898 90286 60061 43512 71968 33529 35008 8244 61910 80282 4924 34708 73355 82000 94979 64162 57575 76892 32929 55249 17950 93767 18022 3205 35331 54618 41380 63598 34589 73314 16109 97346 96329 74563 48637 68448 90830 78684 53834 76138 67785 93192 6664 1571 32853 79163 94727 49801 95994
25872 96453 84069 51893 81484 22261 54431 2550 18090 76281 59210 36614 63936 95248 360 46408 25661 11925 2122 19487 28128 13865 72612 86350 18117 19511 52181 22077 80799 93774 37709 50190 77498 31825 32342 95058 76794 63388 96972 70894 14885 56263 45103 33972 15856 39809 98146 99115 94780 21547 46371 79163 74062 83443 21129 21955 40750 44663 9331 36376 12352 14551 3233 34805 25604 75713 69831 46232 27622 95076 6427 23842 60765 27531 36334 56054 87559 40622 19190 77453 85625 81009 59762 27230 38331 28385 31622 98807 85274 93585 85712 87087 71853 2884 5294 55407 20813 57619 85931 23652 91493 17792 52713 85744 37370 64640 41538 41638 26021 84815 17218 36599 55360 44417 2283 16260 52792 10983 48258 70234 47113 48874 92440 13651 281 53450 38244 34634
58048 86254 17195 37741 74936 68461 62694 540 95573 18072 4445 71840 91939 77550 13417 54348 13639 24051 52250 67404 41256 88197 22597 89187 99583 600 66081 47917 90244 73234 13764 9944 9245 70007 73639 62285 52566 22981 20172 27330 5183 13423 22291 35604 66743 74643 24053 7272 6689 20559 50740 74936 25377 3345 37472 95495 17320 8325 11402 24054 12811 16868 8402 91484 49431 37430 83577 21135 17953 37813 11004 46170 52793 67184 29135 70315 74728 11115 59971 51038 11083 61988 99098 33490 75044 34296 41424 42166 22388 50081 34940 1101 77008 23905 45047 32059 36575 1034 92947 85240 44797 65428 95264 98031 75424 93801 24187 15597 89267 25299 79175 56901 33247 97731 8281 4364 83317 35069 95383 30654 70835 42375 85239 45599 7314 32579 1312 95100
60323 86226 82855 9721 94833 39925 77096 32031 9861 21864 27788 6007 3674 68746 24013 28783 88010 23799 41965 44351 76253 22794 70768 87424 76380 86362 55010 21787 99677 92137 64354 77124 89385 13969 25850 26238 69671 13950 11942 91305 19134 30076 68393 1708 79196 6728 79446 4662 98197 20378 78451 98526 9679 23927 43597 36914 35736 80942 44569 36005 38582 798 14093 51646 68937 5107 66596 36095 24459 74437 75251 90940 14192 31459 94954 20041 41204 23954 46329 45815 65259 44832 76940 64 92205 56603 35633 31992 66892 64721 45068 50503 98741 43331 69841 93987 32049 14444 25494 19282 54942 19257 73748 10616 65529 86478 57801 41110 78251 46246 25815 97766 47686 52768 20802 32549 6382 18033 36319 65710 71232 68203 48450 58101 25739 69603 25655 30301
79131 47273 43018 67805 67603 85132 34112 86794 18095 51667 8279 51867 44425 26129 92762 23151 80780 10175 98802 49304 23592 75672 66455 16693 53045 84652 8836 91176 10082 19679 48999 25096 15580 41784 40099 57246 71945 27285 80805 25366 12479 46826 45984 72104 53127 82564 29229 62235 79317 54032 40884 77185 50509 50390 82428 91052 97744 62769 13245 79442 21993 38060 7155 95592 13296 15555 77380 59836 20460 7133 58668 18143 5879 72389 30960 35837 80180 15008 11902 22502 77154 2886 26005 63047 7678 61896 35606 1278 90515 12055 93557 52465 82392 20140 17168 74929 93338 86845 50312 66453 6280 23031 10523 86506 52085 6891 75834 15071 91631 21534 66806 21878 81285 35143 40219 68429 18019 79556 33675 50552 47515 21226 45517 7318 94843 66299 85152 14733
69519 1388 54369 34935 44002 53522 91512 70859 56118 753 25112 49462 12149 25307 46219 67078 35897 62813 12726 2792 68089 59634 65094 95525 31058 21836 70727 90759 373 24449 2865 16309 28399 1245 82169 88613 15574 88614 51817 35125 30748 7035 51855 77528 36541 8935 2861 90866 3212 8244 41916 51994 73869 35634 70302 85565 48134 97921 83661 28843 21217 54769 68799 63459 38613 85198 97894 31798 60950 45215 31837 25903 5005 19614 14075 79270 98071 61870 34432 16365 36144 75591 60504 15381 40304 96142 14798 2071 71249 92920 27197 23199 78903 90724 17779 34021 69454 14001 73037 30061 81634 24044 31567 55156 27336 46913 96915 6655 60510 25847 53284 45834 69939 83599 72989 86578 33309 16173 43410 80197 29013 48960 48868 62644 64593 61506 19642 48423
2030 48754 84567 90537 41991 75060 61967 81109 58740 51832 14227 58159 63105 32204 56731 41021 49097 35635 8106 94653 4109 18876 87588 25439 95605 95930 21917 30707 88785 18065 67784 43672 512 37745 36370 68527 22576 25269 38498 27621 91909 37721 10132 45803 18073 5015 56823 12978 27342 8194 90778 49691 69811 15886 83215 56245 14147 82194 43898 65285 23265 58220 36774 95263 10936 87820 87071 59019 32885 7913 85278 78248 33077 74916 47213 54998 78471 66301 41897 56214 59390 78682 61142 48450 25732 79631 73789 21486 71346 70761 39723 71454 89476 35125 42119 93966 89692 66644 11194 84326 48624 39775 95210 82683 73879 99504 65096 73184 76258 17480 43559 81266 23689 50691 6413 87633 49766 9836 66813 45285 89380 7469 51824 93246 74841 30515 57036 31395
26315 91056 35936 38276 74781 76645 46935 94731 5121 92936 46621 19256 22690 53219 55622 30540 88905 7899 26094 22286 80333 21587 75732 8609 17978 30592 19438 53041 77023 12797 92862 29162 34173 51704 85536 4433 44636 26135 13593 4335 53065 43014 37400 50928 79472 90791 56642 87477 22460 9856 31967 85361 29509 21025 45561 81786 38714 1808 98398 34416 53928 71933 57523 78826 68486 39394 94969 92523 60455 64415 55334 44122 65504 70892 1493 16486 2099 29009 93164 53878 22014 90574 4618 31937 37973 5878 40056 60075 75745 52940 70368 4816 49036 95548 66617 98621 10058 88926 81447 67728 98690 56384 12531 57958 56327 91492 75286 1375 19207 27203 68009 32399 69704 6650 45202 55428 47848 7514 14245 48461 38729 65557 881 65719 3198 45850 52350 55564
56008 1666 50087 2925 36952 28621 56197 73824 14172 66649 19988 27868 92399 15389 53798 20390 42642 42496 56918 94592 81339 44357 31168 17719 89540 85685 26282 69062 85707 3876 55697 90906 82949 81563 9473 38385 4084 72961 24865 37655 99810 48268 78572 22196 51130 74004 38478 32507 76279 83671 27384 97255 68460 12530 31578 98398 1536 35051 74381 78589 37623 27172 22753 71843 13000 79141 26638 15588 49838 48306 90861 60907 99757 52631 58402 13065 39735 63646 44187 57601 22215 21298 2658 35376 97529 96945 18970 53802 74927 91981 60148 37074 55301 84622 32172 27901 11113 39407 59026 96012 54096 46120 77650 28743 9446 18376 36220 6602 75681 78278 43619 85491 38404 50206 44266 9682 60314 26223 74030 41769 60559 94531 79810 56979 91348 60223 20373 24656
71982 40023 75563 34978 31337 10823 72593 11928 58320 33993 23145 11301 75651 39198 22873 5715 51460 65702 86742 67477 65861 83989 15975 50588 91083 44297 19900 42468 76147 21494 44832 71921 21880 91047 22914 79469 69357 1135 39570 14354 32218 53627 81713 6813 37460 923 19968 65573 77046 70099 90097 98136 50801 80469 93834 74831 96715 96482 46034 25355 99048 52189 4451 71921 82316 63611 32506 21102 16521 9082 72878 27185 35577 1871 56949 35816 1939 62280 74309 11913 24882 61317 55849 46724 83585 7634 36425 96675 41968 87910 12399 21967 28556 71897 58687 86875 1997 96537 2014 36590 74011 64285 13488 12677 41523 21687 82195 92420 90367 9922 92557 42237 58333 74565 53657 49818 68211 31541 48064 18894 68934 59479 35507 14155 48743 80243 20689 68554
23643 15127 64350 58143 94271 65659 20425 87032 37003 71848 47252 42788 47862 41756 86217 17456 60237 96651 69028 52795 62277 34073 46425 65432 8773 97062 96057 85346 60218 57123 6891 56397 63261 83302 46583 8700 12507 46792 4931 92681 14872 61176 84597 76178 85580 20419 39622 22394 60921 22809 92878 49619 95277 92444 88563 18337 29053 71516 69631 39997 56370 39206 22197 99749 68342 60166 33008 89300 30868 50794 28328 97138 37338 92009 5908 75484 23444 32131 38407 17290 52530 17568 1132 23644 44008 71708 88403 86891 53220 76827 7417 68949 75524 71929 50180 51535 21588 27874 76293 52947 65244 47479 55406 39989 66215 48493 28513 47923 75972 75131 34249 14060 5185 567 18231 24673 58073 93984 94698 34628 89624 57731 3744 81673 85791 73101 25563 3949
52030 78953 89780 19393 70936 52604 79167 85144 62351 45081 35650 57129 32958 66894 61955 15724 93761 51951 42832 85348 6507 22826 87742 60688 29534 62674 32496 4836 45025 86623 58672 16802 72128 51159 99099 94936 76832 69648 34212 185 86230 87884 14010 56490 46228 40510 7997 55201 33413 83428 18429 29794 91687 23668 76586 11941 15219 33980 44505 68260 43316 90184 72419 52189 32879 9715 54155 37879 84506 7250 36432 37361 99696 26125 55537 61322 54003 5117 61396 97316 91114 48610 72879 20992 66195 74830 29457 44004 11229 7346 23380 27124 39954 44069 107 33363 75048 94815 93049 79724 56235 85914 71095 96431 92030 31423 89151 53657 20663 60323 50869 28229 81885 2411 28945 57634 79877 43888 73721 91222 53739 35668 60834 79629 99506 20089 65628 20780
62947 58449 67705 53991 89794 82114 29350 11912 39392 78136 71289 80035 81222 35969 31249 54929 16538 60851 41643 26210 19222 47662 54770 2918 47290 50064 77951 54762 12292 17887 9459 3132 26907 11603 36709 11217 79758 59473 23445 40357 17731 4609 42327 20513 11974 34926 29304 68168 81274 11263 40566 33643 9810 56531 56830 96591 6841 59695 55241 51678 75434 54663 38950 96351 25754 75517 22487 91779 76744 26986 15058 53979 12346 41086 18695 43792 58592 50711 48003 3293 27231 21749 95852 47042 35652 14396 76221 92230 4700 40956 96187 98099 77727 53327 34324 60481 35714 22391 16992 36777 75698 42257 23457 90687 90196 22444 72619 50564 8055 25746 50419 57460 39174 67944 92887 78173 37317 37241 59346 73088 42740 91428 29299 35906 42375 62890 48260 11654
40585 79122 34943 89474 53572 51521 67743 55126 43167 36129 96779 33950 51623 28949 94218 67972 74208 59574 35698 68327 79021 52626 70790 84916 56225 67971 9903 22372 57533 73919 55461 91847 2305 18996 6729 14934 84074 74356 2097 72856 21052 72920 14931 28477 98299 91390 57832 90249 87771 75033 45382 918 8712 9397 46486 61604 27722 2748 58546 61288 66882 71261 79803 50063 84399 68867 43105 52528 82923 53213 44263 39408 59249 17502 22260 44235 81219 63106 24319 32421 17390 8582 29604 47137 31688 16084 24376 77422 20137 23106 69763 24393 30483 52557 13988 46706 30344 41592 74452 98204 63479 98572 49176 90124 1748 64930 75369 14339 65752 49897 18950 63742 35705 66324 19327 14648 45055 54760 15828 37909 99146 72443 85133 42389 55840 33417 15220 16010
74221 93435 7102 27040 97475 41593 27797 17826 88247 29831 90539 40907 37627 61949 23720 82256 60493 42299 21874 50047 63998 50812 13104 42178 61674 49895 14076 67977 91393 7705 48150 39145 3137 62986 53574 13216 35714 86973 25274 1048 22286 36249 68609 38054 71369 56306 3011 47359 69120 71220 40864 3874 9609 46673 92572 31883 7716 4361 77896 40298 23054 77411 46958 72584 92653 83988 70838 86625 4159 49989 46233 66023 94941 16052 32018 21036 55444 68810 50830 36796 53368 72482 38106 5241 86851 90157 58089 67213 75179 70004 10615 40747 28407 17145 25630 91792 61487 93755 66592 90690 40531 59579 73427 35185 88770 68971 13715 50450 74975 17068 14543 13387 9390 74684 95556 75870 5975 6784 17134 66627 94350 55242 18372 21597 5079 66928 17119 64791
62316 79528 70051 86676 48396 62499 79764 82096 17538 90988 39101 81483 30036 78586 32724 83049 13949 25095 47432 41470 81307 84989 48799 34308 4835 69660 51051 6250 30607 26840 29353 8394 32505 15649 63039 79267 11394 79597 98102 21861 43552 9762 20985 74381 78426 55369 46823 74945 6555 74135 4752 75674 72354 96188 54904 61479 37171 31370 82074 94801 93076 32015 65288 70451 46898 67401 73985 61067 2696 44913 73673 91224 13953 96951 55474 49081 3866 13681 12166 3340 19216 28335 17137 62632 81908 96823 85784 86814 79205 35035 59844 56094 74509 38462 48333 572 34064 68530 64362 20856 52350 21672 15932 84477 39752 10331 51775 63424 12580 560 8897 39497 46848 72392 696 71085 14161 19964 71025 83374 31731 7161 83885 24175 50857 59066 39383 51859
21464 55932 93599 41140 38977 77827 88329 53912 1725 43763 27795 54011 29670 64687 72568 62153 82917 38479 50769 97344 62228 67985 74594 48256 76748 26381 4163 63359 31881 88007 5606 176 82348 16918 81332 54738 52531 30430 72694 27475 69374 79322 68089 25834 56379 18976 54833 76519 56821 86183 78647 75349 40647 56987 42742 42948 84459 33125 44930 61600 14920 41385 73005 91957 29474 60629 62735 98981 55824 12474 94463 35893 58056 93704 90474 6332 34441 60778 44211 35744 32053 15496 4526 46196 50754 87176 38666 6438 11402 58307 57557 52609 25350 98290 62919 33241 34994 39212 58529 36881 50007 94671 81518 47631 31216 44090 33759 6944 50244 14886 78057 95775 5942 76358 93949 12023 9490 25632 13777 60107 63867 22942 87523 52150 84051 83522 81241 26768
80078 64558 50553 60273 29904 5348 3235 77540 33677 72283 59552 9969 11488 44497 91077 12797 29687 33160 28207 23564 42824 50364 37837 49288 67876 88954 84801 41291 68203 89165 25979 96573 59969 47262 32143 16971 34639 53827 80492 69846 62577 93859 42479 35614 99101 91757 83295 8495 91236 51254 2595 33550 35860 51603 93058 44691 51336 57650 68937 62699 47458 70712 82938 1734 43694 26758 97802 44854 90610 74644 73515 25490 93742 30794 19618 43608 49700 9834 49823 3354 5894 24689 95286 59559 66818 45031 59728 29576 36346 28693 75944 83222 19352 34887 46572 36866 48839 38208 16273 45380 9262 20785 78715 96607 33876 82988 25141 50755 56886 55637 47252 18318 61477 35380 22128 56512 38282 47082 45563 52288 75506 69717 70104 49401 44265 43518 83624 10166
73774 23341 53870 32234 79004 33426 14964 10238 98509 96495 64223 11987 30805 14799 51173 37004 32564 88009 94057 51575 18538 54088 57027 79881 7224 32384 36871 72747 91918 56849 74115 78873 308 69046 79220 40525 27898 79750 30357 95135 3223 63757 13821 37117 76026 92270 5619 45703 73847 13626 29202 30064 55737 65252 24466 60607 55230 67570 58510 17562 27113 7328 56608 50870 93665 50286 31574 88988 33388 8794 18569 28484 78909 73977 50151 18098 35176 29977 9171 36565 60179 76503 81050 93348 79241 6686 48972 30097 75011 14094 23042 71635 62970 12846 5748 61699 54893 62067 82988 7272 64189 72318 94540 67811 90696 65070 64160 64014 35564 17532 90934 10480 682 55650 42507 8541 93407 33479 11245 69644 87155 67609 70730 18667 31865 47797 76131 78799
37849 54518 5552 25542 97943 96966 23942 65790 57435 7784 28930 74873 38836 46752 38487 71398 88980 60241 12734 56165 33963 28097 82523 97164 71600 30887 49659 49593 7768 21174 65442 55362 28130 6981 24579 86320 34794 98193 25351 63270 93217 97862 69252 73532 99166 57645 84703 10570 62073 69859 4149 19271 1035 68511 53424 42254 26977 30408 19307 89772 67933 66220 43582 13993 64953 97437 28615 63235 20237 25636 41287 8261 39761 10223 45746 17899 86091 5979 3736 43639 37483 9697 64792 3974 60913 606 58250 87182 66805 85485 27918 31479 7202 99454 15715 73645 88166 8321 36190 98832 33588 77030 61956 60526 87516 98963 30689 97815 70634 149 28929 59559 7970 23128 66343 38502 88058 98129 2709 12795 61934 58519 2376 91448 29350 76820 22659 59535
60160 63123 4687 45168 89542 41762 53780 79885 90713 67198 21659 35848 19599 1551 68698 92191 53994 76283 64941 63714 88461 30470 23524 88193 11010 17955 85412 42709 89599 22191 93781 90809 81079 19008 71205 22265 64980 48772 39518 89849 38586 81834 84188 80402 60575 27898 904 16310 86694 17536 28009 96810 89062 1736 87023 55340 24316 93954 5009 34107 71340 57047 70286 46430 73562 53403 7459 68637 73455 86440 10327 59393 37000 11190 70584 72088 26595 40779 50970 2324 95461 69455 95439 47031 23601 36526 71718 5485 96519 53749 49808 8079 87334 55301 56268 59193 97607 21704 22749 77334 39422 93914 61945 45141 16949 29816 22494 25884 76631 39248 43445 78067 95241 31084 61266 39595 37662 55606 22144 83678 28053 63950 29424 82718 89887 69834 99086 10930
79760 91296 20131 87948 69911 44580 70492 79852 84646 25127 33331 14000 33050 22016 41211 30769 21176 78910 50981 33212 24973 1662 36649 1464 68027 95163 25387 35800 74463 6472 38956 39814 57528 25958 70739 90308 54521 15111 17192 3040 71661 19697 68358 73263 42652 44676 41716 66919 35616 67944 50272 93733 81193 93604 92732 9375 23782 15635 50604 39814 18903 57890 58877 76869 70378 47825 28859 78867 63166 79855 32981 65377 67446 68984 51778 50687 9751 54255 24230 74077 62087 44788 70697 5210 71921 75204 16553 40016 98985 60612 47944 14372 49686 31312 97984 94569 73661 31346 61795 83407 78205 15806 86955 79503 695 11063 83261 62340 33026 65158 30571 73523 90783 46603 5637 9753 72212 31140 36418 99416 38612 3933 89684 96629 61215 2720 20453 29905
21317 28167 38292 44839 32681 25299 22420 20531 39889 6186 35875 44059 43303 11153 60421 72808 69761 99945 82447 46930 62478 53215 75989 29460 78315 83296 12750 79665 90582 98214 43325 59695 56664 4852 58381 55452 67249 94383 61597 81773 94196 44309 65613 37543 12539 56501 29284 90546 70218 6012 56310 39746 48480 92435 86887 80906 63714 54755 33940 52900 58607 11782 45400 53479 82522 73729 93452 45995 89216 91685 94698 81590 37263 51052 45242 9102 4996 91032 65019 16282 93627 31350 493 51938 39385 31170 54480 6410 97290 17124 70327 20743 90076 81021 4029 59650 54929 46721 4569 75766 34492 80467 46069 52505 34722 95348 62887 989 20756 98692 16295 32482 95869 266 25032 49230 34455 35368 44418 46374 52400 71612 8572 71385 85066 36544 46924 7969
62671 11110 24972 31483 16627 60442 91276 48192 54230 44578 41110 73401 83782 16724 12353 27678 42464 58243 16289 94023 47308 55847 30907 89147 83703 82515 2643 40130 34474 9131 70345 15389 92500 40999 38652 91508 26471 52865 19391 68269 53207 77309 81431 15033 49999 538 35105 49082 1573 29429 31479 44237 77626 45774 13434 15992 27774 34174 77389 8261 62060 75270 39024 32927 83023 81549 52716 15174 3848 63996 48513 19342 5512 95253 60559 3259 64437 63391 57810 79323 80824 28634 53927 72972 92227 46254 94080 3359 13264 82507 87633 48795 43429 58988 38832 93061 4343 37291 31898 41671 57795 87418 85142 48222 45744 99330 84241 28222 67798 25674 37771 66009 26014 62467 72633 98869 93420 26619 35953 55956 94091 77097 61681 1174 33820 59857 44871 10441
22220 57452 46865 81634 52618 68076 31373 37720 54418 92444 63912 68401 12680 77883 56960 32288 43106 29785 6785 69705 22618 25730 71295 28724 5553 76531 88531 82608 25751 53004 68182 57198 13493 9178 19808 87191 77348 49145 83021 94511 73749 42442 16316 60865 93605 66648 5379 20661 718 94118 51942 42054 59569 28503 1576 66484 53036 79961 68316 14018 50673 67908 15634 83163 87319 23125 4447 54777 1120 47107 11670 46467 26947 81837 41400 20389 31086 61181 3777 44886 62337 39157 65933 64510 34137 96456 87483 2230 25418 96495 7048 23746 76880 97070 68516 97322 68057 98419 87836 51739 9595 46640 92998 3811 5617 75898 29065 69514 53252 18455 91497 564 6491 73927 18416 54876 28469 34560 62313 24468 94494 66624 65313 61406 37264 8871 26127 20897
32239 41281 54882 81323 83730 39949 93011 22524 72597 41532 11760 56994 71335 23837 21893 24251 34092 72615 3823 44937 19501 96289 5173 44056 67674 78717 50455 616 18996 52474 22083 63658 35341 46312 62433 46802 6671 48346 31839 95908 71410 14527 27430 74627 39856 75798 87584 13855 65510 61516 57142 40489 83258 84075 82650 35302 46976 81663 95621 45208 14366 28538 68586 36870 24475 24228 15585 9754 4836 24991 71469 43794 47865 71484 59376 12789 36532 3845 75122 36832 7508 57086 38066 24531 15265 93053 86216 12702 18764 79324 26870 25068 29763 68889 56140 71126 45825 21470 11625 65581 16184 90187 54133 15190 26761 11249 71263 36985 31425 86967 85652 77855 43649 60081 56149 50563 58826 33829 69259 19438 45871 43608 45510 44948 75526 9929 68536 73875
97915 33990 28343 54096 24569 60375 70265 31236 38972 91305 45445 20072 73386 70622 83447 83023 97080 79365 7369 81380 93339 12202 39194 64231 4848 40935 76917 68194 93453 81446 88637 38027 72222 1332 40685 59698 4692 92044 70380 26333 63141 56221 81767 20252 46822 14874 45020 54173 59538 81057 23511 53998 70132 52162 34805 29774 90427 92844 25256 46963 25023 52683 82514 26909 46288 99570 33277 87164 71876 9227 17154 70001 32135 87564 71645 14116 14643 6474 42854 12714 39323 45146 88055 91240 23047 27956 97675 38749 45404 99382 98721 50457 80592 12763 78611 18466 94407 50245 58038 38104 20240 24406 52640 42777 97897 13919 86027 7693 11852 96050 76023 94639 11452 3339 6268 17016 90562 25685 4163 71249 63358 62747 46775 33731 453 84486 28144 29299
60078 6667 93239 69705 69596 82716 38316 60476 6042 22149 65550 79609 43589 21704 67039 47268 4625 92707 66850 17533 97628 511 39221 32607 41987 7822 97238 7667 83365 53625 59587 19200 18990 56725 3447 19325 92015 58104 54864 79782 22112 38656 11491 34031 83728 42891 53571 47816 43986 44649 50378 47463 13746 49719 33964 18040 68604 27700 13574 98496 54148 83521 1092 40636 24638 35418 69827 66048 46225 25867 52347 21494 22158 74950 8877 46261 7229 86676 80842 31823 1249 38662 50252 95774 19257 73495 99313 51519 90212 51464 39299 31274 83169 20107 21894 67840 99031 99066 26575 65831 77259 18289 96449 96026 33832 25555 35144 23314 47481 36484 58667 62339 54529 49635 28678 48153 38400 88324 54839 37815 19691 96038 23623 79078 95310 89998 83221 87674
45873 91883 26022 45001 55923 79168 49362 43627 42387 12811 40261 99718 99690 1980 10100 13993 1148 96334 4486 59896 48935 14849 98979 52824 71707 51374 51372 21003 66744 61484 18512 98414 56501 98949 34683 29631 91347 91279 67978 91870 72449 92469 72688 4802 78874 91273 13672 92853 51956 30835 34311 67299 79626 66654 7232 29339 786 42234 87712 33016 36629 73721 35258 11171 7023 18297 86637 35171 96904 64148 27945 15685 48113 12585 82994 18778 39271 78962 49650 83856 78779 69391 94287 20106 67267 721 99159 82657 97554 31402 82393 97057 63014 6625 96059 44510 77680 96262 38784 5299 77087 55374 57741 71957 45898 9762 30398 33366 46392 38156 45510 40697 83851 43173 50507 74174 89340 60955 77286 55472 53046 12438 204 42710 33089 18955 57130 38155
58962 23369 53446 95101 7008 33429 25805 63541 41832 55193 69046 62285 57936 30051 5386 13666 420 4098 16347 61595 49974 25407 7616 94017 99890 22209 31749 96735 29653 33648 40195 11691 5329 30204 29449 56883 43152 72339 97053 37356 43823 71883 1302 49360 68023 75742 35373 77072 64108 21956 14400 97154 42446 33296 31939 73498 19966 95042 97505 32043 18800 21250 17509 93602 94930 33158 96952 32886 54205 68668 40135 25678 51760 91539 30429 77010 70126 47334 22831 26170 20221 19787 58055 8360 83604 18135 21254 78262 19113 79442 34097 41508 38630 41310 81218 94290 83376 19334 5346 65930 27563 6713 51734 84399 16877 1885 51831 19156 88483 35995 12668 76524 67075 72228 66586 94491 35323 39905 35637 46316 96921 39496 38140 85229 33348 46093 70369 3537
69159 21418 74405 23061 48754 57514 45372 80528 89843 62198 17667 22147 70894 31929 44032 90913 97254 88517 48759 70299 97318 97000 13226 72988 38024 10513 90326 40991 56950 41496 60358 5409 5848 51831 53806 3548 52714 1409 82672 51855 94611 93392 56291 16390 97261 90772 29607 97732 76030 11931 54156 79931 50788 89291 55984 40116 85764 43415 31343 43625 32190 16894 54093 63500 3409 1702 48962 8886 17152 4319 50048 69790 17645 79327 32269 47566 90260 75117 48408 11084 59076 73413 31352 37910 29864 61035 44441 67609 8781 94783 66896 84709 11278 73702 20342 94090 98620 85430 2293 66565 10961 43381 7143 35570 85061 78744 98713 57702 94097 96524 60533 99247 61971 98339 38749 3048 14849 33624 7600 19739 71827 61680 54198 32487 19263 59609 39376 93028
56848 64 86921 69011 91400 42478 89671 8850 10199 79142 77129 67532 8989 83345 87458 95518 97139 36291 38263 9251 942 11824 14641 21812 3331 15853 45426 82758 48122 60092 79406 70751 46916 83084 83306 76186 23276 37562 77998 85511 25904 76036 13711 42924 24101 49705 28910 88570 20972 29577 32256 75083 10586 8512 98216 2110 87568 62656 79746 12559 56497 23406 18348 56464 27368 51962 37401 75796 23460 68365 49663 39227 96880 67275 65599 59598 72534 52314 81503 23660 1164 89976 12914 71931 32595 14682 35722 39384 57769 37658 44592 99935 41083 14948 4103 54121 14760 26271 71475 30192 6874 88891 78867 83592 21652 10516 29001 78596 70126 64087 56422 43628 64214 83453 12853 24064 30473 83575 22379 57779 83820 96389 75705 69297 86428 82496 27436 18126
73140 16868 19860 35481 46699 72486 14452 2294 59970 62056 32439 2340 32453 60839 18029 7870 20767 40065 75652 83220 6890 84213 51970 48180 90328 91592 12325 33098 95823 30397 30985 82677 93530 43514 60854 73 40655 9834 65584 47553 22817 45976 79094 48902 69441 53955 86012 31945 99689 93636 68375 89194 34577 16143 81889 22056 66500 11411 13562 33520 15135 77141 93209 11023 50553 26913 58182 54802 1847 61641 31320 46435 76805 67348 30329 77320 22981 86277 40548 30385 65816 8060 71089 89050 62801 94893 90697 31224 56703 29218 75824 99502 60436 18321 19547 7615 23629 52860 48621 82718 42442 69449 22690 83803 86195 92312 88356 62617 26216 84040 31069 11591 22233 11345 42357 30091 93402 71917 84610 14265 90439 34502 67165 74898 67368 97095 6000 62521
60585 70002 27100 92212 86565 10376 9396 24209 54988 77594 78408 86626 84220 65638 83016 54057 49741 79028 56302 24675 40273 79086 90020 51626 27748 22851 98905 95347 10549 46390 72519 93463 28918 51171 58652 59530 10853 4313 4646 61201 78486 54684 50490 68758 18929 69894 53695 57330 6971 86357 58137 35739 7576 3688 15530 28669 21393 12435 44601 91618 19209 50146 39576 75018 61051 58908 59224 17195 38134 9913 79946 46022 90456 85518 87633 32757 87357 56468 45199 65435 68048 78710 95611 65417 45154 87007 59959 54835 38359 70374 13331 47406 86475 18401 68082 19104 25712 86247 18950 74228 64473 1771 43075 38839 74960 44103 53615 36979 40529 87993 36082 62545 98624 68003 2818 12542 91384 15838 48115 52537 33593 62772 87823 50285 24127 90904 95876 24210
11529 22206 17572 69248 72848 49054 19348 24045 72492 23120 16612 84665 4354 59793 36431 99924 45086 30576 67662 88579 36180 60143 37790 84349 26378 33877 84591 7899 51011 27248 10443 94652 65625 81642 19606 7160 4391 46813 46055 4257 1772 54264 89738 6907 5555 96583 24685 9345 90005 80794 15103 18440 88593 60714 9588 96011 99998 57467 89386 53884 27176 75412 79742 48011 17106 40243 11987 80825 80204 43546 5173 49052 80692 93404 60012 93210 65496 66374 3748 44160 78690 67242 46166 95646 69863 51361 94162 85374 47404 38430 33511 42200 24401 87097 57142 55015 59728 62368 27394 11128 76213 87234 94845 24955 60089 36957 77212 29042 60362 47938 56518 48904 97209 10961 25868 31888 95241 34870 91313 55580 34333 51780 38032 68898 46242 51552 89065 67494
45887 57021 65593 14428 29810 22381 19601 58323 80393 21917 92694 66191 12907 22600 19395 62292 54918 21714 27466 23804 47310 15711 99565 80361 12499 17267 87235 76823 95767 67018 55067 4338 10640 90702 22894 2732 81819 17478 94627 59571 48062 40059 31138 82774 99047 47686 17498 46279 17923 20689 92447 29529 13787 33453 97885 30794 40251 55517 74455 15836 93018 56626 78860 192 96699 6569 91871 64626 47739 3370 10369 93190 96816 40383 50650 2443 99552 3137 71203 24369 54276 25664 5522 16266 79417 587 5826 83749 22993 87814 16156 71215 75796 79548 46981 29096 70209 91446 62041 97745 35613 50181 40049 84214 73735 35250 19569 69667 20912 12677 99931 64302 34897 92390 33664 25926 2810 54208 81070 67542 16374 10152 63646 88749 44176 9490 30453 70994
3815 19582 98318 18332 69374 96754 8904 55188 37574 96533 84403 57820 39363 29702 8765 19390 49515 12816 26137 9568 24880 37090 24111 72038 61053 57846 54139 54321 67825 98913 16980 68390 89416 46405 66253 75992 48356 33268 50459 47107 91817 32147 29358 50962 59269 67583 16463 77794 26883 92159 36130 31899 3173 49238 79376 37678 27354 36244 73213 12255 81472 94829 8690 67302 10727 7247 99237 72776 37393 90480 19691 81012 95684 62382 83188 78785 11458 22477 6847 32641 72672 76325 53484 2081 83692 70686 44323 62818 44768 42001 16027 95344 92554 56151 53040 95160 65247 91244 65579 5843 84430 2412 44973 55532 38471 84195 69710 60465 67429 58191 56179 84086 92616 6279 40652 77753 49234 91171 36449 72682 61522 45607 16311 88069 54812 97408 48065 54450
3104 80758 94853 61172 70272 71085 22962 20876 96278 63902 87733 87112 74128 42298 94586 39184 95578 71919 83836 50006 20778 65935 14864 36273 95190 88337 66571 33442 46748 6456 16950 71625 87542 33950 27456 54882 59463 76855 64023 24400 9362 66909 14531 91321 7684 76175 45802 47769 26813 87209 15566 91126 4864 69047 97414 6333 18198 72487 20030 70151 89467 82047 55647 17946 12551 98194 90847 86796 29312 79751 90625 63096 21815 87612 15369 82757 43667 58429 59636 63065 48739 96826 102 23177 44067 22164 47304 10516 58675 91761 41237 64837 18945 79873 79717 93138 43803 24513 52502 31795 70589 32984 59448 58747 9805 54113 44545 44013 20631 58379 69587 92514 30689 60961 58799 86762 87380 15255 53707 44341 29574 12969 13861 75436 38229 86378 80557 55840
788362 487331 317164 1023128 1215535 1686514 842672 1400566 475290 1210802 1137536 1407957 510319 269769 590723 1028309 1494827 1486915 616829 147283 410670 1523210 838438 1436145 1664904 771108 228505 1544793 446241 1266238 92032 427112 1009737 138330 771926 759908 1126942 51839 916922 327796 841870 680863 142215 1021263 761495 1114233 795529 1431072 559459 977801 491719 628995 1360742 56470 539130 1117527 243150 237300 1020594 202869 1148834 842024 64511 124989 863578 1565389 551350 203471 1074366 696258 297461 664332 592677 1784951 777119 507894 764286 110131 201906 382161 203975 477931 1267546 35743 1055422 1268781 1194401 1227726 645820 307624 282213 1119546 686179 1257655 589892 922764 1406554 576754 366569 1048699 344682 780117 477189 963006 1308382 1636454 229848 260442 344408 755072 389338 1353332 436035 913258 1309387 1512633 1461272 1211341 1207421 1119623 1679402 1326163 104596 254735 1182978 880998 462871 696150
