64
0 1 1 1 1 1 1 1 1 1 0 1 1 1 1 1 1 1 1 1 1 1 1 1 1 1 1 1 1 1 1 1 1 1 1 1 1 1 1 1 1 1 1 1 1 1 1 0 1 0 1 1 1 1 1 1 1 1 1 1 1 1 1 1
1 0 1 1 1 1 1 1 1 1 1 1 1 1 1 1 1 1 1 1 1 1 1 1 1 1 1 1 1 1 1 0 1 1 1 1 1 1 1 1 1 1 1 1 1 1 1 1 1 1 1 1 1 1 1 1 1 1 1 1 1 1 1 1
1 1 0 1 1 1 1 1 1 1 1 1 1 1 1 0 1 1 0 1 1 1 1 1 1 1 1 1 1 1 1 1 1 1 1 1 1 1 1 1 1 1 0 1 1 1 1 1 1 1 0 0 1 1 1 1 1 1 1 1 1 1 1 1
1 1 1 0 1 0 1 1 1 1 1 1 1 1 1 1 1 1 1 1 1 1 1 1 1 1 1 1 1 1 1 1 1 1 1 1 1 1 1 1 1 1 1 0 1 1 1 1 1 1 1 0 1 1 1 1 1 1 1 1 1 1 1 1
1 1 1 1 0 1 1 1 1 1 1 1 1 1 1 1 1 1 1 1 1 1 1 1 1 1 0 1 1 1 1 1 1 1 1 1 1 1 1 1 1 1 1 1 1 1 1 1 1 1 1 1 1 1 1 0 1 1 1 1 0 1 1 1
1 1 1 0 1 0 1 1 1 1 1 1 1 1 1 1 1 1 1 1 1 1 1 1 1 1 1 1 0 1 1 1 1 1 1 1 1 1 1 1 1 1 1 1 1 1 1 1 1 1 1 1 1 1 1 1 1 1 1 1 1 1 1 1
1 1 1 1 1 1 0 1 1 1 1 1 1 1 1 1 1 1 1 1 1 1 1 1 1 1 1 1 1 1 1 1 1 1 1 1 1 1 1 1 1 1 1 1 1 1 1 0 1 1 1 1 1 1 1 0 1 1 1 1 1 1 1 1
1 1 1 1 1 1 1 0 1 1 0 1 0 1 1 1 1 1 1 1 1 1 1 1 1 1 1 1 1 1 1 1 1 1 1 1 1 0 0 1 1 1 1 0 1 1 1 1 1 1 1 1 0 1 1 1 1 0 1 1 1 1 1 1
1 1 1 1 1 1 1 1 0 1 1 1 1 1 1 1 1 1 1 1 1 1 1 1 1 1 1 1 1 1 1 1 1 1 1 1 1 1 1 1 1 0 1 1 1 1 1 1 1 1 1 1 1 1 1 1 1 1 1 1 1 1 1 1
1 1 1 1 1 1 1 1 1 0 1 1 1 1 1 1 1 1 1 1 1 1 1 1 1 1 1 1 1 1 1 1 1 1 1 1 1 1 1 1 1 1 1 1 1 1 1 1 1 1 1 1 1 1 1 1 1 1 0 1 1 1 1 1
0 1 1 1 1 1 1 0 1 1 0 1 1 1 1 1 1 0 1 1 1 1 1 1 1 1 1 1 1 1 1 1 1 0 1 1 1 1 1 1 1 1 1 1 1 1 1 1 1 1 1 1 1 1 1 1 1 1 1 1 1 1 1 1
1 1 1 1 1 1 1 1 1 1 1 0 1 1 1 1 1 1 1 1 1 1 1 1 1 1 1 1 1 1 1 1 1 1 1 1 1 1 1 1 1 1 1 1 1 1 1 1 1 1 1 1 1 1 1 1 1 1 1 1 1 1 1 1
1 1 1 1 1 1 1 0 1 1 1 1 0 1 1 1 1 0 1 1 1 1 1 1 1 1 1 1 1 1 1 1 1 1 1 0 1 1 0 1 1 1 1 1 1 1 1 1 1 1 1 0 1 1 0 1 1 1 1 1 1 1 1 1
1 1 1 1 1 1 1 1 1 1 1 1 1 0 1 1 1 1 1 1 1 1 1 1 1 1 1 1 1 1 1 1 1 1 1 1 1 1 1 0 1 1 1 1 1 1 1 1 1 1 1 1 1 1 0 1 1 1 1 1 1 1 1 1
1 1 1 1 1 1 1 1 1 1 1 1 1 1 0 1 1 1 1 1 1 1 1 1 1 1 1 1 1 1 1 1 1 1 1 1 1 1 1 1 1 1 1 1 1 1 1 1 1 1 1 1 1 1 1 0 1 1 1 1 1 1 1 1
1 1 0 1 1 1 1 1 1 1 1 1 1 1 1 0 1 1 1 1 1 1 1 1 1 1 0 1 1 1 1 1 0 1 1 1 1 1 1 0 0 1 1 1 1 0 1 1 1 1 1 1 1 1 1 1 1 1 1 1 1 1 1 1
1 1 1 1 1 1 1 1 1 1 1 1 1 1 1 1 0 1 1 1 1 1 0 1 1 1 1 1 1 1 1 0 1 1 1 1 1 1 1 1 1 1 0 1 1 0 1 1 1 1 1 1 0 1 1 1 1 1 1 1 1 1 1 0
1 1 1 1 1 1 1 1 1 1 0 1 0 1 1 1 1 0 1 1 1 1 1 1 1 1 1 1 1 1 1 1 1 1 1 1 1 0 1 1 1 1 1 1 1 1 1 0 1 1 1 1 1 1 1 1 1 1 1 1 1 1 1 1
1 1 0 1 1 1 1 1 1 1 1 1 1 1 1 1 1 1 0 1 1 1 1 1 1 1 1 1 1 1 1 1 0 1 1 1 1 1 1 1 1 1 1 1 1 1 0 1 1 1 0 1 0 1 0 1 1 1 1 1 1 1 1 1
1 1 1 1 1 1 1 1 1 1 1 1 1 1 1 1 1 1 1 0 1 1 1 1 1 1 1 1 0 1 1 1 1 1 1 1 1 1 1 1 1 1 1 1 1 1 1 1 1 1 1 1 1 1 1 1 1 1 1 1 1 1 1 1
1 1 1 1 1 1 1 1 1 1 1 1 1 1 1 1 1 1 1 1 0 1 1 1 1 1 1 1 1 1 1 1 1 1 1 1 1 1 1 1 1 1 1 1 1 1 1 1 0 1 1 0 1 1 1 0 1 1 1 0 1 1 1 1
1 1 1 1 1 1 1 1 1 1 1 1 1 1 1 1 1 1 1 1 1 0 1 1 1 1 1 1 1 1 1 1 1 1 1 1 1 1 1 1 1 1 0 0 1 1 1 1 1 1 0 1 1 1 1 1 1 1 1 1 1 1 1 1
1 1 1 1 1 1 1 1 1 1 1 1 1 1 1 1 0 1 1 1 1 1 0 1 1 0 1 1 1 1 1 1 1 1 0 1 1 1 1 1 1 1 1 1 1 1 1 1 1 1 0 1 1 0 1 1 1 1 1 1 1 1 1 1
1 1 1 1 1 1 1 1 1 1 1 1 1 1 1 1 1 1 1 1 1 1 1 0 1 1 1 0 1 1 1 1 1 1 1 1 1 1 1 1 1 1 1 0 1 1 1 1 1 0 1 1 1 1 1 1 1 1 1 1 1 1 1 1
1 1 1 1 1 1 1 1 1 1 1 1 1 1 1 1 1 1 1 1 1 1 1 1 0 1 0 1 1 1 1 1 1 1 1 1 1 1 1 1 1 1 1 1 1 1 1 1 1 1 1 1 1 1 1 1 1 0 1 1 1 1 1 1
1 1 1 1 1 1 1 1 1 1 1 1 1 1 1 1 1 1 1 1 1 1 0 1 1 0 1 1 1 1 1 1 1 1 1 1 1 1 1 1 1 1 1 1 1 1 1 1 1 1 1 1 1 1 1 1 1 1 1 1 1 1 0 1
1 1 1 1 0 1 1 1 1 1 1 1 1 1 1 0 1 1 1 1 1 1 1 1 0 1 0 1 1 1 1 1 1 1 1 1 0 1 1 1 1 1 0 0 1 1 1 1 1 1 1 1 1 1 1 1 1 0 1 1 1 1 0 1
1 1 1 1 1 1 1 1 1 1 1 1 1 1 1 1 1 1 1 1 1 1 1 0 1 1 1 0 1 1 1 1 1 1 1 1 1 0 1 1 1 1 1 1 1 1 0 1 1 1 1 1 1 1 1 1 1 1 1 1 1 1 1 1
1 1 1 1 1 0 1 1 1 1 1 1 1 1 1 1 1 1 1 0 1 1 1 1 1 1 1 1 0 1 1 0 1 1 1 1 1 1 1 1 1 1 1 1 1 1 1 1 1 1 1 1 1 1 1 1 1 1 1 1 1 1 1 1
1 1 1 1 1 1 1 1 1 1 1 1 1 1 1 1 1 1 1 1 1 1 1 1 1 1 1 1 1 0 1 1 1 1 1 1 1 1 1 1 1 1 1 1 1 1 1 1 1 1 1 1 0 1 1 1 1 1 1 1 1 1 1 1
1 1 1 1 1 1 1 1 1 1 1 1 1 1 1 1 1 1 1 1 1 1 1 1 1 1 1 1 1 1 0 1 1 1 1 1 1 1 1 1 1 1 1 1 1 1 1 1 1 1 1 1 1 1 1 1 1 1 1 1 1 1 1 1
1 0 1 1 1 1 1 1 1 1 1 1 1 1 1 1 0 1 1 1 1 1 1 1 1 1 1 1 0 1 1 0 1 1 1 1 1 1 1 1 1 1 1 1 1 1 1 1 1 1 1 0 1 1 1 1 1 1 1 1 1 1 1 1
1 1 1 1 1 1 1 1 1 1 1 1 1 1 1 0 1 1 0 1 1 1 1 1 1 1 1 1 1 1 1 1 0 1 1 1 0 1 1 1 1 1 1 1 1 1 1 1 1 1 1 1 1 1 1 1 1 1 1 1 0 1 1 1
1 1 1 1 1 1 1 1 1 1 0 1 1 1 1 1 1 1 1 1 1 1 1 1 1 1 1 1 1 1 1 1 1 0 1 1 0 1 1 1 1 1 1 1 0 1 1 1 1 1 1 1 1 1 1 1 1 0 1 1 1 1 1 1
1 1 1 1 1 1 1 1 1 1 1 1 1 1 1 1 1 1 1 1 1 1 0 1 1 1 1 1 1 1 1 1 1 1 0 1 1 1 1 1 1 1 1 1 1 1 0 1 1 1 1 1 1 1 1 1 1 1 1 1 1 1 1 1
1 1 1 1 1 1 1 1 1 1 1 1 0 1 1 1 1 1 1 1 1 1 1 1 1 1 1 1 1 1 1 1 1 1 1 0 1 1 1 1 1 1 1 1 1 0 1 1 1 1 1 1 1 1 1 1 1 1 1 1 1 1 1 1
1 1 1 1 1 1 1 1 1 1 1 1 1 1 1 1 1 1 1 1 1 1 1 1 1 1 0 1 1 1 1 1 0 0 1 1 0 1 1 1 1 1 1 1 1 1 1 1 1 1 1 1 1 1 1 1 1 1 0 1 1 1 1 1
1 1 1 1 1 1 1 0 1 1 1 1 1 1 1 1 1 0 1 1 1 1 1 1 1 1 1 0 1 1 1 1 1 1 1 1 1 0 1 1 1 1 1 1 1 1 1 1 1 1 0 1 1 1 1 1 1 1 1 1 1 1 1 1
1 1 1 1 1 1 1 0 1 1 1 1 0 1 1 1 1 1 1 1 1 1 1 1 1 1 1 1 1 1 1 1 1 1 1 1 1 1 0 1 0 1 1 1 1 1 1 0 1 1 1 1 1 1 1 1 1 1 1 1 1 1 1 1
1 1 1 1 1 1 1 1 1 1 1 1 1 0 1 0 1 1 1 1 1 1 1 1 1 1 1 1 1 1 1 1 1 1 1 1 1 1 1 0 1 1 1 1 0 1 1 1 1 1 1 1 1 1 1 1 1 1 1 1 0 1 1 1
1 1 1 1 1 1 1 1 1 1 1 1 1 1 1 0 1 1 1 1 1 1 1 1 1 1 1 1 1 1 1 1 1 1 1 1 1 1 0 1 0 1 1 1 1 1 1 1 1 1 1 1 1 1 1 1 0 1 1 1 1 1 1 1
1 1 1 1 1 1 1 1 0 1 1 1 1 1 1 1 1 1 1 1 1 1 1 1 1 1 1 1 1 1 1 1 1 1 1 1 1 1 1 1 1 0 1 1 1 1 1 1 1 1 1 1 1 1 1 1 1 1 1 1 1 1 1 1
1 1 0 1 1 1 1 1 1 1 1 1 1 1 1 1 0 1 1 1 1 0 1 1 1 1 0 1 1 1 1 1 1 1 1 1 1 1 1 1 1 1 0 1 1 1 1 1 1 1 1 1 1 1 1 1 1 1 1 1 1 1 1 1
1 1 1 0 1 1 1 0 1 1 1 1 1 1 1 1 1 1 1 1 1 0 1 0 1 1 0 1 1 1 1 1 1 1 1 1 1 1 1 1 1 1 1 0 1 1 1 1 1 1 1 1 1 1 1 1 1 1 1 1 1 0 1 1
1 1 1 1 1 1 1 1 1 1 1 1 1 1 1 1 1 1 1 1 1 1 1 1 1 1 1 1 1 1 1 1 1 0 1 1 1 1 1 0 1 1 1 1 0 1 1 1 1 1 1 1 1 1 1 1 1 1 1 1 1 1 1 1
1 1 1 1 1 1 1 1 1 1 1 1 1 1 1 0 0 1 1 1 1 1 1 1 1 1 1 1 1 1 1 1 1 1 1 0 1 1 1 1 1 1 1 1 1 0 1 1 1 1 1 1 1 1 1 1 0 1 1 1 1 1 1 1
1 1 1 1 1 1 1 1 1 1 1 1 1 1 1 1 1 1 0 1 1 1 1 1 1 1 1 0 1 1 1 1 1 1 0 1 1 1 1 1 1 1 1 1 1 1 0 1 1 1 1 1 1 1 1 1 1 1 1 1 1 0 1 1
0 1 1 1 1 1 0 1 1 1 1 1 1 1 1 1 1 0 1 1 1 1 1 1 1 1 1 1 1 1 1 1 1 1 1 1 1 1 0 1 1 1 1 1 1 1 1 0 1 1 1 1 1 1 1 1 1 1 1 1 1 1 0 1
1 1 1 1 1 1 1 1 1 1 1 1 1 1 1 1 1 1 1 1 0 1 1 1 1 1 1 1 1 1 1 1 1 1 1 1 1 1 1 1 1 1 1 1 1 1 1 1 0 1 1 1 1 1 1 1 1 1 1 1 1 1 1 1
0 1 1 1 1 1 1 1 1 1 1 1 1 1 1 1 1 1 1 1 1 1 1 0 1 1 1 1 1 1 1 1 1 1 1 1 1 1 1 1 1 1 1 1 1 1 1 1 1 0 1 1 1 1 1 1 1 1 1 1 1 1 1 0
1 1 0 1 1 1 1 1 1 1 1 1 1 1 1 1 1 1 0 1 1 0 0 1 1 1 1 1 1 1 1 1 1 1 1 1 1 0 1 1 1 1 1 1 1 1 1 1 1 1 0 1 1 1 1 1 1 1 1 1 1 1 1 1
1 1 0 0 1 1 1 1 1 1 1 1 0 1 1 1 1 1 1 1 0 1 1 1 1 1 1 1 1 1 1 0 1 1 1 1 1 1 1 1 1 1 1 1 1 1 1 1 1 1 1 0 1 1 1 1 1 1 1 1 1 1 1 1
1 1 1 1 1 1 1 0 1 1 1 1 1 1 1 1 0 1 0 1 1 1 1 1 1 1 1 1 1 0 1 1 1 1 1 1 1 1 1 1 1 1 1 1 1 1 1 1 1 1 1 1 0 1 1 1 1 1 1 1 1 1 1 1
1 1 1 1 1 1 1 1 1 1 1 1 1 1 1 1 1 1 1 1 1 1 0 1 1 1 1 1 1 1 1 1 1 1 1 1 1 1 1 1 1 1 1 1 1 1 1 1 1 1 1 1 1 0 1 1 1 1 1 1 1 1 1 1
1 1 1 1 1 1 1 1 1 1 1 1 0 0 1 1 1 1 0 1 1 1 1 1 1 1 1 1 1 1 1 1 1 1 1 1 1 1 1 1 1 1 1 1 1 1 1 1 1 1 1 1 1 1 0 1 1 1 1 1 1 1 1 1
1 1 1 1 0 1 0 1 1 1 1 1 1 1 0 1 1 1 1 1 0 1 1 1 1 1 1 1 1 1 1 1 1 1 1 1 1 1 1 1 1 1 1 1 1 1 1 1 1 1 1 1 1 1 1 0 1 1 1 1 1 1 1 1
1 1 1 1 1 1 1 1 1 1 1 1 1 1 1 1 1 1 1 1 1 1 1 1 1 1 1 1 1 1 1 1 1 1 1 1 1 1 1 1 0 1 1 1 1 0 1 1 1 1 1 1 1 1 1 1 0 1 1 1 1 1 1 1
1 1 1 1 1 1 1 0 1 1 1 1 1 1 1 1 1 1 1 1 1 1 1 1 0 1 0 1 1 1 1 1 1 0 1 1 1 1 1 1 1 1 1 1 1 1 1 1 1 1 1 1 1 1 1 1 1 0 1 1 1 1 0 0
1 1 1 1 1 1 1 1 1 0 1 1 1 1 1 1 1 1 1 1 1 1 1 1 1 1 1 1 1 1 1 1 1 1 1 1 0 1 1 1 1 1 1 1 1 1 1 1 1 1 1 1 1 1 1 1 1 1 0 1 1 1 1 1
1 1 1 1 1 1 1 1 1 1 1 1 1 1 1 1 1 1 1 1 0 1 1 1 1 1 1 1 1 1 1 1 1 1 1 1 1 1 1 1 1 1 1 1 1 1 1 1 1 1 1 1 1 1 1 1 1 1 1 0 1 1 1 0
1 1 1 1 0 1 1 1 1 1 1 1 1 1 1 1 1 1 1 1 1 1 1 1 1 1 1 1 1 1 1 1 0 1 1 1 1 1 1 0 1 1 1 1 1 1 1 1 1 1 1 1 1 1 1 1 1 1 1 1 0 1 1 1
1 1 1 1 1 1 1 1 1 1 1 1 1 1 1 1 1 1 1 1 1 1 1 1 1 1 1 1 1 1 1 1 1 1 1 1 1 1 1 1 1 1 1 0 1 1 0 1 1 1 1 1 1 1 1 1 1 1 1 1 1 0 1 1
1 1 1 1 1 1 1 1 1 1 1 1 1 1 1 1 1 1 1 1 1 1 1 1 1 0 0 1 1 1 1 1 1 1 1 1 1 1 1 1 1 1 1 1 1 1 1 0 1 1 1 1 1 1 1 1 1 0 1 1 1 1 0 1
1 1 1 1 1 1 1 1 1 1 1 1 1 1 1 1 0 1 1 1 1 1 1 1 1 1 1 1 1 1 1 1 1 1 1 1 1 1 1 1 1 1 1 1 1 1 1 1 1 0 1 1 1 1 1 1 1 0 1 0 1 1 1 0
43221 71294 288 92431 34241 86505 89819 38141 85103 22475 50348 31810 95805 660 11915 47954 88372 62580 10671 11186 75826 8390 69612 30745 55511 73951 18682 38963 98830 73509 52352 25663 34586 55216 56901 7689 9417 27266 61095 78991 16620 83416 51284 78433 47060 45734 77867 91990 83331 78945 45448 15420 91049 57016 25294 64718 93037 34511 78061 69671 2770 89789 40454 94508 43214 71882 27735 56051 74547 68058 51962 88676 73039 81824 12604 19845 5126 36045 69464 30115 25034 64065 64294 18252 20820 28143 76142 77187 36727 11226 64842 82457 84601 78074 34413 25064 96606 53011 91358 17680 41647 31574 7878 62607 52940 62153 84897 23773 10892 5768 52938 15201 92754 97781 88538 78332 66699 22170 96352 78853 59030 54530 55409 63083 34764 72731 36272 59049
90799 82486 88053 58134 92168 30036 23577 79583 52580 70779 40692 31341 31919 6479 27597 1735 22230 68951 66907 21593 11538 96215 71223 66485 33272 55471 61759 46092 22664 93483 70776 20247 57873 79953 8756 24122 72000 13063 27842 45460 14199 44458 21523 13380 81711 16830 27651 89658 97924 27477 98297 20826 29844 45607 5820 65300 81815 27511 60440 89390 21623 8348 39845 43442 11048 44131 24130 88118 42281 19399 38221 34902 56261 85059 22002 35624 40534 87824 70081 74997 38903 63483 42684 67964 43867 79518 9099 64795 68408 69084 91869 49437 79647 23874 67449 16424 77973 83999 77249 69183 11917 62438 59916 57177 43286 6570 67517 51091 72981 93824 8970 40616 2884 92951 2365 77922 22441 15230 30364 52940 39582 76035 27534 67915 8007 6353 51543 32596
18237 55733 33378 93047 16895 15998 7343 73789 60418 48258 3441 51155 99705 27384 25439 30250 59632 74444 32916 28015 56784 99268 96906 83660 21591 71317 68329 38904 42905 14386 27438 76843 46160 97362 95667 81995 48499 81094 75862 41072 29707 18800 69375 45669 29372 72753 24758 85254 5964 11705 98028 85234 41540 22403 28269 3304 25802 39562 39496 69702 20399 20996 51039 91460 81790 68986 24898 6868 93638 71336 34386 86138 55063 48581 53390 78783 24752 38856 53184 37136 17378 18752 96502 19379 99265 43051 65104 90305 55124 82336 99350 62547 58236 69965 30010 12154 20652 13159 48854 56362 45454 15388 77940 10572 57078 27328 67378 81663 88304 83993 21003 22990 34540 48077 26547 59509 68625 10388 37478 93221 58654 66332 1464 50921 16902 32849 47210 25459
55686 43213 80982 71716 13748 12215 16335 1447 10587 87786 68962 26532 54669 70511 28132 41639 47743 52269 9227 37959 55362 99107 20437 31175 63075 42192 47725 85242 40014 19988 71221 53864 58341 67334 87015 86122 63120 82558 5957 44030 37798 89844 5899 68105 71459 37079 15089 72007 93389 1223 6107 5397 74659 53582 32551 53386 4281 20773 86787 65612 56379 16028 9226 83776 16717 63522 34186 25455 98495 33414 21598 31164 84849 26413 1389 92432 20222 9641 52292 65736 22376 13390 69936 51112 72919 48539 68641 24723 19116 96155 61882 31368 38200 1947 68705 64704 76957 2219 96687 73886 11010 40949 2007 8728 90173 74349 80816 69214 83222 89213 5433 33376 60263 71319 4759 37289 1012 92886 84002 28326 29514 2975 25589 93174 55742 92618 93433 173
11806 60601 24657 90446 44947 41447 42751 17883 67925 20160 17765 68388 81773 9175 46528 45257 85048 31362 23852 41915 83904 17576 20295 19263 10016 84181 82432 94752 62243 12198 2424 27000 72303 94422 50170 74978 6065 77754 34077 38280 76401 93586 78386 57593 28000 3852 14252 11591 86180 91089 70472 14195 44999 53587 66578 12172 22915 67286 59568 54127 67034 58321 80032 14994 42741 85978 1879 77903 29571 50673 61288 64699 70153 50841 78121 70218 39723 95945 50915 51236 92221 15036 54349 86282 50081 32121 60422 30790 9570 93460 39943 77995 41762 95826 59678 20424 61367 96434 440 54300 4296 14317 76063 13907 34151 77874 84252 84481 65821 73483 9666 82561 61966 46338 51624 3452 70274 44170 46651 12910 32131 18469 74834 15244 56522 31865 49159 86473
94390 73472 96529 99755 97258 54219 62041 54580 93199 3551 46093 69639 92833 43212 9212 2737 71967 3529 20908 67744 28224 86514 39601 39936 98874 62801 3313 49400 84476 67005 78332 39478 59975 75265 74459 19879 75306 73136 91981 58929 19560 18446 36465 64484 87607 99314 977 41538 67391 81788 10966 33543 61467 81520 64461 98908 14857 68927 23798 70042 58772 25552 61960 43423 31849 50148 65380 84081 47154 37209 99995 73829 7786 70525 43597 77173 35828 65063 25296 74617 57916 97428 97317 30976 57666 11879 29774 88473 14091 411 62910 16710 53831 23344 25194 21912 84798 43956 26945 7292 87088 1860 89654 92494 66245 44693 48107 85059 86935 16211 25489 49606 73189 28975 58562 58309 50034 33340 58608 43361 14388 1686 53590 6753 12011 7466 34432 71448
67897 34556 19051 45250 30227 73930 76144 66666 93343 87928 85826 35799 6503 7101 57751 41868 86258 15068 3868 33256 97079 44458 21862 35544 9516 68215 92223 8120 45546 39502 56553 96246 4048 72949 48617 65601 24382 16388 78208 64362 6150 88680 91157 85825 31349 33376 50943 56371 49407 23637 92618 95146 57916 80940 87520 57321 93922 36536 36093 59592 56418 7143 47446 69049 57068 17112 81640 27820 17885 81456 44053 2976 40299 87748 63778 27282 8638 80096 88909 46268 90949 31936 47310 71893 52023 44550 66466 5717 10878 37381 56237 42921 76212 20543 67299 49986 73168 56838 73536 46532 84941 20330 99905 29180 56081 1568 79609 28368 10178 17603 24834 9033 18895 90335 91637 49671 18472 30384 5731 81116 13648 97983 93503 38058 79178 44578 71787 2445
8085 67402 9499 77457 20123 26249 35020 78782 95380 7534 6941 28369 83175 52707 77893 169 8366 95681 32823 73805 99795 53732 16993 63046 43965 46240 74213 72673 9210 77890 15257 64718 4768 7251 91441 51040 44401 44437 99704 54865 31261 53148 25781 52580 32587 91317 34654 32874 14577 23484 19504 23330 7956 53295 93888 50174 93845 85905 99811 57774 97535 28946 2781 5408 34879 77434 2300 79741 87488 37158 30944 13773 88416 67193 88268 49858 68139 91405 82308 95636 37085 36826 9870 53518 55355 70044 53581 85361 62958 32000 52075 31923 36620 61445 56027 88837 3387 90363 62079 47714 28779 20777 2017 75393 7595 75243 92025 8023 37864 50451 78736 81365 4496 72266 97492 60865 24023 55065 70892 69413 79095 11458 65099 93952 46194 1184 68688 71166
53469 94015 63571 41421 46202 13651 11213 52763 95698 88405 20772 15790 44365 57827 54099 88735 19136 48848 84870 48714 44755 50489 75115 39580 43935 26849 28568 66862 53010 96915 87512 72622 4999 52284 50603 2507 67269 30696 46915 58600 53202 96465 7349 3005 24881 99032 54247 70431 48185 1729 50045 41569 40561 84732 4358 65458 22795 30684 18128 66009 71353 60484 53814 81745 79998 16548 64120 90343 46434 60052 62764 84270 67148 3998 67176 72318 86063 44379 85014 10559 48961 67995 29312 76125 62356 87796 6348 87830 50127 9589 75864 80037 53488 41153 81542 9199 44228 74103 29591 46144 96951 7750 34738 85247 79526 31580 22119 98415 61950 79341 97433 10320 26324 60960 3323 65203 33437 21893 3096 77492 73885 42489 24060 69694 67439 68014 86176 40225
88868 16675 60259 53338 28314 75274 95669 16822 94365 29976 9730 79991 65654 19653 59034 41403 8258 85386 49353 25067 13554 78989 41469 20426 71852 28389 85921 99124 43687 97828 99996 50252 99104 68812 4711 16769 59692 85443 41753 23763 40864 83416 98002 51599 60956 38225 61940 52695 68963 13100 67160 20301 97776 25142 92629 46930 52668 6926 61383 7608 13432 24900 97123 48580 27001 82299 10897 91424 5661 20868 9663 17259 73809 38440 82761 55519 70868 36058 14984 61375 66387 24870 95770 52501 86799 30358 62754 51852 42635 9332 15063 74319 46212 61850 45400 52258 60850 15839 58543 29995 13103 87661 18344 75366 6852 69985 72260 61701 68992 3584 15433 20767 62 76818 18085 56089 16784 23398 87303 19089 29378 38365 94740 66469 76220 21493 26262 45303
45082 33610 49200 98816 85830 51481 77705 86796 77584 10558 97567 52675 91055 88256 50260 50970 74315 91301 6881 33623 45270 22157 77540 94150 95568 86893 11947 50306 76029 98401 66151 37080 90768 98127 90275 90522 49529 78820 88943 29479 81979 37478 97060 72877 29074 6618 54393 78567 38577 69367 21304 50084 96025 38982 23200 18632 38678 34901 55629 31227 56984 56792 55201 93353 48611 78594 61327 11364 24858 12147 76351 98691 63731 43515 32285 85189 42648 58395 91343 20698 8409 79716 17743 84064 41295 93925 54684 72791 49851 46805 92077 3408 68154 40789 14045 52140 64101 26648 27828 73471 65000 52469 1476 34891 67240 35152 73154 22443 1705 47261 33079 68073 29371 70906 99261 80494 23025 56205 31399 23126 98294 40745 33110 68551 99792 32200 60574 51523
31065 58528 32598 37918 12394 26707 11092 10301 39057 64661 46909 2336 36638 40345 1861 44225 80770 28250 84682 76476 6004 15697 58289 74914 70507 17439 94228 48615 92393 92364 22543 13088 54418 55174 83705 29525 43539 77445 13054 79887 42336 2182 54340 98193 91473 13236 69931 18264 3649 36710 45758 67138 60066 11995 39263 8787 45239 76704 14114 70913 26447 65605 95790 66725 4956 43889 72077 62030 75373 59079 63546 77873 69588 4714 97585 73408 37569 73608 87565 12976 67540 78520 59974 64706 97792 16671 11470 74638 39173 15542 59081 91269 60431 55856 94820 19533 85774 76933 77552 91328 42842 86741 10763 85145 94045 73770 52132 26786 5779 22358 57591 19117 6937 63736 34296 86424 48358 90629 22669 84451 89611 14666 53761 15777 20563 87508 34092 77123
83390 87927 35896 43381 15452 39462 12561 83050 55643 39944 4314 97670 31115 97710 25762 77652 87935 5255 51230 72230 38967 16010 10540 53741 11581 48377 92222 35496 75643 43434 59315 79112 70074 59072 73092 49830 71621 68994 99905 49249 70101 68535 99089 57881 1490 90199 27270 2079 24333 14154 94319 13689 69201 11809 24074 81566 15418 51737 78424 34828 4294 75085 95343 24206 45366 81064 19329 94002 93812 76887 77820 73171 12130 17780 95438 19311 96701 10532 10697 57368 85900 98257 49937 78938 85193 10764 35205 84848 60193 8942 26315 76760 1621 22957 79330 59575 3070 79780 93725 67529 78264 94557 81324 87566 65099 49450 23167 85648 90382 9463 5544 64016 30005 70146 88693 24713 73636 3405 65959 96122 5740 68671 58639 51560 9552 10701 17028 85681
79129 22820 3565 79691 83941 80221 31157 90273 32213 66873 15166 80453 19163 67983 47900 38625 1747 16515 87408 19484 76090 91827 50100 88865 37834 69754 63099 96356 11427 21932 42849 30179 9457 71528 81042 27345 39172 98434 58189 81283 30368 49783 46026 74261 20324 22528 70066 7172 19594 53662 46547 29495 57531 83905 91575 7538 46920 68910 86063 53966 54209 47744 84677 16391 77281 94579 86996 85062 17451 34634 23932 47152 87648 90611 85693 60278 51497 6909 940 41141 87503 49923 8541 91383 69623 15604 61849 54868 18361 11372 28143 50256 78858 70242 6562 75098 15397 32990 97463 6985 52447 27675 75919 69018 30003 39697 99633 46017 26619 80448 52002 63262 72848 17178 92849 40938 83800 10704 89574 99540 74807 86313 77119 69649 40741 80229 35156 3031
26906 85708 3928 21365 53671 45280 24323 12008 83993 67323 58492 3626 87980 25596 52898 62601 99790 61066 34093 45577 95585 89051 43831 26177 67788 74633 92300 64084 4032 46391 39596 15308 68456 62363 25548 4725 45003 88578 22562 55094 18581 42151 83268 76275 48628 83685 55341 17467 32970 78190 9008 78785 89659 89441 99961 2155 84864 89705 85671 38652 75385 6726 68183 14255 18149 15840 4038 83627 66603 85380 19856 87214 72323 28994 69866 86045 25770 20969 57488 17464 49823 4677 69909 52670 96852 98377 2072 21663 16334 89710 24738 25669 67514 95922 66492 44715 35077 31190 56290 63551 24842 20256 94876 869 71570 87812 60949 81402 71493 31469 78606 59340 18642 87694 1796 48809 71018 17382 35901 54913 69619 21130 48776 45675 12574 14112 16570 63749
49033 42247 60560 12407 4182 21833 57055 15242 11628 6522 321 84635 78390 49825 13442 11992 86526 11281 56910 80025 77368 53166 3820 39462 34243 42784 4804 76684 86796 73843 77887 2589 87862 97093 7791 65748 13509 39887 57666 80873 48203 17766 8738 15582 73977 75670 12333 31434 10575 74582 7474 44144 44099 63817 60790 12566 73967 4139 81324 89887 97620 69473 62979 20765 12301 6089 73007 98208 22283 58379 80563 62110 44267 86312 80088 37143 74223 45719 21236 12707 27602 87911 50773 28909 3292 91157 29470 99261 2405 41869 95101 34857 79888 60225 69580 51042 76887 98466 18892 30314 15728 29266 39022 33877 92938 84091 25042 76536 49828 12525 84767 37339 58997 91250 92432 49004 76859 70751 95084 72244 28322 35974 60430 24064 3963 78938 11726 93000
89784 74337 30214 21935 49137 52193 12842 11263 42830 35399 68583 25251 41332 30281 79441 51431 44360 45425 65825 52058 25289 51148 70617 43762 3411 67378 5653 53141 39382 8750 59282 24677 66522 57679 79163 86323 79715 73271 52703 59936 49183 81243 37539 40893 36195 56046 37942 62686 78087 12833 18566 28558 7103 90880 68975 17788 67720 36519 6830 23513 58366 74519 60315 81898 61525 74903 80253 94255 47134 56411 66317 95195 83348 33739 87878 64177 53102 54137 34062 52230 35784 3405 99935 52148 47124 71705 23864 9414 3524 34275 34149 66605 71687 17467 8716 92441 28759 77762 60216 63645 72459 16366 32791 45282 19692 53979 99382 75160 47040 85890 62243 80824 48099 70444 66522 66098 62002 38832 22228 33462 62510 41083 85420 92526 54405 38130 17561 75135
21934 66600 18902 64133 97690 33855 76127 30838 65842 56828 53831 51934 72428 53317 75550 487 63491 45511 94961 7004 4725 49561 17015 59113 8392 5505 39387 75028 46650 63655 83337 38318 12502 18141 35734 55801 9166 37532 61448 52305 42334 2625 62628 15183 78952 85917 43569 15981 23828 16255 13707 47148 20696 40718 89604 54304 79223 69017 2460 71137 42181 16270 74155 23632 74969 2822 10857 26915 16169 81042 17454 21775 88984 40011 69755 57922 67704 90152 36899 17289 1620 30464 95032 31954 59414 14333 2367 27646 33197 37712 48608 10797 83038 82341 64082 90805 95886 74727 85635 15479 93091 69593 14259 97526 30895 69166 62377 30962 15899 40980 10354 22185 57788 90536 2770 17175 3091 77089 60155 60105 13011 97796 97549 22714 31665 95603 77286 49958
10700 69577 4304 19374 72818 93400 38835 46443 55168 78563 11396 86837 1023 33011 62265 79148 5733 38846 92752 41053 92344 20937 97397 84382 92035 40419 27190 71999 29866 25759 84300 4989 28952 81642 44470 94506 32504 60951 476 97253 16687 16028 62655 53792 13328 64976 52931 37161 95944 39161 57769 97563 88805 1385 69475 50758 67396 35026 95092 290 84259 43549 10752 11439 78137 25352 43088 91128 48955 34142 63441 85452 33696 16030 33425 39139 35581 47484 21101 84895 65198 80593 53263 85628 48786 60635 70352 75570 95470 21191 73410 37150 88231 61156 80772 51177 63560 57835 53737 87692 88356 47677 23732 6638 621 84167 86600 47822 46260 53619 93252 43804 1364 10540 50561 27504 74799 20020 9682 21481 61137 98184 895 64805 93137 62649 3902 79835
32828 91192 54831 13929 20543 71946 77984 98297 34567 61139 9830 25173 38585 89071 40190 47329 61733 7339 24783 1379 25816 60172 18813 34500 57484 92052 63950 12943 77675 996 33787 75640 65282 95331 81266 15994 51964 66037 23549 91428 36764 68779 75434 1884 45889 42791 71783 20396 27765 46108 76043 70396 56901 77360 45854 20894 67521 40086 36957 76106 5706 20738 8390 83886 69588 13711 24820 39467 7932 4258 76203 76365 22984 44811 19217 13541 45131 96252 24371 39115 66253 47394 34867 42144 21943 40566 48890 57292 64877 93490 11886 87289 39915 97598 70643 87383 64901 79295 29745 98853 93589 32205 84168 41397 6612 4790 29014 57563 63616 74940 88998 58917 10823 31756 11439 63247 48656 53590 67274 94036 40736 69101 79976 69829 51853 13358 22931 81579
91636 6849 10026 57540 89678 65308 25154 33571 44425 31328 10069 97659 47502 77893 68994 43459 9415 30253 66238 78264 80258 581 95839 52273 31824 71439 76934 79922 35510 55191 98488 42618 91690 25543 1182 59722 82196 4035 22509 18759 34737 46399 60925 29982 16643 42565 32266 8753 88752 2939 60985 82259 92458 58630 33471 56146 52369 18954 74395 97742 39894 42353 37076 7876 14506 344 26550 7335 69480 89734 12775 37109 74628 63125 96622 2197 4191 51021 2479 6360 47867 58502 28022 48566 91010 53892 24160 92271 56362 66522 43982 41858 92464 40595 93000 42819 4764 42279 65835 17669 57029 90910 57071 73061 41548 46636 22355 13028 71245 13150 27253 2870 78886 78430 26897 87446 97327 59788 46795 8889 6554 92706 54883 5369 88220 70340 1494 13867
60486 52875 87458 34030 98022 40223 18977 18397 42647 98147 66241 12445 4575 59774 88408 74193 69082 46727 31221 91875 4556 10380 93852 77245 44109 99776 60192 90244 62271 23260 96564 28702 88159 76590 26454 42984 93375 23397 63604 22186 19526 41431 97369 83701 91369 83886 41423 34252 38496 24409 16972 64131 34874 8329 6942 21649 33762 55086 53688 19185 81423 96888 85357 70816 35235 33038 69145 89442 45207 98912 37603 32528 10167 81594 86067 33967 9591 73662 69091 66197 93704 78002 79393 61282 44839 89300 75712 52766 94973 55997 31179 15468 95199 6718 95495 47382 17987 9803 75893 41577 73380 87152 97772 27871 41254 40331 47676 4970 5671 94385 23625 57015 63871 12037 75888 21580 39499 6322 23471 8881 30438 96297 81812 76180 33747 86571 21270 20448
71101 16807 10219 43933 46002 9090 4415 79441 18830 58195 56537 75793 48284 49989 40315 77827 10360 13497 91356 5903 61602 96255 11473 98812 51995 81368 86174 43686 96075 68818 47840 54936 14647 63070 99090 64655 30769 10739 87667 65145 91792 10442 32516 97214 13409 16481 87522 34726 78928 87376 93685 73584 79106 51462 58446 51617 76041 3076 29260 89020 23790 47848 49089 10779 16822 12139 13980 94876 31457 41746 17268 596 10989 12846 54300 61117 82780 78445 31566 36504 82637 68263 36429 16401 76057 91909 21256 78142 73018 12671 38214 38126 18734 40751 16845 68167 74441 69972 73282 57971 89862 83735 76358 72234 91968 61181 90198 34990 9878 28276 30600 9050 62459 25607 2711 59710 76067 51553 83235 82264 49700 61481 64023 78931 67170 38251 62966 97087
25496 59327 2312 74449 85370 2017 24060 84482 7190 12806 60871 44381 54520 89340 8672 66851 12412 46789 93902 74601 80112 57445 89774 11281 46438 55583 89068 42204 93068 85394 50093 75639 26700 95902 29381 21290 2192 54421 73243 16671 15122 34131 99250 34069 3291 468 87162 44316 52470 3326 87618 3213 68007 59187 17565 38775 42188 68432 33847 94735 62441 24773 24483 7001 45399 56542 70163 7537 43676 34441 62651 79398 38504 95277 78475 24883 36940 85895 5468 42917 8714 24505 76150 37442 75213 82764 98918 6146 85090 33960 39812 31902 63383 38115 49693 38089 65919 58367 9774 45176 49227 45011 7451 37464 86095 49346 76747 44248 12141 38226 76171 12913 20811 54231 38222 45273 25982 69953 24942 8368 32177 64790 71217 42240 64235 97502 13366 8839
10297 39716 7766 5447 84399 67794 40806 8203 59672 79852 43506 30825 81082 92991 5535 15984 66049 51945 37438 1207 15677 75048 57538 15805 37336 16695 45533 91379 36591 50413 90151 83622 71686 14061 28724 79037 39089 46713 2679 31845 31147 6346 38767 19613 95545 51319 63396 3513 51805 29461 54184 70332 94468 81108 57483 41970 79866 92988 41797 83251 55840 85044 76771 27363 7514 63759 54887 53194 91474 31594 14525 51894 31899 37746 48660 29065 30284 12856 14298 60941 90765 48182 39894 51289 89656 14764 63100 53422 81095 78111 89066 33458 95292 40510 30640 71740 54259 54170 55726 29474 34991 3294 14803 11570 82759 39575 68289 4547 31971 58650 14252 7554 68840 97183 58931 75868 52397 1729 70771 86647 12494 25224 24664 54531 61560 52213 8273 52731
70800 46731 47878 71067 27828 89506 26350 39773 12713 50755 53865 40154 71049 23253 57371 73839 49612 30541 13180 69826 89202 95956 41472 41750 42765 35121 50469 26078 32230 32265 66226 89392 20719 73178 57743 37314 28943 60242 40628 2437 3911 19093 54980 62350 30277 75157 88790 59831 49927 76098 7058 40532 47820 1027 64875 78238 19947 61275 87670 27900 97894 99418 71248 20421 66504 10941 94176 12551 75763 90989 97353 19057 44363 58281 26723 9486 58354 89412 15347 33499 87777 82848 10 86322 6376 2601 47845 12818 96105 84974 5520 89011 89040 85119 52832 15050 92371 47067 90349 78443 52998 43623 48263 42463 62066 13538 78143 97513 93000 80203 52779 39115 59625 34395 43611 72506 67027 26370 73696 49831 2470 72167 6874 8363 84330 67542 44954 53247
61191 88261 62476 10900 74471 11143 26436 41712 63017 42726 2825 28025 14136 8062 20692 26893 42961 93838 88473 63388 40859 98455 3572 70667 18711 89755 61351 51234 72595 96997 15196 70086 61268 64035 84870 82821 69396 12947 78184 17778 89589 77473 86267 175 68941 56188 20825 66966 68475 39458 3215 83765 24474 58643 80331 34078 72868 8724 73223 84313 32425 49334 14494 79936 52370 49746 37449 16131 37946 96033 74725 52289 15834 88755 68826 89283 98898 51850 4332 87989 89770 91831 78161 17295 98057 33938 52105 24005 83437 31343 1004 49693 92058 22866 81457 56858 54030 19317 66817 58452 75883 63775 57734 87046 36401 36562 34990 7446 73902 74495 56769 22462 4927 57784 2227 7640 43021 97713 65174 39593 77294 75691 56167 14795 95046 19871 95021 29399
30802 75396 73696 8570 95196 27419 79070 85059 83275 17360 20589 26300 68040 41273 6800 13786 60326 29222 9500 84419 41979 66481 73057 22351 96973 18397 59955 8129 52714 4146 17053 66643 55810 9432 17409 54396 62572 28131 69875 61637 99578 78915 10310 89824 46281 63910 68757 27335 850 66276 39377 3046 94991 11501 23705 14264 38925 19262 8561 72566 78858 4219 90713 65031 76573 78907 65329 75292 95715 79690 89302 56113 97405 72135 61375 16786 8704 63031 16272 94563 27501 23083 34866 84270 30619 57363 88254 34016 2781 40032 21106 13389 86082 69853 32635 35166 21287 53899 49989 66870 1337 85971 54555 59673 99551 36255 49109 45791 86023 9266 41475 38660 58337 80462 41798 39416 94384 18482 12485 63123 71466 97146 39147 61994 95418 12216 22450 26343
96455 88924 9381 91830 31029 87818 990 13178 44074 59266 10274 27838 97531 21332 64179 66816 96202 45281 59751 21746 9742 2988 31200 51093 41372 87373 92368 87131 71011 62106 82535 42934 13936 84386 29211 71678 98072 10129 90895 50786 54114 46471 65229 28190 46801 37161 8437 40499 95873 35563 25578 80450 23719 19999 10220 69000 94650 93183 4814 3507 98983 21427 97969 44101 28575 53544 52457 73685 96216 11565 90179 52342 34019 5448 83322 90661 52272 754 16802 45681 40861 31562 7745 57924 70633 73542 34537 78991 13465 3171 2757 68066 98286 91806 40406 4140 14995 14554 41632 9837 22022 58752 84056 97928 27618 80825 67984 42284 91625 94353 43742 7808 77344 72915 2886 56353 11039 69672 80772 36923 70876 30642 26473 19904 58058 26650 36767 40333
53256 44839 46170 48048 49768 4831 43773 93866 68108 66941 48846 17806 19956 95405 67119 71181 66648 7150 71975 55141 70634 13090 79197 25775 64442 86393 86581 15751 84808 28358 45893 15745 88175 80457 42991 91039 60019 82527 96448 49299 15775 53773 38123 29105 5195 85083 44431 94802 9577 59394 62497 81907 40708 3043 4310 22081 86580 58548 66344 47317 3391 86926 57524 46829 74611 79608 38556 41134 80973 46844 4339 95356 70491 68371 89001 99839 82300 61176 32699 80966 5306 82287 21678 15578 27638 32480 35351 82886 6067 87249 45806 10070 28259 2635 63222 43433 47994 9976 64936 67608 80760 81613 2425 45923 86335 940 43198 34024 95715 59710 91322 98822 68179 24342 32833 4001 50910 251 83782 56908 73538 88314 17350 29101 57040 54330 62156 87456
9558 74651 40251 94772 32640 66031 72568 73789 97709 25173 40788 45867 11378 84968 43722 14160 94649 84880 45841 71860 18641 95512 75453 81563 1268 6363 9816 68851 87721 65442 43021 18319 15821 40899 51188 66528 70310 7330 26272 92863 86402 85527 26086 97525 57693 35874 48342 9763 23568 9801 56640 40589 3389 18003 91410 78816 41242 64096 68529 60331 85558 14730 33089 96420 61351 90679 1340 3432 41359 96835 86728 35902 82827 17819 29143 55250 41556 86792 31193 98508 24868 78976 17509 60886 80577 9294 40983 77746 49879 79333 76176 82759 35529 15008 81447 29432 72888 32818 71555 9001 60409 38642 48937 30021 8420 67704 70191 80718 96853 92477 4661 19490 67623 64424 43313 24180 86404 20694 48778 900 79875 40015 70573 82413 12193 3603 28264 14246
68927 63240 92255 45448 880 96320 29421 5929 87878 70849 93711 66511 84970 48868 44722 25997 23603 99982 30113 65931 43990 19362 68806 62818 81559 91954 69457 35452 20544 8740 69971 21967 16006 73017 1954 23896 43819 12278 15156 96832 30771 27572 55653 64442 67254 20417 66807 16895 20020 46450 44408 42445 10695 24986 94872 12361 89621 13678 32136 11204 34850 82933 52536 20742 68414 27068 73364 85058 80415 95910 52222 28987 68440 51648 78572 87461 85277 14544 37212 72856 46943 83730 62667 21082 34605 81451 91450 39040 77127 2961 40310 77226 65895 8976 5898 6322 52325 50252 47365 13180 33415 13655 25126 96537 47754 77728 40661 33574 40040 76256 10508 87157 64776 63652 10354 69932 90340 4207 41158 63247 33207 71668 95659 82647 99082 47282 70685 4309
9942 40042 76132 75349 4149 41189 34327 82463 69722 83211 6524 43645 86463 6250 35268 51025 25664 76838 50018 29954 32459 41944 52422 98473 91903 81762 47554 10056 82048 60602 26732 41232 27755 76630 40762 84667 27397 62606 42408 83726 39856 22064 58633 5954 69658 53622 75645 55440 47958 65152 81761 32786 55554 57827 73722 82478 9258 41758 88658 28170 7194 80467 46675 48705 61097 36493 69988 40272 60570 51823 63779 63156 77132 10120 35621 15715 85161 80421 35107 48347 52415 48665 17129 21427 29165 56104 96870 80794 35213 59949 54928 61354 84800 81449 68056 17163 7398 3643 87692 36414 81653 1628 37357 12678 96682 80650 47016 96834 39202 36757 94945 18953 40076 42490 88826 77432 1027 43117 4374 39031 29827 89896 18703 3120 58745 20128 65119 67202
84748 89264 94974 24376 10428 99724 24640 50787 12912 10320 51076 39517 56732 67239 45913 2034 67802 93244 57658 81019 94923 25441 54037 913 60330 43973 98456 73287 54004 92399 21086 53177 68331 36156 6100 73352 75534 48706 3697 94917 69941 17625 33870 52526 75 1487 60629 28061 73031 28906 29019 26478 59631 99349 98317 96479 93215 43419 50005 76002 80320 88061 20402 62292 19235 51141 29116 73540 24849 61611 5891 30484 69429 15950 80575 4283 79423 45109 83173 88104 99372 62070 55550 57750 60003 33071 69307 87466 66045 14505 31448 46136 14602 91046 88878 71659 72159 83493 3838 18213 56347 90809 99084 69990 93775 48315 76772 78887 67237 88893 37851 85014 54375 42623 98360 1563 37010 7412 79624 32495 41946 54301 46087 27837 79220 96898 76422 77164
57468 63608 50827 49697 19713 61469 15191 86700 68740 92739 41404 23300 93495 89073 85631 27118 11461 39723 26554 35671 78019 31528 9789 1694 58978 89717 11642 17764 59697 97983 10341 29264 46532 92834 45281 56774 58270 24969 278 53176 35192 35767 60375 81135 63385 50550 43972 152 8881 45649 53275 84737 5173 21432 28504 39626 43066 17014 39050 52528 42809 95682 97067 64149 40999 68988 35722 68027 3202 64482 20178 67793 81946 33358 57539 35159 71662 41326 8107 60717 95028 82602 47137 15338 32870 92160 69749 69049 83286 42339 3454 92224 77528 55422 61368 74320 29172 25619 95568 95304 14829 89865 31318 41229 1996 90037 44097 64355 78133 96309 1533 30847 33986 27427 26296 90249 77529 36212 92285 60011 87912 62394 21356 82773 61742 96624 44603 10787
83271 90444 4353 49939 27356 2811 68953 19043 6883 83946 31730 83246 63885 95302 31395 48648 98172 12843 48115 7117 22370 4766 24181 20355 50733 38409 60506 32986 39245 75338 21310 57905 52993 35119 92572 80469 67099 13593 62045 15031 15593 40260 41057 75427 77684 97320 66266 33157 39365 58978 30883 89078 58858 76080 31174 24145 94690 63255 46420 68260 7292 98583 11689 94213 67005 37916 39647 38079 60516 93585 60828 23493 46205 23156 86864 86170 10725 41705 49212 53404 36271 35976 65301 76823 85173 90123 49656 85161 14536 24416 17700 92264 50658 20700 65301 95266 77674 50456 59477 26571 32903 19571 83412 71901 7973 61958 74075 84850 45190 49998 32229 81332 62922 23574 78679 44895 29709 97434 84858 50236 47175 4857 55444 48180 73177 78352 71551 81045
23895 78268 39864 24149 10298 90058 95317 18322 96330 87216 27215 7063 28627 51173 21356 97035 51854 19764 97487 25963 7322 46328 63758 73978 89421 28513 9395 21705 4910 14862 50838 47654 28666 14310 24123 577 90635 54312 57516 72043 87642 5182 1980 63808 45286 35148 16455 92633 6242 60529 58003 67396 40063 48751 74149 15904 78696 4428 89715 3672 63375 18921 50588 44271 74253 96163 96637 59746 30119 90540 32348 78615 42011 95042 44787 53163 9847 75093 30814 39350 90492 94435 86383 39847 57068 44347 756 93511 44209 70090 22047 73657 82702 33765 8866 65325 86955 20366 1833 13194 29957 96859 98879 63489 19122 91800 25665 12699 85463 11682 55177 98545 92501 87647 39310 76327 80522 11317 10573 56742 95571 74549 1275 70389 42036 31026 47353 44373
35807 43515 99837 63081 2160 90370 39380 28565 71875 60031 74851 66807 26925 29627 53308 80969 97009 67969 14652 23510 31104 4274 67203 69742 95479 81899 15478 14023 22775 79557 73329 29625 44921 55838 31597 81388 12897 18003 72215 7164 53317 64664 81692 1109 62485 38802 19292 9724 81409 6453 95595 50117 37630 52447 14802 59704 42787 35577 37491 14041 72338 40759 60391 25541 32814 8870 39681 12362 61730 77017 13737 84723 25282 88482 91110 70793 92186 83502 3498 70491 66481 32314 8083 83350 67833 50075 93546 19120 86824 31313 7475 53657 38262 62250 55099 48311 70160 28055 76818 2244 95095 16970 88785 81657 41631 17228 99356 23798 45359 27626 89685 98960 65755 90260 36707 73518 36464 26608 24293 82795 34777 80780 31550 48781 75018 47351 91785 28645
32700 74646 33267 50572 8564 88647 50125 46398 41131 57196 88347 87968 22704 49587 68760 63428 22644 13645 42005 42045 36675 59512 18719 92786 70117 51388 30403 58143 74610 27690 24910 51734 49601 14142 66856 40683 37625 38497 8213 6412 71646 89698 20689 33942 17002 72780 83564 95340 73572 47271 90685 35492 58860 24199 74921 62041 33020 84237 37940 5003 76431 11970 82400 21236 66765 30484 21504 59709 44141 77613 37245 41343 13952 26272 65901 80736 6518 97771 50616 74087 76097 40761 26145 78161 71351 86284 73631 34684 39794 2757 23096 61691 43753 85386 54671 53005 41993 84221 48137 80789 42105 95018 99359 27250 63714 58165 45910 15851 1626 63172 89795 96902 75996 55318 33604 11839 14237 66657 95516 79711 14793 56695 68203 81657 70088 11294 25194 56022
471 92127 58116 12987 77406 38156 42961 75033 63289 45701 72204 38411 7555 91546 24422 25429 46350 72542 38564 30020 81080 38916 42045 29375 4599 58376 1390 21297 268 74643 79468 46931 73931 29476 89616 37606 88717 46645 29249 70577 23045 77013 93257 18111 95787 90712 95263 50768 49679 51179 44907 9824 82846 64030 3963 82489 34738 30027 93553 67030 74774 94121 36300 9049 1415 90006 28321 25935 85482 16901 24536 17306 53032 69849 19953 49876 47722 94579 30283 49471 93437 47089 34431 53845 5330 74198 78013 24132 24617 90630 90229 37820 67760 35558 89563 49069 84704 87984 84882 91319 86438 80445 46313 10378 49386 83669 20862 61478 13908 37596 33520 15905 15915 71701 67626 38206 44840 21662 99970 73689 77718 79833 53812 7816 56531 14473 69000 9783
10668 21213 45658 22063 82490 38552 6033 56640 46757 12627 86400 30350 81198 5549 16547 27414 64557 76155 18311 17971 28043 1243 74884 55578 41002 21082 6675 58166 98997 4366 66830 91042 34655 36267 93909 41007 32849 52689 76413 17586 13591 67606 4458 5771 52530 40499 42490 62147 27239 57095 21131 8526 71277 46371 87528 53883 8575 99740 43981 74617 13625 18696 38340 16350 6594 93 50000 54786 91543 89935 37363 28625 97401 47501 20586 11407 10901 60360 72880 50229 61178 35372 49542 49388 97332 94922 36541 67525 73487 59440 49108 72669 36554 33426 18238 42172 33540 96804 65509 38440 97828 63850 98452 58716 96751 91964 90767 71867 79148 83238 87514 85667 88433 51879 62071 50021 80750 38855 22665 45261 66188 7786 9882 21474 82795 66042 59316 94799
43033 32988 24082 38764 48610 28163 97316 27266 40838 73868 98927 238 31685 12897 84727 75151 24192 38042 9284 66534 53625 2470 17930 82851 86456 79794 79958 24797 37970 90807 77824 34104 50086 60127 94487 684 50056 19128 26422 15758 37155 97416 52142 37733 73463 87858 61653 25206 85695 97032 71593 48867 18302 38635 84279 48767 31144 98860 32243 9846 75371 41463 12124 87678 40541 40961 74884 20305 56566 35908 92424 63042 43858 69369 22603 41516 97488 37850 85269 25802 37180 82674 71278 12317 16359 91803 90660 27631 83606 21646 67515 23026 59968 2894 39618 20436 18854 57170 2550 21019 10155 63322 85016 62473 91373 2257 90581 18950 68495 57032 24461 30405 35745 8864 25234 79152 60913 63307 83422 36925 71533 32968 99475 81113 75951 80387 12788 77191
10630 28053 61162 64678 82396 76171 92826 46588 21254 23973 45416 82939 60625 30559 16418 79609 93935 77693 30880 36114 76006 65796 23769 82221 86430 28081 95666 18714 91863 21117 74958 14908 85681 21282 79968 59867 44011 27406 99271 67500 32692 76748 82374 37462 1225 52794 18798 87701 39827 18280 29358 86646 35207 69553 12548 33532 52476 1800 99635 80312 83004 92880 31258 10994 49394 78104 78716 52207 6645 74593 91810 96483 2174 80308 30467 85160 57104 17309 68657 32480 8545 19516 95723 71915 51114 23048 43108 71790 85228 69947 71413 89198 25781 28219 79324 23439 23904 12510 41021 95553 70687 53162 22081 65651 92267 38309 23964 99175 11165 93295 63612 34996 20822 6511 55490 40593 16358 65629 59192 13312 94368 74986 24702 14116 12873 51238 68290 35940
29193 78745 68754 28469 68419 13362 87826 53629 45180 42024 22672 2852 12930 83238 80965 70688 36277 2355 64866 2522 32605 23555 85106 87476 49645 65237 21499 9554 96997 16625 95536 32983 66901 1336 17695 94700 88861 56808 65079 62392 76336 92034 2037 52481 63761 31422 52069 6755 20692 38328 39094 28432 99839 69709 54994 93555 60194 30967 49170 75504 77844 77989 40652 54162 47723 46315 26089 55963 23379 60290 20314 83832 94125 67031 9603 71005 88009 24115 61304 55152 65280 65034 60356 86272 54024 20335 21137 47859 59369 16566 15317 13001 51874 68221 61575 19131 704 32219 80250 40615 33125 36190 13605 7762 54968 39465 8314 10411 12841 94852 60888 9747 51070 700 58186 30114 38930 19074 11857 52825 64218 49921 128 90088 67783 43413 66558 35776
60864 31595 31796 18179 91405 28808 96255 77843 64227 99658 75464 6461 7145 81506 95404 47028 26879 61771 92510 39115 68724 88395 63206 76397 80216 46533 76278 71482 42369 80026 27125 43254 83702 73833 29643 49803 53699 60668 38394 76835 29169 48172 43493 94959 77939 95291 12331 290 13887 80479 25305 79768 26233 26635 43125 51877 59218 91582 4402 43382 52483 16949 79318 93410 4186 41034 17359 20482 11875 81756 58939 66521 43188 33761 29504 79196 70474 34533 53368 45702 6514 93555 62877 84603 61154 90497 91771 97716 11997 57842 9539 19586 52225 35680 74909 31975 27777 20664 96388 13449 26769 63252 90043 90081 84813 77603 58653 27225 36161 65467 85203 87485 65231 46040 11803 83674 81446 4563 94765 90135 98679 56612 59371 26969 63939 23543 49246 58540
95531 88893 23979 88574 88249 36937 25297 10431 89627 15792 22400 42897 54975 42820 13758 28580 5089 7988 65032 34721 39347 52349 67931 1243 35267 2068 38621 12893 65476 14620 75544 12885 76915 56569 27515 34004 63484 88754 42994 18907 46304 80942 25894 21625 95871 22040 43696 71024 37304 86487 1162 22411 6005 36782 51624 70095 58632 74605 10053 27514 26092 49318 67566 19963 42146 74274 92178 605 78732 19667 21229 59656 11289 48806 85339 58163 42625 10890 70778 43910 34001 59269 25104 7532 6835 73527 15027 84238 61927 73651 97793 45920 81307 7899 72919 97791 28080 48248 55637 90929 60533 97103 31848 81934 41280 16209 63043 8532 40386 73203 92577 69860 8782 16763 58492 58018 56966 63966 2892 10357 22054 12546 59731 36494 95367 8692 21830 33429
15482 94538 17957 32106 14076 93703 3443 23804 88152 14208 2324 41304 30877 73504 34754 5640 26361 71841 48741 59759 70059 19240 80185 80165 64856 93030 56477 14762 89743 42762 17810 8445 34431 30797 75662 97243 29451 41140 61573 64135 20754 50330 48964 20410 75891 29574 29540 50136 72264 60261 90007 69217 73044 24528 68344 32821 62106 79249 57562 19537 36046 10880 14378 60699 36591 64742 80350 84479 65482 51131 87301 34912 71105 60736 92954 20533 12371 14741 66559 38518 5623 91851 6619 60998 91858 46235 69392 1834 68790 36220 18968 14844 22457 99994 6718 90411 89350 44931 48771 44885 95675 98388 60744 75650 73978 36883 15 68263 1876 20664 60905 70845 31101 16524 53205 21329 22418 20548 51764 97629 98840 44053 4347 74779 31942 58911 49706 99788
40288 49853 14862 25932 66481 89640 16122 9832 3956 62821 23285 77625 45333 7103 37200 75937 73661 31865 87756 61591 17143 74724 72291 50953 28902 93771 46824 37024 47924 31058 5786 81493 67324 3928 75683 76654 37493 36797 98718 30135 22953 59551 7600 12464 53185 94897 90208 94170 80812 11355 36810 60320 43479 13954 51736 36723 66381 92110 71310 14756 34482 55124 75008 75788 83978 33965 90263 31850 63739 28313 96505 94541 7958 89868 99459 77997 15632 13545 86785 78387 1527 1695 30705 67144 56457 75816 83019 81254 51884 38626 14159 72803 20225 94321 88728 86057 78547 10161 15791 56482 96951 30320 60643 39868 91526 18636 11996 47395 3076 72275 55868 51036 28353 49227 47187 93662 54109 86759 5280 18796 71780 34998 37268 37803 6584 16085 20650 72813
68902 56585 12222 2524 49069 70148 6831 88313 41203 94583 98599 9960 40493 62488 61137 39665 20541 7861 39088 67588 69906 54744 74745 99589 92792 67995 29110 27538 31433 91723 841 8859 58708 83958 71029 25993 34529 39163 65757 69371 83950 30478 93891 2864 24066 82162 48190 77389 87422 48083 70707 18064 18737 38210 16480 15375 35745 41531 6160 50879 54698 69634 64704 83683 66935 20065 46205 15870 32867 40709 93380 33188 27779 14634 85426 38958 32505 77218 30836 75542 19033 38181 91229 58117 32387 98932 42167 21836 58313 42261 36292 36700 79956 66329 29040 99950 79715 8460 9759 17327 94462 38873 87597 87775 82841 79104 48301 71591 98320 82007 64216 50249 31700 94418 20973 99547 37919 3143 20224 41897 15613 68073 90682 24160 2146 75005 33233 44271
40545 64378 40020 60592 12843 42029 81043 99310 58601 29806 23424 7375 53793 60377 76644 86513 33887 83124 21109 95794 74137 53927 47907 6153 32261 13158 75456 75250 31380 47675 13355 11748 43085 31051 39614 41246 32868 52092 6882 99342 94302 52243 39703 99918 55072 55309 35721 94345 88635 81285 44836 76455 69937 16077 66591 1346 54847 82001 60502 88697 51374 57451 69230 2309 22622 35918 26339 62552 63787 15337 60851 19599 2323 59080 45823 30133 32582 50271 183 83329 34157 15294 73419 19998 60429 31617 8223 95518 90509 21121 70735 30744 92722 19089 18913 50381 77922 62141 20254 97095 21164 13456 16208 40841 66087 38754 17662 27699 17656 53902 53901 21399 9710 60554 35674 73394 99562 62410 32232 20959 59601 77205 15467 86396 29841 17153 3227 75559
47079 64407 44233 86881 56755 26431 49474 37842 22911 57445 85240 92023 61096 3590 18244 65235 16231 90859 63581 73840 98310 76809 46853 7484 85150 36016 27973 135 4231 43475 49832 67175 21154 97389 79727 88097 13277 45959 64119 81522 75796 93731 40050 99806 61653 86391 24529 60853 98786 83079 87566 60793 50027 57246 33774 28677 2845 98139 86065 19816 64106 66772 61197 75990 42138 25069 84680 31351 24315 21925 7349 98935 9384 791 19949 17406 53410 97162 13848 810 54149 13224 21873 1267 6671 53171 65985 95730 28790 51695 70081 13241 75145 54582 5533 8555 30100 70199 57824 55832 26487 31736 93824 82018 54699 78732 67773 9615 57760 18785 19429 49175 14514 15128 51158 43464 51242 40700 98307 25546 27690 86976 44490 13309 85395 19946 22938 35861
27470 82713 70802 30993 65296 34873 3442 50118 91168 86541 94344 33108 56615 74470 70485 61355 94215 5799 11020 73482 85553 47148 93377 9730 58747 59137 13054 4992 21541 60922 59399 35748 90546 42767 70704 46786 91427 67983 86398 71180 95123 6204 76157 9571 76299 76824 14417 1751 30847 83663 6454 13204 30888 63734 45971 6290 8273 89880 46000 5736 12826 30202 9787 27152 94217 1513 81996 66575 93731 43698 77664 15806 51459 11303 65455 9590 10124 58382 94017 23130 92046 57582 2184 42122 22632 4279 69832 34078 8673 20708 7427 2920 74508 17357 57859 74335 57111 86816 96386 85314 25188 2050 11959 57643 84672 5867 7593 75563 77233 85840 13764 14488 80156 64690 69738 37709 27530 59735 75345 72327 93135 37031 75877 32084 83488 39390 34255 31281
83497 53903 97365 63890 55851 81818 57930 21684 5622 41725 43591 9052 61485 43589 6114 18244 63638 43388 48456 39824 46646 63557 36410 90444 38700 89769 3104 1034 68107 45289 84073 78016 11157 86269 76402 36212 26897 65490 26242 32990 49607 365 92924 11582 54290 68453 7540 27758 86891 37159 1764 77030 49924 36635 22377 50526 13226 57622 36035 66810 89835 53953 75733 4113 40650 29200 41518 80686 93215 74860 95946 35805 44772 29171 35060 58771 53093 14849 18577 59300 15400 84085 50709 46750 88895 5193 8443 89934 47705 8735 88465 77941 23765 34402 9931 37150 23991 86171 64504 28858 7724 80021 1245 90736 2208 80936 57131 46956 22479 20768 26949 14256 29520 78123 79308 54355 65572 76949 17166 61080 25812 82242 73400 61131 86481 25023 65216 82288
98025 9030 84568 37594 51102 45454 59509 75347 90262 81163 64744 50796 33077 9050 4921 26118 92656 50076 41967 35513 59986 27483 13774 22751 57411 42969 26740 62679 20370 90694 7875 99757 20801 11079 82495 56568 62846 21143 23319 33940 42432 48683 89926 43656 30734 49649 65249 52629 61250 54768 10065 52230 54515 9809 62812 48416 94777 11491 89534 93655 52724 76404 34456 44552 72304 60160 5357 1709 32034 56557 23460 77952 57109 65288 68751 70584 17024 71295 85696 98346 59576 25489 92496 52683 65870 28561 57445 8492 91024 21458 28444 30115 73920 40111 11270 50843 42470 28598 85732 82571 54051 66050 20182 45582 86746 35932 35993 30354 71679 19969 6058 43358 97622 89211 38066 36727 74828 9489 93244 96306 84848 40151 95314 46005 87612 83551 22459 78629
69731 92461 79544 66182 33876 3498 1167 47083 97316 39476 22273 86051 42229 12546 11523 98123 17046 55309 28404 47692 97834 888 65520 92827 65243 25933 20234 87944 80992 78694 70090 57865 30067 3669 54232 47144 93628 50066 48195 96917 64558 43435 43098 20701 37417 24358 96086 6671 75750 23036 59759 39596 5167 27264 44202 58259 53248 58449 34006 81439 28866 63696 37575 47195 96617 57078 72456 13835 70061 50191 20393 28831 38724 5718 17459 3372 63111 81295 67619 40637 45561 1740 12488 46747 10560 56117 95724 29112 25076 9450 27659 43097 16970 13345 2328 48749 62675 85351 30455 16778 96740 12101 33010 4067 17635 42917 39028 48563 95773 59685 47173 28019 91328 98265 70348 64800 92230 70142 88200 86418 96730 41518 79512 3126 42658 77466 1864 31312
98410 48295 60673 46111 59380 75219 40618 98133 78174 78168 47324 33799 76916 23134 90635 27677 46658 33403 55124 39514 67632 68707 38794 23303 75742 77877 74704 99977 96156 24192 58473 72244 93490 17248 40564 95769 18987 55950 38959 68559 92305 82935 8593 93939 66337 88011 23413 74854 67519 7212 63039 43781 70120 22201 3895 29611 43689 94450 18720 97060 20199 82109 27672 14843 14807 87758 74211 32369 5054 27110 46214 62254 60070 79764 22675 29576 76126 75529 64120 40132 96653 45228 39788 21825 61501 67439 8591 28756 79070 91888 42006 6358 87574 89664 44852 64205 72939 16426 77258 4135 20791 57548 6970 44175 97313 43256 84720 37661 8281 72893 38175 16505 25102 97946 94570 73217 77854 77326 32330 98009 26293 45220 24956 96633 24182 9735 21499 86790
96530 97108 71623 96294 6884 54855 82032 48651 71041 8305 50823 49221 60678 70017 75613 59414 45071 29655 2675 54886 45636 59196 2327 74007 39309 90180 43073 79110 77040 58413 52470 25034 11639 76314 35320 92651 71344 62350 50605 24452 60709 31703 72484 96672 49627 58598 55812 99173 56050 53904 91200 41876 45855 87960 98400 37427 67698 82439 70095 23809 17129 1250 47058 11745 86494 69712 48043 79788 78914 47608 1328 61992 92309 63712 66751 60967 45840 81773 26561 42385 54637 29889 18016 2989 13387 15415 3265 84044 17278 76115 49309 8648 73494 56393 47047 91261 45458 44755 51199 44195 23355 55301 99172 21382 42250 78559 12621 94275 69763 32171 88773 68461 83164 57819 51641 77337 72979 3237 12293 24839 96792 28823 11984 1146 94552 61192 60623 33919
97619 7122 31793 90426 84390 72342 36365 31315 53385 97617 79800 90243 35474 12817 11473 18911 17793 39298 60546 60342 98052 80082 72130 12544 56466 62849 80750 54020 87660 2027 33869 59732 55103 98674 29791 48636 8891 38955 89348 4072 81760 12774 89438 77601 71825 52791 934 64605 95555 13295 74527 65657 80287 38476 62419 65427 62478 58253 52755 92417 24319 34201 8342 4825 84977 3746 14686 11872 27809 20842 81914 18742 12398 74137 43214 91839 33367 85159 87173 29920 91190 23342 4168 57983 15724 28514 60544 571 47306 93874 69284 95789 11116 8983 33980 79916 29499 49242 98444 91992 4324 41025 91518 74329 4192 37211 87035 59549 92887 48261 24071 44707 37396 47262 99498 20613 23968 89144 92004 24525 88004 66419 43560 65927 30721 55226 34 15108
13269 73900 34236 49717 91684 98148 25002 9111 80449 10494 17323 96692 59190 25737 36534 86324 39241 75631 6402 72041 51889 60319 65239 77498 14371 54128 17755 81688 49612 64137 74275 6561 18763 23156 70943 8536 82766 13010 34659 59676 19630 29470 7216 1464 60390 83446 29764 54273 16887 34232 45507 76732 97150 51483 80646 87900 56191 93765 29661 13193 20215 58129 89694 20721 85894 46035 86996 85797 80995 21546 54899 90224 3947 79162 29309 32189 27939 71104 93225 40145 74637 48090 10648 53172 22845 31944 88074 670 39185 74655 65640 51169 81891 31296 84354 73878 29154 14650 38918 78702 92854 87211 85285 91737 51504 40 85897 56626 11162 11640 63669 34878 5125 71525 32804 41572 54360 22676 6694 75127 7976 56579 27734 17146 34428 245 84865 15415
4401 69144 47430 46791 50234 83788 57714 70952 89328 39619 53065 79100 21661 85870 90407 164 57792 25125 31942 30944 69838 41516 79602 14088 11684 23078 3113 79168 33541 19216 29141 44255 79000 47735 98634 68464 27674 11402 25723 53115 59307 43002 25469 46189 50600 26869 58952 36417 35669 87989 50027 32486 43426 8595 80882 50619 84519 5991 2695 85007 74874 30077 92052 62999 60799 41367 38200 22677 13942 32829 96157 59738 14375 12446 17353 54582 74472 6402 25070 58134 62018 94821 51432 23292 19678 73028 53902 59948 14540 88124 87158 61006 37159 27158 46561 5038 9357 35147 62189 75892 11272 31731 54282 20665 33339 46915 73430 31580 29225 52491 2018 52983 35100 13229 15591 18413 16017 63328 77540 43537 96094 70564 392 78517 29919 7286 8338 33093
13867 63219 90387 50829 99450 64748 13448 19368 56186 60317 61763 55577 94247 36120 34800 92444 20674 77464 68032 84867 91519 36049 62427 52391 42409 67416 28695 43892 13509 80741 48320 68259 53122 63760 45501 51927 55012 45242 79524 68301 3343 56230 62211 47912 46865 98743 27436 16060 81152 55497 12402 49103 7820 94997 30666 65505 32520 87708 37088 6952 16685 737 68163 20154 98962 75678 85635 31148 96521 18347 86829 88188 33024 29097 6797 10876 34357 83655 93648 42149 40021 81772 97486 67153 48826 75550 41369 92371 50902 98113 48086 21743 78588 99607 74094 54406 43771 92538 60398 33885 65217 39562 62175 33181 29668 13123 18965 35284 54281 97842 74211 10087 57755 46768 39275 73043 79292 68319 68908 6076 60558 92837 12382 87210 93072 8791 52405 53273
16514 96578 42069 42073 63414 78916 45704 2029 37362 92487 25601 90897 84317 75307 83360 54440 51051 67653 35709 42473 39204 67064 87666 52835 18954 1829 23080 79949 57218 7400 8340 20440 53287 61218 85282 78566 9032 66423 33649 27046 61131 53294 26300 89418 99270 95791 95871 21937 99512 61087 82023 25985 79842 10849 76399 6837 41501 33399 21256 33990 23190 65407 90817 15729 27514 37977 85824 20225 44507 67743 80870 21049 51472 92164 27536 30746 11204 70724 20348 38616 18425 88099 97523 13220 24144 6512 49472 57631 90080 85405 98901 15066 61010 73692 52460 30735 72633 63799 13316 41910 8322 9242 76290 62358 67949 34115 41269 56542 51650 65605 14666 78124 73658 44728 635 991 15639 97419 49753 2037 13558 45068 37077 61604 65776 96326 56003 15602
16812 7475 87828 89262 69445 86769 49094 62195 33094 99127 51654 97692 99011 92943 49138 53065 5251 49001 64130 21882 36654 167 96634 2986 23072 29961 9985 18143 55811 21105 72485 76884 74956 52886 99508 83798 94415 40313 98571 14732 12773 66526 73049 26489 83759 87705 44356 3420 72523 42016 61808 17538 99689 83865 79225 90422 28620 80530 40303 99773 8553 63555 26452 87509 732 39051 30316 94844 46950 10921 59316 3490 16246 31696 97793 8256 33662 83255 84692 76713 98657 42161 60389 97488 8127 12491 16272 12033 85428 83484 47841 74867 75322 33304 48805 21266 70644 17435 77262 28166 71558 46660 32617 13387 41122 36283 42652 17771 34567 58786 46767 26264 61362 65504 73811 73797 49653 20834 8133 84413 43892 93072 19218 54326 68092 19124 37339 48149
54916 29864 1787 82695 78953 46743 48515 33983 51429 9829 91212 43669 2813 74371 52842 41960 14914 88850 63614 42017 15352 73765 87214 68730 74423 50982 8184 52974 60403 75588 33310 75725 60270 56369 54976 91765 34836 77086 50709 16912 42412 88621 50691 66964 22130 17007 87207 73467 72373 79738 30662 10730 35585 75176 51084 4290 51408 53513 43229 52786 50551 690 94227 62702 8029 54262 1831 14326 71789 32907 86702 9861 22721 25208 76331 17787 93914 55728 57655 66669 89132 78193 87383 58052 42119 31015 29522 91645 27598 91102 74295 97714 26841 36352 58315 4865 32890 12333 42592 88128 48890 63367 46198 78218 28993 92327 14713 75775 70255 20627 47893 79827 15175 83417 84338 30811 64582 39914 20803 43015 94492 57031 41686 43869 5940 38328 49587 83464
700708 718431 1010827 94023 792440 163654 172345 1374235 298663 990471 844190 91378 700507 618035 560526 974624 407368 378643 169321 883042 612001 998883 1202832 166025 1162647 1476071 637999 355886 1358039 219956 532118 1259502 1171992 1495685 1250165 994809 698084 911558 626351 1287456 314198 1347418 578124 1352202 391870 1299432 374192 1172203 1072764 11362 380802 1244159 901225 828094 1359541 284396 689576 224509 787640 696733 97506 1119415 1350770 768382 567288 827457 734629 344998 1416547 729898 370977 866864 562109 638153 517557 406382 1042424 22734 311645 380177 1046731 1133843 1377324 32360 905037 28050 209920 361520 590138 1159444 1380991 1019514 300809 311369 395205 1011043 190967 475465 91128 450005 379912 902232 333702 1224035 89658 1005692 1409105 718871 887504 902832 804864 1206822 486401 858458 230321 1159559 17103 428127 398465 546675 215364 211675 283255 712533 1245958 298703 912951 1218461
