64
0 1 1 1 1 1 1 1 1 1 0 1 1 1 0 1 1 1 1 1 1 1 1 1 1 1 1 1 1 1 1 1 1 1 1 1 1 1 1 1 1 1 1 1 1 1 1 1 1 1 1 1 1 1 1 1 1 1 1 1 1 1 0 1
1 0 1 1 1 1 1 1 1 1 0 1 1 1 1 1 1 1 1 1 1 1 1 1 1 1 1 1 1 1 1 1 1 1 1 1 1 1 1 1 1 1 1 1 1 1 1 1 1 1 1 1 1 1 1 1 1 1 1 1 1 1 1 1
1 1 0 0 1 1 1 1 1 1 1 1 1 1 1 1 1 0 1 1 1 1 1 1 1 1 1 1 1 1 1 1 1 1 1 1 1 1 1 1 1 1 1 1 1 1 1 1 1 1 1 1 1 1 1 1 1 1 1 1 1 1 1 1
1 1 0 0 1 1 1 1 1 1 1 1 1 1 1 1 1 1 1 1 1 0 1 1 1 1 1 1 1 1 1 1 1 1 1 1 1 1 1 1 1 1 1 1 0 1 1 0 1 1 1 1 1 1 1 1 1 1 1 1 1 1 1 1
1 1 1 1 0 1 1 1 1 0 1 1 1 1 1 1 1 1 1 1 1 1 1 1 1 1 1 1 1 1 1 1 1 1 1 1 1 1 1 1 1 0 1 1 0 1 0 1 1 1 1 1 1 1 1 1 1 1 1 1 1 1 1 1
1 1 1 1 1 0 1 1 1 1 1 1 1 1 1 1 1 1 0 1 1 1 1 1 1 1 1 1 1 1 1 1 1 1 1 1 1 1 1 1 1 1 1 1 0 1 1 0 1 1 1 1 1 1 1 1 1 1 0 1 1 1 0 1
1 1 1 1 1 1 0 1 1 1 0 1 1 1 1 1 1 1 1 0 1 1 1 1 1 1 1 1 1 1 1 1 1 1 1 1 1 1 1 1 1 1 1 1 1 1 1 1 1 1 1 1 1 1 1 1 1 1 1 1 1 1 1 1
1 1 1 1 1 1 1 0 1 1 0 1 1 1 1 1 1 1 1 1 1 1 1 0 0 1 1 1 1 1 1 1 1 1 1 1 1 1 1 1 1 1 1 1 1 1 1 1 1 1 1 1 1 1 1 1 1 1 0 1 1 1 1 1
1 1 1 1 1 1 1 1 0 1 1 1 1 1 1 1 1 1 1 1 1 1 0 1 1 1 1 1 1 0 1 1 0 1 1 1 1 1 1 1 1 1 1 1 1 1 1 1 1 1 1 1 1 1 1 1 1 0 1 1 1 1 1 1
1 1 1 1 0 1 1 1 1 0 1 1 1 1 1 1 1 1 1 1 1 1 1 1 1 1 1 1 1 1 1 1 1 1 1 1 1 1 1 1 1 1 1 1 1 1 1 1 1 1 1 1 1 1 0 1 1 1 1 1 1 1 1 1
0 0 1 1 1 1 0 0 1 1 0 1 1 1 1 1 1 1 1 1 1 1 1 1 1 1 1 1 1 1 1 1 1 1 1 1 1 1 1 1 1 1 1 1 1 1 1 1 1 1 1 1 1 1 1 1 1 1 0 1 1 1 1 1
1 1 1 1 1 1 1 1 1 1 1 0 1 1 1 0 1 1 0 1 1 1 1 1 1 1 1 1 1 1 1 1 1 1 1 1 1 1 1 1 1 1 1 1 1 1 1 1 1 1 1 1 0 1 1 1 1 1 1 1 1 1 1 1
1 1 1 1 1 1 1 1 1 1 1 1 0 1 1 1 0 1 1 1 1 1 1 1 1 0 1 1 1 1 1 1 1 1 1 1 1 1 1 1 1 1 1 1 1 0 1 1 1 1 1 1 1 1 1 1 1 1 1 1 1 1 1 1
1 1 1 1 1 1 1 1 1 1 1 1 1 0 1 1 1 1 1 1 1 1 1 1 1 1 1 1 0 1 1 1 1 1 1 1 1 1 1 1 1 0 1 1 1 1 1 1 1 1 1 1 1 1 1 1 0 1 1 1 1 1 1 1
0 1 1 1 1 1 1 1 1 1 1 1 1 1 0 1 1 1 1 1 1 1 1 1 1 1 1 1 1 1 1 1 0 1 1 1 1 1 1 1 1 1 1 1 1 1 1 1 1 1 1 1 1 1 1 1 1 1 1 1 1 0 1 1
1 1 1 1 1 1 1 1 1 1 1 0 1 1 1 0 1 1 1 1 0 1 1 1 1 1 1 1 1 1 1 1 1 1 1 1 1 1 1 1 1 1 0 1 0 1 0 1 1 1 1 1 1 1 1 1 1 1 1 1 1 1 1 1
1 1 1 1 1 1 1 1 1 1 1 1 0 1 1 1 0 1 1 1 1 1 1 1 1 1 1 1 0 1 1 1 1 1 1 1 1 1 0 1 1 1 1 1 1 1 1 0 1 1 1 1 1 1 1 1 1 1 1 1 1 1 0 1
1 1 0 1 1 1 1 1 1 1 1 1 1 1 1 1 1 0 1 1 1 1 1 1 1 1 1 1 1 1 1 1 1 1 1 1 1 1 1 1 1 1 1 1 1 1 1 1 1 1 1 1 1 1 1 1 1 1 1 1 1 1 1 1
1 1 1 1 1 0 1 1 1 1 1 0 1 1 1 1 1 1 0 1 1 1 1 1 1 1 1 1 1 1 1 1 1 1 1 1 1 1 1 1 1 1 0 1 0 1 1 1 1 1 1 1 1 1 1 1 1 1 1 1 1 0 1 1
1 1 1 1 1 1 0 1 1 1 1 1 1 1 1 1 1 1 1 0 1 1 1 1 0 1 1 1 1 0 1 1 1 1 1 1 1 1 1 1 1 1 1 1 1 1 1 1 1 1 1 1 1 1 1 1 1 1 1 1 1 1 1 1
1 1 1 1 1 1 1 1 1 1 1 1 1 1 1 0 1 1 1 1 0 1 1 1 1 1 1 1 1 1 1 1 1 1 1 0 1 1 1 1 1 1 1 1 1 1 1 1 1 1 1 1 1 1 1 1 1 1 1 1 1 1 1 1
1 1 1 0 1 1 1 1 1 1 1 1 1 1 1 1 1 1 1 1 1 0 1 1 1 1 1 1 1 1 0 1 1 0 1 1 1 1 1 1 1 1 1 1 1 1 0 1 1 0 1 1 1 1 1 1 1 1 1 1 1 1 1 1
1 1 1 1 1 1 1 1 0 1 1 1 1 1 1 1 1 1 1 1 1 1 0 1 1 1 1 1 1 1 1 1 1 1 1 1 1 1 1 1 1 1 1 1 1 1 1 1 1 1 1 1 1 1 1 1 1 1 1 1 1 1 1 1
1 1 1 1 1 1 1 0 1 1 1 1 1 1 1 1 1 1 1 1 1 1 1 0 1 1 1 1 1 1 1 1 1 1 1 1 1 1 1 1 1 1 1 1 1 1 1 1 1 1 1 1 1 0 1 1 1 1 1 1 1 1 1 1
1 1 1 1 1 1 1 0 1 1 1 1 1 1 1 1 1 1 1 0 1 1 1 1 0 1 1 1 1 1 1 1 1 1 1 1 1 1 1 1 0 1 0 1 1 1 1 1 1 1 1 1 1 1 1 1 1 1 1 1 1 1 1 1
1 1 1 1 1 1 1 1 1 1 1 1 0 1 1 1 1 1 1 1 1 1 1 1 1 0 0 1 1 0 1 1 1 1 1 1 1 1 1 1 1 1 1 1 1 1 1 1 1 1 1 1 1 1 1 1 1 1 1 0 1 1 1 1
1 1 1 1 1 1 1 1 1 1 1 1 1 1 1 1 1 1 1 1 1 1 1 1 1 0 0 1 1 1 1 1 1 1 1 1 1 1 1 1 1 1 1 1 1 1 1 1 1 1 1 0 1 1 1 1 1 1 1 1 1 1 1 1
1 1 1 1 1 1 1 1 1 1 1 1 1 1 1 1 1 1 1 1 1 1 1 1 1 1 1 0 1 0 1 1 1 1 1 1 1 1 1 1 1 1 1 1 1 1 1 1 0 1 1 1 1 1 1 1 1 1 1 1 1 1 1 1
1 1 1 1 1 1 1 1 1 1 1 1 1 0 1 1 0 1 1 1 1 1 1 1 1 1 1 1 0 1 1 1 1 1 1 1 1 1 1 1 0 1 1 1 1 1 1 1 1 1 1 1 1 0 1 1 1 1 1 1 1 1 1 1
1 1 1 1 1 1 1 1 0 1 1 1 1 1 1 1 1 1 1 0 1 1 1 1 1 0 1 0 1 0 1 0 1 1 1 1 1 1 1 1 1 1 1 1 1 0 1 1 1 1 1 1 1 1 1 1 1 1 1 1 1 1 1 1
1 1 1 1 1 1 1 1 1 1 1 1 1 1 1 1 1 1 1 1 1 0 1 1 1 1 1 1 1 1 0 1 1 1 1 1 1 0 1 1 1 1 1 0 1 1 1 1 1 1 1 1 1 1 1 1 1 1 1 1 1 1 1 1
1 1 1 1 1 1 1 1 1 1 1 1 1 1 1 1 1 1 1 1 1 1 1 1 1 1 1 1 1 0 1 0 1 1 1 1 1 1 1 1 1 1 1 1 1 0 1 1 1 1 1 1 1 1 0 1 1 1 1 1 0 1 1 1
1 1 1 1 1 1 1 1 0 1 1 1 1 1 0 1 1 1 1 1 1 1 1 1 1 1 1 1 1 1 1 1 0 1 1 1 1 1 1 1 1 1 1 1 1 1 1 1 1 1 1 1 1 1 1 0 1 1 1 1 1 1 1 1
1 1 1 1 1 1 1 1 1 1 1 1 1 1 1 1 1 1 1 1 1 0 1 1 1 1 1 1 1 1 1 1 1 0 1 1 1 1 1 1 1 1 1 1 1 1 1 1 1 1 1 1 1 1 1 1 1 1 1 1 1 1 1 1
1 1 1 1 1 1 1 1 1 1 1 1 1 1 1 1 1 1 1 1 1 1 1 1 1 1 1 1 1 1 1 1 1 1 0 1 1 1 1 1 1 0 1 1 1 1 1 1 1 1 1 1 1 1 1 1 1 1 1 1 1 1 1 1
1 1 1 1 1 1 1 1 1 1 1 1 1 1 1 1 1 1 1 1 0 1 1 1 1 1 1 1 1 1 1 1 1 1 1 0 1 1 1 1 1 1 1 1 0 1 0 0 1 1 1 1 1 1 1 1 1 1 1 1 1 1 1 1
1 1 1 1 1 1 1 1 1 1 1 1 1 1 1 1 1 1 1 1 1 1 1 1 1 1 1 1 1 1 1 1 1 1 1 1 0 1 1 0 1 1 1 1 1 1 1 1 1 1 1 1 1 1 1 1 1 1 1 1 1 1 1 1
1 1 1 1 1 1 1 1 1 1 1 1 1 1 1 1 1 1 1 1 1 1 1 1 1 1 1 1 1 1 0 1 1 1 1 1 1 0 0 1 1 1 1 1 1 1 1 1 1 1 1 1 1 1 1 1 1 1 1 0 1 1 1 1
1 1 1 1 1 1 1 1 1 1 1 1 1 1 1 1 0 1 1 1 1 1 1 1 1 1 1 1 1 1 1 1 1 1 1 1 1 0 0 1 1 1 1 1 1 1 1 1 1 1 1 1 1 1 1 1 1 1 1 1 1 1 1 1
1 1 1 1 1 1 1 1 1 1 1 1 1 1 1 1 1 1 1 1 1 1 1 1 1 1 1 1 1 1 1 1 1 1 1 1 0 1 1 0 1 1 1 0 1 1 1 0 1 1 1 1 1 0 1 1 1 1 1 1 1 1 1 1
1 1 1 1 1 1 1 1 1 1 1 1 1 1 1 1 1 1 1 1 1 1 1 1 0 1 1 1 0 1 1 1 1 1 1 1 1 1 1 1 0 1 1 1 1 1 1 1 1 1 1 1 1 1 1 1 0 1 1 1 1 0 1 1
1 1 1 1 0 1 1 1 1 1 1 1 1 0 1 1 1 1 1 1 1 1 1 1 1 1 1 1 1 1 1 1 1 1 0 1 1 1 1 1 1 0 1 1 1 1 1 1 1 1 1 1 1 1 1 1 1 1 1 1 1 1 1 1
1 1 1 1 1 1 1 1 1 1 1 1 1 1 1 0 1 1 0 1 1 1 1 1 0 1 1 1 1 1 1 1 1 1 1 1 1 1 1 1 1 1 0 1 1 1 1 1 1 1 1 1 1 1 1 0 1 0 1 1 1 1 1 1
1 1 1 1 1 1 1 1 1 1 1 1 1 1 1 1 1 1 1 1 1 1 1 1 1 1 1 1 1 1 0 1 1 1 1 1 1 1 1 0 1 1 1 0 1 1 1 0 1 1 1 1 1 1 1 1 0 1 1 1 1 1 1 1
1 1 1 0 0 0 1 1 1 1 1 1 1 1 1 0 1 1 0 1 1 1 1 1 1 1 1 1 1 1 1 1 1 1 1 0 1 1 1 1 1 1 1 1 0 1 1 1 1 1 1 0 1 1 1 1 1 1 1 1 1 1 1 1
1 1 1 1 1 1 1 1 1 1 1 1 0 1 1 1 1 1 1 1 1 1 1 1 1 1 1 1 1 0 1 0 1 1 1 1 1 1 1 1 1 1 1 1 1 0 1 1 1 1 1 1 1 1 1 1 1 1 1 1 1 1 1 1
1 1 1 1 0 1 1 1 1 1 1 1 1 1 1 0 1 1 1 1 1 0 1 1 1 1 1 1 1 1 1 1 1 1 1 0 1 1 1 1 1 1 1 1 1 1 0 1 1 1 1 1 1 1 1 1 1 1 1 1 1 1 1 1
1 1 1 0 1 0 1 1 1 1 1 1 1 1 1 1 0 1 1 1 1 1 1 1 1 1 1 1 1 1 1 1 1 1 1 0 1 1 1 0 1 1 1 0 1 1 1 0 1 1 1 1 1 1 1 1 1 1 1 1 1 1 1 1
1 1 1 1 1 1 1 1 1 1 1 1 1 1 1 1 1 1 1 1 1 1 1 1 1 1 1 0 1 1 1 1 1 1 1 1 1 1 1 1 1 1 1 1 1 1 1 1 0 1 1 1 1 1 1 1 1 1 1 1 0 1 1 1
1 1 1 1 1 1 1 1 1 1 1 1 1 1 1 1 1 1 1 1 1 0 1 1 1 1 1 1 1 1 1 1 1 1 1 1 1 1 1 1 1 1 1 1 1 1 1 1 1 0 1 1 1 1 1 1 1 1 1 1 1 1 1 1
1 1 1 1 1 1 1 1 1 1 1 1 1 1 1 1 1 1 1 1 1 1 1 1 1 1 1 1 1 1 1 1 1 1 1 1 1 1 1 1 1 1 1 1 1 1 1 1 1 1 0 1 1 0 1 1 1 1 1 1 1 1 0 1
1 1 1 1 1 1 1 1 1 1 1 1 1 1 1 1 1 1 1 1 1 1 1 1 1 1 0 1 1 1 1 1 1 1 1 1 1 1 1 1 1 1 1 1 0 1 1 1 1 1 1 0 1 1 1 1 1 1 0 1 1 1 1 1
1 1 1 1 1 1 1 1 1 1 1 0 1 1 1 1 1 1 1 1 1 1 1 1 1 1 1 1 1 1 1 1 1 1 1 1 1 1 1 1 1 1 1 1 1 1 1 1 1 1 1 1 0 1 1 0 1 1 1 1 1 1 1 1
1 1 1 1 1 1 1 1 1 1 1 1 1 1 1 1 1 1 1 1 1 1 1 0 1 1 1 1 0 1 1 1 1 1 1 1 1 1 1 0 1 1 1 1 1 1 1 1 1 1 0 1 1 0 1 1 1 1 1 1 1 1 1 1
1 1 1 1 1 1 1 1 1 0 1 1 1 1 1 1 1 1 1 1 1 1 1 1 1 1 1 1 1 1 1 0 1 1 1 1 1 1 1 1 1 1 1 1 1 1 1 1 1 1 1 1 1 1 0 1 1 1 1 1 1 1 1 1
1 1 1 1 1 1 1 1 1 1 1 1 1 1 1 1 1 1 1 1 1 1 1 1 1 1 1 1 1 1 1 1 0 1 1 1 1 1 1 1 1 1 0 1 1 1 1 1 1 1 1 1 0 1 1 0 1 1 0 0 1 1 1 1
1 1 1 1 1 1 1 1 1 1 1 1 1 0 1 1 1 1 1 1 1 1 1 1 1 1 1 1 1 1 1 1 1 1 1 1 1 1 1 1 0 1 1 0 1 1 1 1 1 1 1 1 1 1 1 1 0 1 1 1 1 1 1 1
1 1 1 1 1 1 1 1 0 1 1 1 1 1 1 1 1 1 1 1 1 1 1 1 1 1 1 1 1 1 1 1 1 1 1 1 1 1 1 1 1 1 0 1 1 1 1 1 1 1 1 1 1 1 1 1 1 0 1 1 1 1 0 1
1 1 1 1 1 0 1 0 1 1 0 1 1 1 1 1 1 1 1 1 1 1 1 1 1 1 1 1 1 1 1 1 1 1 1 1 1 1 1 1 1 1 1 1 1 1 1 1 1 1 1 0 1 1 1 0 1 1 0 1 1 1 1 1
1 1 1 1 1 1 1 1 1 1 1 1 1 1 1 1 1 1 1 1 1 1 1 1 1 0 1 1 1 1 1 1 1 1 1 1 1 0 1 1 1 1 1 1 1 1 1 1 1 1 1 1 1 1 1 0 1 1 1 0 1 1 1 1
1 1 1 1 1 1 1 1 1 1 1 1 1 1 1 1 1 1 1 1 1 1 1 1 1 1 1 1 1 1 1 0 1 1 1 1 1 1 1 1 1 1 1 1 1 1 1 1 0 1 1 1 1 1 1 1 1 1 1 1 0 1 1 1
1 1 1 1 1 1 1 1 1 1 1 1 1 1 0 1 1 1 0 1 1 1 1 1 1 1 1 1 1 1 1 1 1 1 1 1 1 1 1 1 0 1 1 1 1 1 1 1 1 1 1 1 1 1 1 1 1 1 1 1 1 0 1 1
0 1 1 1 1 0 1 1 1 1 1 1 1 1 1 1 0 1 1 1 1 1 1 1 1 1 1 1 1 1 1 1 1 1 1 1 1 1 1 1 1 1 1 1 1 1 1 1 1 1 0 1 1 1 1 1 1 0 1 1 1 1 0 1
1 1 1 1 1 1 1 1 1 1 1 1 1 1 1 1 1 1 1 1 1 1 1 1 1 1 1 1 1 1 1 1 1 1 1 1 1 1 1 1 1 1 1 1 1 1 1 1 1 1 1 1 1 1 1 1 1 1 1 1 1 1 1 0
61076 52491 18255 67504 84037 48737 48829 4188 94539 98160 39473 54512 67064 48453 20850 97277 73433 79793 85865 5775 675 70530 64327 46801 5974 21179 20692 81793 6282 26287 93183 14062 81620 33264 97823 94087 41843 11514 17822 79294 47277 2547 89681 54160 78850 20388 92272 56925 43347 4517 1354 36426 69090 32977 16346 66740 2756 72565 66530 89491 85149 5461 90707 43152 15069 13382 28631 9883 60153 47656 4640 18680 99355 58154 1121 63280 10254 99024 51658 59618 68872 79068 23080 44042 77451 69287 18325 33176 11784 3350 83436 58512 27205 75224 86881 41922 92987 75085 22970 86867 91863 34526 9088 82904 9502 31818 6217 83130 12142 83456 23254 35157 52935 81080 83473 16989 67924 38452 19907 96760 86685 36688 61319 77273 30896 59627 46958 46833
80638 87546 42988 66878 58833 9147 63501 97820 11415 55815 74938 22882 22007 84227 75939 59665 58123 1072 12499 97340 61573 383 36455 50628 82191 89367 60076 60798 11204 24459 11936 88071 76578 37801 48350 52520 4121 95245 17719 92361 58254 57326 14985 57238 86877 52585 33331 33749 50915 44541 20129 10524 75437 67362 7635 31156 28581 29069 75024 55051 6586 24874 72243 68746 75574 35506 43092 67666 25357 79329 54613 68429 63753 40977 39417 94787 95810 32969 66637 63020 84129 25856 31390 27763 78789 78955 98052 8507 52297 23814 66479 14249 92402 18307 88860 59565 9284 94000 62465 68984 91798 4787 80258 47155 74058 67970 2325 74947 52591 3533 22298 53551 97736 18719 48615 83303 33129 59488 45129 58801 94451 82527 20172 1747 3299 81645 70121 16283
39689 25722 82347 62996 60435 36250 36444 60346 51327 23238 94646 3560 95303 19320 85496 26136 1825 55510 38930 31075 12150 2760 2228 32230 46206 10081 79561 6473 73675 57493 60044 93671 14488 67066 45700 67636 50978 31814 7670 34465 77334 88977 54200 79336 99019 9364 4534 9912 35135 96119 68737 60876 27497 5414 93732 15193 46419 23523 61034 49169 973 82352 96811 40326 97459 26655 5136 88916 73976 33490 70871 73043 90052 31125 35291 18343 60156 44790 41366 78927 77813 4286 65455 68869 1846 72938 1043 37816 29387 45147 59083 41058 58815 42680 4870 26112 73598 49011 63224 28852 71361 78215 38935 56407 98132 22525 9204 99938 10225 90321 91093 27046 28136 83875 33043 83440 56169 47135 87364 2843 24817 42973 95502 66869 7359 46812 30402 76260
20128 39670 19699 93209 32263 4945 96652 60328 67365 68529 77394 40017 80983 2951 2648 13273 35016 84123 45535 57593 93901 73481 45266 27442 76589 41868 86415 81594 32005 15650 37845 47415 90941 14979 38633 69181 52425 40531 22648 75537 69544 24672 77043 10360 84909 36391 82991 4907 21916 35186 54236 89982 81415 39588 685 63914 81669 27437 57635 13490 67187 10558 91750 70373 71005 33083 457 42917 5816 9289 41678 95826 71698 62132 16577 56377 30989 27897 38850 28515 79694 40047 65302 96866 49531 57103 52169 87972 74811 29937 93518 30458 98387 45663 23045 89706 60363 77562 11407 55082 41023 73203 55107 86566 50593 81837 98177 81443 52754 6686 77686 78173 54411 76610 62133 54105 23734 57987 27875 37921 46912 94275 49275 21123 71207 63529 9534 41805
64977 29510 90641 51113 95433 40933 77855 3577 40878 39071 38840 82909 60845 5875 54771 20103 289 57879 7139 23958 93901 90194 65205 13159 89660 11415 85904 55953 46244 88474 10141 11771 29155 84951 11464 68925 77829 33941 81648 47165 4727 15714 27599 16244 77822 91236 22042 46466 15730 54897 42077 45054 33095 35481 33971 89719 11794 64968 70540 12680 77018 19021 51754 26633 4908 53799 54269 25605 3034 88753 88027 80487 38998 55913 68663 1165 70955 22167 13885 91496 67288 46764 33887 24794 42733 36533 60757 62325 60911 14740 36687 37502 20528 15008 82871 14615 48664 61778 1924 97772 75753 40022 53507 88637 22658 68047 16782 90553 46194 95005 1373 61158 57986 74421 72192 42638 35365 53902 44085 13390 19235 27322 5170 44909 87189 27835 68940 8028
81916 56963 98061 20669 72766 29464 81542 14775 20879 70609 81070 13950 62753 73521 83863 30410 3388 33199 71272 2481 941 93252 4081 20583 80545 835 15539 49520 44286 58282 8774 86411 1014 93235 51074 93504 93128 12441 8920 67417 58935 97312 95309 2423 40647 94934 66994 10030 36107 2368 94997 4476 71586 82678 85440 68448 92021 75233 40915 76324 95930 31764 23990 12547 52116 2564 51099 5392 21298 83175 71826 18201 52105 84002 52648 35565 58214 58133 16152 28048 35319 13730 45280 73129 9990 41513 17855 12622 20581 14534 7838 20204 25135 71218 52361 56544 64132 1837 36790 64605 69235 72267 26371 98724 16597 6451 61631 28244 30886 17044 8664 79821 66127 54323 26542 57292 57350 97146 93452 97122 82246 21981 66748 63878 47605 3681 98787 80398
38049 6038 11973 3592 1080 891 93457 32622 82010 53543 49387 83279 58153 47224 26408 34063 7830 45032 42793 98796 200 76793 92679 64502 48818 95712 28745 48383 75803 65482 92029 35897 14866 45858 41922 43791 29853 21909 29497 87251 7234 55707 66610 14536 3509 32689 1056 87685 54236 5220 95200 21628 34778 67057 36614 3687 40781 79386 18747 98670 40465 33446 67586 33762 63744 84417 55640 10257 40823 68840 63834 31640 31459 97186 70767 67109 22201 27835 79686 99959 81302 11370 44778 24436 37068 60634 80093 57646 31331 42564 19273 82731 96948 85764 50278 64077 21330 36250 28517 85599 47305 67043 17539 64827 52901 97891 28994 63919 76448 85068 75064 34888 14715 17158 75438 55785 61903 24720 53038 83876 34216 91697 17507 99295 26502 75348 39491 9686
26499 23819 8893 13004 60121 13009 57521 96047 94759 55498 78414 80138 92554 58080 78724 79118 95743 1863 19460 55356 5187 76901 36193 30086 63240 813 8654 73125 94295 40273 67976 31073 92458 94449 70383 62813 26743 70509 36104 64374 6204 9957 80444 65006 22015 85115 13053 2032 24188 35111 12057 43928 42673 35637 28062 47459 13392 89221 41093 63338 27519 30606 67171 93176 28723 21704 24309 37475 70114 60519 18634 58176 10648 65339 69555 72199 94637 14301 57671 71028 96164 7978 39960 59957 59252 50776 19803 94539 21612 10454 56495 72596 19607 35011 88135 54184 78935 17287 70970 96727 37817 74615 53034 48892 65745 11062 96485 70960 99533 66523 90202 21039 58829 8039 55891 69881 27632 71113 19606 86399 69664 61578 83400 28674 35633 37838 83203 13305
38583 43823 41067 85020 43854 70685 5557 88211 22293 25751 50596 16553 86896 4763 19088 43567 10325 38327 80093 83400 3395 88244 78728 20004 67557 78814 56108 70384 96261 24772 68117 13883 54168 54798 87204 34225 33635 55253 68158 51291 15215 98588 54469 15768 97872 1 78720 31027 97572 61066 61274 15362 55040 43102 48995 1592 52462 48073 24049 56113 1478 23682 21754 77326 56739 54026 74367 14165 84105 51881 19560 69190 58888 53514 62850 43423 59135 40311 24028 73982 7445 30431 21308 49610 37959 2638 61643 70196 93468 68249 95082 83831 97300 79336 10742 79959 17076 72160 10094 48810 1611 95052 27894 70628 6843 92181 75284 46104 22827 57220 58591 3197 19418 48905 52896 79759 71318 99296 91451 70257 63913 71839 28376 64884 47386 88635 16100 49602
16815 1661 17230 44980 4875 72491 86882 42380 17102 31423 31801 55205 39083 26962 93854 61545 82592 45289 23218 51762 86135 19781 89195 39897 74862 72780 9889 84282 93123 6322 73431 79288 2680 43530 31466 4848 83365 25481 50002 31757 36060 31732 69193 41671 59995 30631 32848 70271 95511 83785 66266 53516 73533 36901 15497 39136 84797 95270 65851 93249 54730 54415 57190 17878 48306 78888 65098 89369 98517 39567 22897 52014 62973 33955 34058 95406 63361 71643 98419 8713 35290 18224 9431 74801 65410 72146 73995 57826 62634 12951 68376 76518 19320 94702 21170 9305 93648 20566 28691 55408 94207 30824 75307 12817 95865 94479 45720 12954 32568 5086 28805 27556 14956 31696 80093 67814 45359 5638 83104 40924 58609 1004 57424 86731 22996 2721 66136 88685
56764 98488 38787 66379 94311 57992 99450 74053 35130 50551 45488 93369 60532 82080 4103 81570 79255 55945 77131 23018 34744 63595 20351 6344 69483 68112 29339 68041 52929 15147 74262 50726 42379 72210 78537 56633 45598 41013 82796 74703 9244 41446 66646 69630 4609 46182 34877 71300 57593 32933 34756 72408 22019 89335 72618 21264 59184 77970 83764 48354 81179 22379 46151 1354 931 83338 63821 8015 84348 55282 79009 84991 18921 72088 90463 74826 26944 34156 25136 50226 89762 32631 87935 21053 26627 8637 56409 4013 94057 54584 82809 78868 56833 76429 67709 7091 58630 72880 41976 81441 1058 50403 43991 56348 18367 51251 30326 97792 50628 3004 40592 75013 21997 30376 15246 3405 70239 98944 75834 97784 56598 29237 95828 2840 55015 21321 96356 13600
69738 209 38378 49363 79089 52768 85728 25189 54356 16549 75817 18954 70726 20700 43575 11812 94601 45689 67008 41735 31324 51521 50522 75656 95447 6798 91917 53801 26724 46296 37569 79205 82366 98886 9986 90451 32209 77182 96556 44737 70867 55577 29547 2974 22748 88592 72407 31189 46536 33339 19531 64904 32419 17220 38184 97009 52663 5136 59933 59543 17385 37972 58788 47580 92432 62572 38613 86613 82175 52978 54841 37108 12990 13711 43454 29414 70852 83004 92807 92769 8400 27763 78489 43410 30264 45100 85201 12654 34924 14656 79033 38899 11552 86838 75603 42129 90309 40969 8964 27881 70922 52851 8620 65414 12536 37824 15295 22193 4238 97152 17192 75000 22700 855 71237 25164 14254 45505 66185 26229 35329 48320 83965 23631 93122 96969 68496 14076
17238 80905 70231 82773 11229 61927 11531 4029 93364 92070 31174 84778 17500 94146 49642 55459 53826 49120 81660 41514 36209 97266 5727 33088 17782 90837 28356 5714 16631 71957 32600 22937 83127 49213 99249 52882 2169 2586 93426 2892 21902 85174 88014 33301 78240 16454 34420 30596 11442 89866 87572 5261 89777 16138 89253 60513 59415 48609 70791 77850 237 81010 79076 23813 5745 38672 15378 44862 20472 63919 69383 62434 96872 62379 45550 36206 95519 46551 99219 30013 32028 69904 29115 58476 6312 75850 34091 33087 28648 4395 70835 8039 32592 78288 80167 24144 30208 46589 7400 62827 60914 48694 1743 91612 32408 16240 21927 4001 5849 80968 71883 79650 3441 89307 89881 21594 4922 41342 82222 14911 3772 82589 53535 74264 35359 11079 87662 79367
12736 1361 97160 88839 70928 12800 78385 34416 53524 622 50920 40817 56382 71874 56537 41353 22991 65269 25339 95582 29170 41924 43264 71932 25974 39312 23352 96547 10169 40427 57725 46418 86554 61397 82325 8377 72544 45123 59511 67374 88104 45858 29682 57409 66869 48833 97940 74804 28214 15113 32446 59969 84691 1064 41808 81964 47756 97349 13899 52023 55067 20080 97519 73679 49189 9531 78512 36163 35818 3444 82154 67770 31035 68793 53783 44837 47434 85431 66173 30216 94333 94006 97169 37283 18102 87390 31736 71184 88642 36524 23155 23988 57008 83428 17447 25051 65874 47915 49721 31444 61272 38423 74535 22642 6022 10264 47922 31139 29322 85965 33967 12899 36328 65774 57284 8686 25733 78000 27429 29427 47897 25797 77827 35597 16858 8305 26299 52811
84575 84844 67466 6292 60194 45873 89576 84446 30279 71025 64938 95581 84394 79833 54584 18334 76670 32686 98968 40139 65327 25936 92060 15746 49807 24320 96839 99014 84402 92406 52769 25438 97163 7347 82136 970 11551 70241 31256 67527 31604 58965 16190 35040 50785 8967 77587 12683 51206 12217 60104 93410 28469 30863 31274 61497 24072 76963 95488 43763 64815 77291 15523 44102 36273 59968 24618 34323 86042 10795 25750 14568 80971 76384 8191 57877 47261 32778 58468 88863 57210 50805 74371 35388 9422 41730 5812 25198 70349 22445 524 28993 81313 11711 76589 43560 24094 50878 74489 87588 63657 62579 20232 79641 81116 3251 56538 45776 42649 46147 39191 26806 33130 11021 44562 60891 51064 26476 86677 28662 7015 10366 76477 75251 7251 91640 66964 22240
37742 20639 28851 42825 79574 31258 72103 56627 8204 31206 42497 95094 7550 31280 44899 79658 3298 61250 30602 76943 67579 90897 30715 7086 97582 25691 91737 745 19817 60905 25796 24190 64373 74491 91692 11356 9280 16064 30621 51914 68642 16319 35784 4482 88638 75928 28731 16846 78381 45594 52814 9863 65046 94821 6522 6105 19841 12876 21479 97752 69132 67731 66681 15224 38995 37344 16797 14596 11933 22732 12905 93075 96730 95335 815 37157 23323 29849 10448 43223 1370 78673 94979 87861 55018 62164 74062 22503 74667 96645 96794 94072 62737 18492 53033 73472 98466 18582 34595 23905 38986 91368 72006 89489 80657 62338 30899 20260 4143 54709 52270 37353 70874 52186 45928 43629 7002 11670 38266 10730 9201 47119 73996 26133 19049 46724 40953 72865
31024 25878 2749 87844 13179 8764 95418 89164 91426 82666 96216 79020 23492 85840 50584 68891 42584 59386 74969 71321 63943 10789 48193 27715 53553 26008 59384 8147 46248 41649 58666 29443 7830 93392 51975 12694 43792 50454 1417 18638 88666 72241 54992 65556 17140 22259 64540 91512 25659 76682 49482 88004 40935 87137 41971 64519 26265 16625 28864 99025 14604 57923 95327 50625 77172 75111 7935 10083 51620 73167 52935 98289 46351 7175 97078 95238 52336 16765 21622 20673 52477 12788 36661 54475 70921 14696 16887 27086 69957 81944 2340 83057 6264 24988 3480 11951 89645 74791 43344 69735 24936 8509 55528 63866 83400 47241 89905 63473 10277 42969 19560 91312 70625 8450 90507 87159 57065 87485 8257 31436 66281 15309 94053 38274 61244 69085 33792 31951
75274 97643 67718 83665 35598 70553 69168 45354 82290 98247 54342 98415 75158 63716 57922 79806 75780 90769 86234 55684 24785 88739 71284 89519 16577 22170 80516 70099 55126 96059 7486 77536 80869 20205 59745 23337 99376 55240 46090 98674 66815 16187 21985 23081 18023 93259 92150 43754 35036 55065 42930 30666 32762 71689 76255 2116 24954 27025 38452 21704 88048 47141 92462 34145 5963 71854 22728 76601 51245 77616 48967 16076 2982 7851 93912 99688 14030 48470 24455 98201 77653 39187 96326 18837 77479 1394 40731 65155 289 19242 14495 39404 25788 12349 67984 35936 80178 63193 39936 75734 78567 50170 9169 74727 13685 90317 63620 88354 82410 91552 247 5559 75163 42855 74964 9599 94533 97628 64940 57816 26422 38108 33611 96491 28045 63337 3070 30072
14284 99771 13559 86840 38805 63767 81253 60604 42905 37649 70973 94282 14246 20092 69935 49284 50893 24230 97378 23639 24008 85041 402 68651 83258 17983 78547 5255 22151 71191 18365 47967 88382 44757 69443 43920 87084 51135 43093 33482 77610 667 43735 84147 515 83537 10347 23858 23034 62560 69597 91779 31659 86810 92642 29355 27967 65850 69430 49094 68401 60673 75435 69286 77182 14341 41272 57553 69895 33477 50083 29605 96280 38767 91675 52650 11913 49180 92014 44653 70230 11206 7407 46929 94654 2496 52957 1208 1478 57713 27451 18758 23162 21604 21650 83336 47119 90464 93082 77885 44979 83608 82347 76651 64227 98809 69080 71597 19720 71231 21857 57695 20272 69744 86388 13041 18537 21910 49288 35688 79097 33012 21043 25079 2821 67152 40155 46972
3825 16162 62490 47645 48428 1252 35340 92760 62256 94727 40097 78415 30000 50910 81566 51620 98271 62884 62532 74995 33157 6650 55735 5530 87530 16139 31109 5770 5032 71390 25035 86125 81095 67083 2115 84604 84164 23250 82690 24812 76621 20626 58039 58320 82364 95036 80317 34980 14113 4215 98012 84419 87614 84197 26403 8929 29898 50209 54027 67149 17790 99477 57962 98769 78483 80273 16251 76585 97742 53301 43383 81600 57748 31093 77198 12347 38979 16761 92931 12769 61847 39668 40215 92334 38678 90993 30949 64639 80312 61156 31351 23134 95485 52977 29985 94351 42871 5194 23627 13061 40382 61001 96919 50543 53384 47640 15541 53040 75124 72298 30736 98076 22010 51157 24671 48850 8981 10638 94697 26372 50267 33450 63242 47307 75163 38599 33082 62911
53858 71227 92626 57954 32666 85845 19060 44422 93316 22926 86753 71550 82440 3821 26447 65555 573 32425 71248 20907 78934 2269 25427 87936 50698 1715 92895 11328 18417 48917 15774 23355 95837 48230 43391 97564 19696 29604 17757 58924 2492 87501 49294 86132 91498 55219 56469 47797 20555 67125 43026 54295 47451 24050 84992 10495 19048 59499 36158 61996 66408 35957 34311 48810 31530 6206 24930 25627 42970 72790 25593 99366 10739 98698 66949 41694 64429 87017 82026 97572 7339 78472 90856 28025 10904 84 95629 77185 73877 81719 6854 95634 36012 55382 53876 65894 41025 76778 75714 19387 59767 5184 43481 90475 18455 80742 68105 85701 68659 6535 87910 26570 99319 96468 52884 45456 31524 87029 98554 64947 59306 40978 55774 26759 96024 37140 58068 96275
75545 25780 15337 59918 33964 58146 8034 78531 93801 36893 34960 98545 86621 97803 17225 70267 61475 6203 23195 50042 12600 64847 62514 97462 2748 95909 44781 33657 19550 55374 843 69869 91338 72128 7793 92842 85782 9159 61698 45642 80865 21166 55239 87681 77740 68265 13026 10165 66282 84445 60857 66301 10978 53690 48304 87612 72609 83092 91699 80824 21901 20354 38376 59695 46503 88056 80242 24797 30111 84234 32118 8900 85855 10748 55426 26203 78576 10439 23246 24208 62935 23005 3931 43778 77247 95915 77128 70600 6430 8666 31095 83265 70637 25772 30327 88660 69499 63248 31474 78377 20707 76541 7114 42706 94698 5153 30061 99546 22254 54076 66610 63032 79799 44249 98415 13080 90373 60814 62324 34236 49652 57131 97494 5529 42647 2739 4826 5152
20564 8999 50514 36592 53853 45996 47923 65861 36617 93999 51932 38035 62075 5432 83435 45799 18521 80878 1767 86869 8625 3222 1334 80057 71747 19806 39058 54082 61542 63603 84406 22464 75136 37924 69209 93767 91178 3594 74411 41597 86002 41676 41537 61998 24885 42632 8011 95396 24074 91613 51350 8073 59114 79361 77505 88044 94846 22171 82237 36740 52348 64854 40558 28356 59934 62333 57423 64618 63835 21916 30160 68750 15179 96674 54946 25631 66450 20657 1475 21400 97027 67127 65946 51457 95553 53716 51072 89363 3892 68095 70938 99781 72001 99452 2969 45653 91745 62510 26067 1929 36932 12629 99123 54253 33621 72528 93034 90528 35977 19512 42165 51554 66411 44340 3497 33102 47343 61201 91487 70396 71504 5231 7089 47919 28438 94442 21377 64094
15405 98914 98029 39126 30827 70605 83144 84448 52086 52761 36259 14208 10765 60836 89176 18151 66059 32700 52806 39080 98083 72547 22906 82097 17154 7442 52922 37967 42652 5957 19106 5247 26624 54791 65391 11421 9341 32915 12103 79989 99486 15964 80216 23098 82775 65865 42786 53792 33222 15567 56536 36870 52612 90892 88709 48431 29344 92155 81315 64543 29273 48244 9134 59362 21986 48679 85054 54135 12707 12575 15963 63141 40910 73735 90364 36410 48862 10939 41654 76845 64092 89877 55856 58643 91464 77899 7435 36611 46314 12884 43596 18059 54304 39584 24833 88360 41712 3604 3744 24708 2967 72721 812 22854 10035 21994 38522 6936 76555 64320 43602 120 86084 80621 90493 29455 95192 72813 73970 51182 93309 34338 93798 19499 40358 82079 75006 66558
75692 25908 23495 5378 52754 71773 42765 50620 98244 72745 94854 75353 98387 34228 40847 89277 49482 65662 93701 85351 93555 35715 57053 91497 48863 75441 91384 52865 50530 8335 13307 70935 37921 10927 45828 37924 65025 63011 94982 32801 93347 9432 96879 67189 10059 85837 2342 21790 40991 69428 12635 59436 84110 12480 81536 46561 15280 79127 4852 3815 85627 2371 34694 9322 28149 76674 44158 12045 72553 52295 37486 84537 12314 44448 59369 96883 76196 54503 6675 79392 80014 50328 45375 42744 93659 95257 63453 6960 65747 73293 33995 67765 94294 81225 26761 45175 28006 24619 25978 23515 87319 63113 32900 70011 57847 150 42885 85986 58136 96666 20171 64899 75300 67273 79920 11766 65404 33836 95907 44062 24034 21090 15460 46325 58369 52151 34191 30984
84366 5817 27819 67389 46267 13271 60225 64916 50102 33515 22109 79272 54071 78896 62734 97280 74665 30274 32683 123 11528 12402 80112 14073 79027 38883 27873 98707 87686 78718 32272 92227 25182 44213 45309 46816 84923 99199 52778 42883 85986 16660 60044 40717 40863 92903 1711 89546 86145 74046 63941 70192 70937 89517 97572 72261 99026 8471 46319 52999 31317 1452 92157 11305 75470 56866 33702 39179 85772 94253 88516 14653 46309 23207 89606 98455 43827 75817 97163 52586 43498 62121 35793 44453 33769 28193 36483 88909 97375 32654 30131 72580 7591 51113 96571 25808 38001 42563 61372 33 13435 8137 39886 70650 63369 3027 14810 98713 56169 89739 39332 98015 17288 50751 73345 64207 65118 28661 82595 47720 83973 65251 88258 89741 26779 32502 30618 29365
93359 25754 78307 3823 13602 44438 86665 74290 5104 16357 11025 47963 94855 54150 62301 59144 94214 40867 72423 93182 51725 62522 68741 14686 76605 44008 54328 23143 26420 37259 47576 17010 82703 47069 35129 8961 3008 21413 3910 26815 63119 38432 39010 79424 4466 50543 77471 11250 99309 31267 51776 36769 81947 91888 92921 36665 26588 72212 23793 89337 95981 32981 66961 2397 39472 46042 24625 39109 96428 30291 79762 43290 57752 98705 16445 54510 26569 96197 58629 33456 94371 50231 64345 94066 15386 34833 41898 97242 31581 96279 87861 3093 78591 3914 47392 733 10836 42140 31012 62080 81392 66098 36447 71301 91370 169 23354 39761 50316 47356 90649 23571 40589 98519 16119 61828 27140 29183 35070 46197 98628 69683 15014 27824 39805 36327 65155 84929
38378 790 77543 27532 60679 86423 94458 92674 99024 12548 79802 29282 35261 11477 38641 82595 17172 79406 87570 14179 39510 72803 41435 85530 17730 92999 45865 71034 10995 79318 24260 89199 10782 66134 4651 95902 27361 43406 6114 38277 221 17903 49494 30095 33935 79833 31727 31379 27908 45109 19178 39377 52986 21994 71329 48823 88772 79368 89079 85100 20277 17085 72207 1875 42464 7780 63278 15618 43457 56098 38031 5642 5632 43271 89038 28334 60901 38577 65094 59896 1716 68039 24643 62751 9529 93954 21932 83889 51923 29096 30854 57261 58267 59244 269 80267 93624 94240 18106 64745 32982 32602 98261 47578 17981 60019 21922 40017 14021 57862 7743 13157 40400 69757 22306 15071 74084 18313 94914 98576 15970 64551 95628 65603 43393 12713 1258 84937
6157 87498 24526 8029 22640 68078 90967 60814 41664 70840 1570 7733 92283 90095 97993 86298 56204 68130 81604 88022 76519 58041 70719 27895 91777 55584 56796 11654 42857 13473 62967 47343 13248 49814 30076 61391 85854 93934 99928 10779 24735 2979 67013 27880 84365 65283 28391 69255 4850 9947 65553 94037 65701 86843 8266 29077 98111 27856 84928 81682 52137 48120 768 60839 16082 79059 24852 76469 14369 61985 42775 28223 75005 61989 54105 43683 58745 35521 3586 70719 27718 82202 78057 56972 78885 5203 25064 72122 65673 97696 5082 11808 19440 91715 50358 80632 82274 33883 34451 56667 55907 5050 93294 25926 38446 95456 77383 1788 94318 90808 51127 98948 20174 65319 7603 44120 18666 17952 97549 90219 55891 85214 60033 74425 57469 23904 32165 88896
86223 73427 39133 63489 54690 81883 76193 54771 43727 55833 14687 69599 18691 82804 22279 88450 27960 353 32235 7615 56962 54298 70121 1694 70612 12229 54810 96505 95950 62192 84608 94425 20575 6755 20035 23012 80478 77452 72100 20977 18876 40130 85927 10249 70485 63805 74147 95930 5332 33988 97826 75419 81322 10780 33567 7359 62496 6661 55669 49155 23226 81655 92134 97993 30770 23425 91763 67067 11968 78291 40524 85993 73537 75815 62955 59463 3319 68034 25405 90370 6363 29949 32111 83630 4524 55798 119 94082 9480 23099 72278 90207 44590 59917 53902 28814 50673 81766 44204 65483 79712 17701 18984 74021 22860 41201 65426 22054 45206 12100 46727 85447 20694 39440 888 45799 11817 70545 60999 97180 14755 80935 15832 31359 784 5826 19340 13903
3103 67330 98408 64947 83646 62845 13604 52750 2790 59557 90060 41843 39191 55700 44227 34918 5938 89834 47603 79490 39642 17894 99 85525 92849 68022 51746 71061 5089 15518 87261 70636 16198 45531 52061 81495 76722 49436 5431 93775 12020 17919 81595 17442 21250 73469 25322 86126 55469 11065 20158 60025 29874 87054 93209 91240 69908 8119 16247 64987 91662 63776 43431 22103 28363 19600 41016 54958 7164 93603 77871 65998 13870 52190 53618 87461 49128 21797 13156 94212 57952 15119 95549 38215 26038 85490 59527 39052 25181 68514 83645 91496 38334 13846 70784 58032 94465 79809 84483 69945 74833 61895 83049 64739 91024 4304 51604 94803 14924 85262 1198 27600 47876 29451 55854 58497 53095 82306 49012 58406 93293 9377 898 34126 37754 51607 33706 17324
99504 82555 26170 59607 48753 95099 91921 48559 47956 12789 59865 11120 41412 2649 63444 45333 32783 39593 83978 10035 1692 62955 8522 9903 15281 3397 39376 88168 37953 18619 38206 45957 45323 84173 24961 90211 14829 42228 99981 31379 20523 96720 948 74393 95714 87718 94518 53483 93830 98186 42849 70326 50252 17026 48265 57595 79009 42569 59137 31174 14911 90304 92781 76930 74585 61995 98974 62999 91176 29354 6787 11196 26987 93671 7679 78493 52112 93005 97117 52353 35023 58142 59130 66593 35723 21555 64101 14588 60228 81451 26526 45408 75773 78822 43504 28371 71428 20728 69371 2666 25458 70487 9888 69224 8514 70514 88017 67427 3762 3462 31616 74987 19623 96794 22847 70958 91350 81242 17377 84654 81225 25954 52993 37692 43789 92334 13093 62589
81317 63502 53830 61585 97927 87423 78669 98625 25590 20103 41348 72410 2434 7240 94849 64234 84209 93634 98408 23218 20479 7796 29755 11905 15804 32727 48362 46432 16276 45387 67987 5970 13798 15466 75637 87172 56381 7102 6568 72631 63285 90901 34275 64976 35700 80558 8358 90686 28131 83283 35779 68509 58073 82861 97348 78899 74960 8315 55353 93548 91082 78096 40387 92486 71538 20964 20510 7827 91071 98887 49359 50728 72407 54312 2370 24570 89965 12096 97601 35186 29240 54205 30592 62870 9752 96431 54586 52266 25420 43696 94950 98083 3690 27344 50065 33563 37104 13639 59867 54053 43048 97306 76977 28927 41026 87852 39439 558 1273 58052 96291 1997 53918 94634 6406 94999 89803 60045 74714 43316 18637 8821 13546 64173 69798 247 91115 53878
48312 53373 3732 20476 9136 39268 93627 58252 88727 55730 50314 51850 61506 3664 62010 48589 43105 30077 91775 66640 14244 70757 93452 1002 72973 18691 37733 43639 21108 55835 61818 89008 18100 67754 80385 61288 10213 99578 55571 48836 83495 33331 61697 4226 82354 92516 49094 44263 92955 64338 83329 23149 49089 31619 22292 53598 2331 70200 92580 6896 64154 35206 71809 47309 38087 57102 91428 24020 45948 10825 82855 99765 61297 78265 29629 45975 70519 1017 20806 78684 1481 59078 90120 24389 58309 36893 46222 76375 7495 13056 79584 11640 92284 45867 38878 46245 28175 84278 97375 87647 82532 18630 76490 82811 44439 64593 76933 93223 43786 67501 73713 44797 40685 79322 48279 45389 44465 47436 73477 41827 28848 35037 94142 21381 92262 1320 34465 27701
39106 52814 22120 28313 2916 15009 65288 85089 99087 5396 32609 85367 20054 28197 94116 7758 32394 33142 29787 27264 29969 83569 49699 22791 74029 8356 86423 32806 86122 97338 56032 28378 58718 73180 76064 35665 75338 85231 38421 67301 38399 52764 46932 24551 4452 29959 22559 85602 94204 48221 38677 9630 49816 22885 68154 69735 49826 44314 2767 50045 41242 57386 19787 53394 53078 2724 35755 65402 48566 22851 63241 47961 53444 20732 34510 55001 82159 2834 87512 41771 60312 97134 73040 84607 28010 60301 45807 49839 8605 50931 2592 20312 96428 10322 68547 93106 47125 23505 47352 87307 16578 44530 2694 86697 39708 79029 23173 96674 34308 53926 56942 8950 87544 9762 77845 74132 89268 60139 37897 89055 76034 46217 98399 67887 12564 18435 4313 69969
24448 70096 31541 10340 30943 33184 59990 51559 34149 90791 627 94932 74897 27375 62313 75719 71695 1284 53788 637 96018 4175 21118 44980 31281 9031 11163 94341 19648 39383 36990 82496 48809 65862 49884 92236 4869 59419 53197 85717 94393 10816 88671 67983 10446 86966 76260 30175 7381 41480 92413 41997 28300 39397 42794 30417 29646 32077 35065 13317 86977 63477 25142 89044 3345 56051 10240 11088 18093 97976 28801 54957 45482 12869 83409 32942 55375 90387 8582 17644 91815 90804 11092 91352 57454 33175 85366 49742 85577 23531 62263 24712 61713 17588 72855 42312 49571 97071 69596 99338 25056 13982 51064 21819 96459 50482 28534 80256 67578 93258 25424 80547 65473 35777 8115 3629 45479 93279 68832 80088 39406 75975 42424 43603 96443 44721 60982 51485
93396 48299 29849 98332 64853 63858 33662 8721 63644 15482 1158 54784 45940 29579 27203 77328 66324 28308 12283 21551 7389 10395 3249 62208 13635 2388 51689 13754 10560 61893 48630 57995 9219 81055 76925 69555 43560 15699 20183 63586 37751 88740 28630 1723 25303 9916 1058 19657 23218 15291 7981 19552 29788 39134 9845 820 74655 68039 28407 62479 24583 75384 29789 65303 12968 12627 65796 64187 18184 75967 68545 18136 12560 98060 40470 93980 90165 10585 29173 26530 6373 34424 59695 96652 31814 32050 58361 72062 79507 51864 41441 22312 28863 33314 44698 27287 2085 94530 88201 4496 90266 48361 80466 63827 80468 24041 48633 99284 44336 35587 23406 92717 53612 66198 46055 88484 8921 11455 10044 54467 85996 91965 27018 93734 37806 90138 52780 76836
42267 44499 62779 64378 73159 51359 88598 40322 63721 30524 16862 43497 43764 98726 9695 13270 77677 63367 96651 96733 43540 25479 40809 5900 14369 55780 72703 37600 58475 95473 47783 62522 61484 14340 34214 26947 11543 56920 62231 35534 2855 66201 51908 95152 43243 79355 49177 67626 28513 32006 93364 75109 41153 63666 82560 70248 74134 12377 28512 14101 80887 99195 49981 31145 21775 17593 89148 42890 61782 22249 49914 71094 19804 14690 5058 56276 79688 63352 30598 12543 69605 15165 48503 15873 62017 72598 27430 14161 8032 75657 62830 49607 88035 83590 76740 49485 5886 33531 46497 66398 38325 79203 51318 13643 97185 80195 98327 42113 54218 14346 92037 14733 90634 20569 95745 57289 39279 13840 87763 77663 3751 21670 93047 51991 84190 45289 64670 78805
75322 73075 69452 31621 57172 44437 82684 34318 41853 25895 72678 26255 25818 77794 78305 18675 76994 51254 19129 39066 79728 31256 35339 20537 28744 36011 19688 28883 22975 9514 35712 21225 54967 96737 54813 49721 24829 29581 68886 80854 22822 21036 78031 5871 43601 9811 88715 8520 97884 87292 24854 29113 27809 30068 34238 53818 93515 97178 78513 82784 59997 33677 40272 34416 71176 24452 15564 62385 33310 44904 88969 88637 13540 95907 56065 89417 42247 28472 27306 9781 12077 16385 67081 88824 57464 25386 48758 40372 12389 81914 99903 6513 75743 70652 64704 46254 92293 51386 34186 20457 69518 68921 81264 32331 55334 75684 85172 62349 68541 683 71053 57419 92348 42402 23806 27902 90818 79693 80459 14327 75133 42278 45984 6855 82464 66500 27173 40683
50210 62760 27630 46925 94280 74949 97383 33200 99770 12275 29165 38001 68558 54688 58391 99080 94994 83664 43283 22502 2596 10301 54740 47894 67314 79362 75503 63816 62434 65059 2377 66088 65913 99713 4032 31990 9522 16954 36302 82044 87384 15841 77098 78989 30760 1140 62666 5501 94400 92965 86252 56755 86937 54938 53550 16781 77794 82737 30805 86455 20835 4692 88916 61336 735 30560 91741 59506 35696 1810 41915 38661 29417 59108 26218 21441 85640 757 95570 86182 97999 39148 93957 16798 77545 78756 70962 96505 29408 29433 8927 55878 46778 40645 80652 63081 5339 12405 90359 6286 25554 13468 41812 45230 16339 35997 86867 98697 43691 74220 94093 83274 98884 76915 20967 33185 93328 18151 23319 65225 96095 28083 96921 65252 88012 91012 83233 48623
74508 80942 83657 41738 31863 65138 57340 64991 72776 78487 47155 25176 60387 86862 95411 1462 53361 11619 69463 15805 37740 90384 23056 14562 93203 34521 77332 88694 4878 36821 32393 23199 8038 2780 36237 48437 11983 92037 8058 25354 98676 90065 31691 95583 62184 21909 87891 24883 43071 87157 29385 40584 37145 99646 55563 83291 93399 43502 28512 36388 10132 17890 42554 49798 74592 17006 12733 78059 7341 16027 83235 79189 28781 29835 28399 80508 76711 65938 19643 88016 41183 51599 88363 75796 76563 66808 5716 82782 63506 640 58458 35921 97995 34025 70253 23488 96830 33605 59049 26202 60957 87922 54343 53299 42158 44764 98938 45533 7690 76681 9968 58024 22898 35608 16633 26537 79207 17906 59486 64684 87787 39756 77835 20720 73340 56236 45947 75913
83340 50974 40238 29292 14212 34764 60082 48887 41917 14130 74262 43188 88615 84882 46344 68229 67794 21781 99739 79896 2162 73183 28788 82954 82421 21270 96809 25170 46304 45485 60453 40665 33024 20698 42381 69924 98081 49373 63710 16729 11611 87511 27394 68866 23011 11766 27753 12482 38183 49315 38367 65510 53352 29815 8394 18437 21169 87753 68031 6368 16199 92774 86677 5058 16011 68429 45472 70482 12378 20616 70014 45006 83300 1779 79716 51471 13725 53599 60676 71474 17118 76091 23201 22946 33854 79114 97916 92812 18487 80154 11464 21341 10317 54808 27970 22814 70120 72753 65125 89159 4004 36203 7936 89227 13083 45103 39249 43708 89053 63581 41995 91195 88477 88110 94046 51008 92039 38243 43793 27501 36133 99019 86850 74497 25687 60510 45629 85770
29368 50708 67338 59208 7325 16543 59112 18750 98235 42340 69311 27079 92513 65570 90138 67106 94152 3445 35234 71856 81402 95048 4571 8714 28426 75955 28811 92602 29945 49177 71479 21065 97361 90687 11366 25133 69554 20584 4233 65610 65802 4763 79830 28286 54081 40313 63524 89634 51114 58721 85573 78404 74478 52390 4223 16622 7671 18258 2809 11589 2316 31978 74881 40452 88296 34796 89407 90126 93685 43156 15926 7686 97306 43335 36729 66996 39932 67319 34905 2732 91910 59309 68036 53352 69431 8280 23110 1283 87800 84767 89399 80973 78861 80876 47774 91681 62827 17226 49527 54482 62531 75850 34917 76465 63891 84221 66676 56669 81904 70760 18357 75962 54262 52790 73554 97530 95960 28960 18034 12715 42035 60970 26552 94974 43102 54331 91983 63200
88815 70594 91906 74797 59096 49144 6771 94828 33504 93149 93551 45336 45565 22678 31348 17594 23669 9470 98035 89344 5586 32644 95536 70169 50744 78437 36399 49391 88646 99467 1121 36520 85167 42414 56138 21231 43660 84145 39234 52793 12518 91876 55266 48970 79351 20381 78379 57469 67691 80250 2179 17050 96492 15029 4626 99551 6480 48932 16913 53068 96061 52517 19297 90659 9060 81706 67404 89464 42019 26284 8423 6853 63191 70687 55341 93150 56132 92302 45116 65315 58569 94123 45451 45090 34132 9202 67498 81787 16235 50223 56506 31984 66886 90352 77853 55506 8198 64855 15438 36267 74646 89625 26991 16096 7942 57591 11238 71338 54228 50337 66008 38640 53643 13938 11843 31539 81115 81019 67475 71566 94606 57745 61581 17766 10495 4947 21209 99902
3788 56764 61906 62645 13677 40146 71077 43028 89972 59668 32214 84590 38632 41729 8684 47027 9033 3231 59013 97182 77366 52546 84067 16070 29667 39478 68659 65175 24920 65281 54666 79451 23489 10959 91534 80290 31962 67459 73093 49886 17258 27866 96176 21862 9157 23515 67127 53902 58484 86782 99355 47274 28394 25547 60169 51616 51629 54849 78496 18702 76528 28581 5598 90510 89042 18973 83079 4573 41925 81823 22910 34865 78680 48142 53613 53405 6329 95351 51860 93711 79269 7906 70116 80434 27526 60615 50519 82003 78614 30035 90448 28313 90557 56134 21125 52271 38669 76598 51446 84992 52914 15830 27225 48202 36394 46515 67001 13633 10496 82386 99296 96964 9038 94504 17939 3698 52809 40477 884 58133 36362 40144 70533 83170 88216 38425 4207 84456
17828 10963 14607 56043 15308 38752 8767 77522 50868 27751 83838 2439 97259 68143 39909 50027 96869 13111 35987 27846 71584 95751 15755 13621 34997 10979 23530 44846 70140 54712 20829 78276 9 8565 93698 27270 95858 57378 5085 72263 94644 67495 2541 68296 67738 60506 13735 22255 35488 43453 57 43783 33453 94792 53390 27275 52787 35898 38255 2702 74570 8770 51420 64362 19382 47064 70518 96093 24288 32480 77273 79919 90846 780 81752 48611 92380 30223 95965 13823 23968 23944 90551 44043 70670 75186 21338 26756 26892 242 28232 74191 23246 68895 33555 48767 74889 5886 60726 90335 51389 42578 26148 17806 91447 94893 52984 69534 76502 36191 44108 3440 31771 48685 48051 11045 95329 3021 12120 65653 89317 75073 1687 32865 57522 50609 81658 85248
71265 78972 54708 22883 76661 43711 4509 81888 39566 83084 8582 92061 74369 25732 41867 38652 21833 45064 47243 81595 24320 98232 59998 37695 37091 39354 99952 5439 38182 39483 49158 20978 2723 58547 65921 21387 53348 99763 25330 36512 55023 6157 65115 50127 6203 79838 61659 56131 61559 21241 72378 7822 2976 41337 87993 4158 23849 31686 95904 33812 9649 90041 41303 76171 17422 15162 2680 10381 39881 33775 11929 94559 74889 34390 33890 68383 43323 21275 47739 88522 76423 3635 27631 78003 64716 76873 88351 44887 43750 29343 73225 79469 98075 7732 7016 32024 94445 20444 70289 89993 3261 886 11720 19426 38265 99738 93816 53316 53914 52596 46443 9387 9016 95955 57929 25686 56013 92158 46519 66064 1631 53372 78017 11812 57278 11346 3274 30205
20377 67447 88865 63342 61818 9296 59513 8596 23151 93721 18590 91595 73689 9221 24692 1860 83890 1491 42339 121 81057 61448 12160 37224 87671 38121 28316 89509 5752 83167 15979 64330 93338 19524 86069 47913 60734 4577 84283 11945 31113 46217 16829 72508 62281 88072 58163 48011 9219 54480 42740 57140 24352 21899 88726 59626 21137 17636 57797 57687 51416 39256 11019 48803 3436 70578 90041 55305 56736 10586 69046 91737 36791 74378 43346 24638 10643 2754 20408 76445 58482 25453 16969 33224 85999 76654 28293 77881 36777 35903 71614 63767 85470 12021 38985 73627 19055 11159 42122 55366 16255 95174 64644 47677 2010 7502 39527 4538 92744 48588 25771 61669 77063 14124 1629 86644 20459 43811 85961 6233 76819 34528 2211 41701 18889 22185 98571 39084
63531 74658 61787 2260 23029 16796 93517 55865 92030 36450 38029 56868 12879 81974 18202 10824 75199 98534 4032 16719 72503 93962 39836 14020 78471 97621 89258 41668 44156 13505 92706 82971 98022 54249 17697 79020 65511 22047 10145 47668 25608 68308 46709 10761 93398 76115 38882 54882 75790 83105 70022 9894 93680 43278 11293 56808 108 98119 76392 94471 16194 89479 87134 70671 4710 60449 79925 3984 38118 19273 48222 35074 18358 34759 22404 39525 54986 16701 98335 13936 2230 97321 99082 25216 63930 10003 60165 28874 89006 94975 62037 120 68859 93519 97611 92157 43290 19440 69973 99697 24860 98751 62519 27198 66882 350 16706 11429 18575 97381 15718 64482 31953 45824 13673 44750 31134 48175 28532 8562 1155 69072 4823 85839 18044 12040 3417 37209
36042 97622 88315 55506 23095 73925 81794 34683 69417 82973 81437 85132 74063 77378 11373 89631 18890 91249 36802 74452 74992 30057 57047 4555 91975 12815 35590 59680 79791 37203 29058 20681 62655 38702 522 3841 45193 40595 43945 17735 73206 8152 97051 45549 28674 77530 97441 96673 34553 74894 67819 70740 63244 49731 6495 93193 25046 15668 46831 45798 48079 36193 85173 8790 1857 78210 53612 37012 4560 82909 41601 82943 64562 60673 20107 58536 94164 32216 43633 38051 21951 57807 86662 95355 13502 19253 81257 27685 18652 28321 60880 17526 70229 60480 1787 51769 87052 10676 32590 74916 24328 36756 50024 17613 90949 959 58336 27621 4728 87222 57194 98627 1625 10358 78232 413 68023 46673 11323 70086 24645 39821 93401 54527 50865 42846 87588 95843
48337 31424 53784 51267 47334 97369 50011 19110 38949 70163 41513 22285 74718 9983 19147 34460 1530 32999 33808 62909 28432 54053 80229 79099 39647 99994 99860 21542 21854 68845 58319 43025 72011 42604 65742 34229 34536 30742 61445 22628 55715 92482 80640 5322 48564 15479 27 93635 51523 77060 33865 60722 67441 60517 31163 15734 38287 95782 43331 26257 88434 79433 10149 54382 1198 43556 53934 45354 32114 86943 98841 63271 17774 26652 51912 18723 51635 92091 9743 50575 7399 77240 78516 91313 84053 75351 50321 37550 54091 739 54378 36475 30918 22384 72187 33140 53141 53418 43613 34691 48446 90571 90516 89028 26233 28617 92782 3480 92143 75177 52924 97069 75952 39521 28362 22111 31148 24538 37366 56462 1548 6479 38426 44705 93222 53814 85934 82945
74703 65088 99497 15286 90544 24573 69265 86048 29595 39571 53014 71864 6627 54992 25245 49101 8393 67933 69463 20588 18799 76846 31489 85551 4696 46843 51346 74612 81479 86193 54361 40420 44366 8248 15302 43293 84122 89287 57622 8836 86558 26712 69476 83281 28421 82688 90022 9306 2550 26801 6505 50965 32811 18283 58322 99190 27066 46215 53590 80501 47175 22258 4072 31524 38987 3114 5892 70971 65507 85653 80685 52665 52450 86067 39510 97441 87950 39858 56798 96268 7625 61138 908 32950 94764 81193 5624 93402 28484 15243 18116 4632 16285 83006 70480 68633 30410 10049 27456 39834 15621 26062 37135 38894 9999 23825 87367 81412 4459 31940 53612 3643 39734 76278 82632 98144 84059 22554 14623 71361 20167 36051 57925 86778 91698 19603 16887 95009
82957 6096 41038 88780 72599 85452 4638 88341 86501 31021 40281 10552 76096 45523 73757 58028 751 87899 30816 73062 72020 74711 2453 16339 16996 98194 36276 78666 29586 68749 57244 5731 93052 63446 94472 31323 78795 80816 74797 91140 87135 64778 57368 92712 76721 18919 69377 98439 78184 14438 93346 91781 31391 11488 81541 26352 7499 89912 37999 55807 80563 62223 95823 30916 94069 84355 61087 17864 46737 76327 46326 5799 11288 80930 15462 11475 92072 72417 24773 59745 59685 15793 24407 51947 72866 26731 98622 26549 90610 63962 98031 44523 15968 55958 1695 96795 94265 11607 72168 75060 18397 43028 6314 28110 93529 43435 32263 75598 52002 63931 20484 14664 92423 88092 94263 68254 47179 1187 45053 74428 47961 32586 97447 19570 19282 52648 31701 4226
78850 34213 21338 75998 72701 44161 5805 66166 82972 34344 74917 86117 80967 15877 72533 49405 30692 50808 21431 48233 26192 9989 75762 59571 72994 66324 36588 28670 80341 48807 85636 82433 95908 14315 21852 26804 57233 53490 59663 84609 85530 52737 59514 53116 76225 29401 99118 8298 31924 3142 10424 61976 58994 79565 29876 64238 92594 94714 44492 54292 2452 37189 34844 22541 89893 98631 6599 81225 36534 58663 78735 36779 79518 24154 18301 74173 99786 63152 72422 69372 86463 83808 80543 30760 75260 70525 24730 46441 72705 31190 72039 34146 14763 81004 17124 66695 67670 33352 20866 20023 78916 99673 81712 96676 34150 96018 25748 19941 29649 62396 83122 99100 59206 52345 31412 59680 83453 97217 62599 17108 37875 54385 26916 27349 81409 87506 56612 40208
89975 85512 13306 15286 65347 66396 66229 92040 13606 56321 59679 60707 22445 61234 23862 27234 64696 69167 75049 33261 77417 46267 51213 92463 4405 60854 141 91765 39102 30104 67768 45322 5312 7104 78107 43983 252 84934 30689 23483 81250 9297 12841 49718 21640 43962 1888 90540 30183 85286 55209 44225 56872 77537 38147 71628 10347 2004 39685 95174 96484 89954 44115 67619 86883 65215 11166 39042 27211 16882 64381 31221 62409 92872 28927 59928 43245 51235 56113 56117 67996 62885 29236 70161 27684 5366 67483 14206 87888 21060 23033 43860 46083 33973 2809 79279 1551 65612 498 85871 11734 60998 57017 82546 62440 46187 56590 35413 44240 92033 31519 44927 49039 37549 29098 63905 51220 85055 94892 39380 38419 45802 27960 82658 80910 66592 49498 63415
20062 97993 2599 31218 19332 90752 89004 10331 19452 45865 86315 94904 71059 70227 70518 15354 67088 72644 27367 50500 94246 3461 36657 67958 60532 31489 66157 78260 16081 9198 66732 72759 61212 50573 41175 73544 39665 78096 23874 91858 44017 28641 67770 96366 14585 16876 24159 31295 14733 29946 54637 18217 32695 75463 42691 21260 7136 31594 68096 34168 27896 70615 72348 88152 79735 43126 47706 34873 55220 64673 85032 63442 88126 15046 71275 11777 69286 69976 44708 6966 67110 71772 1886 55234 28447 95310 40346 5087 72854 62170 90579 60147 49249 14560 27272 81402 42994 58633 40772 97440 95968 64015 47542 451 16594 45969 15395 69671 9193 83471 29362 92939 33177 90502 18459 29062 12505 63319 67397 78758 8673 64758 76447 5981 26569 25784 86777 64035
38596 56954 8320 13018 88646 90539 92395 65965 41742 22651 16071 19563 35817 2501 36424 30432 2031 65796 75598 38014 33550 62215 59951 43587 38404 7471 36258 48488 32545 54692 88158 63016 68368 50836 61396 72656 20419 65583 35198 39409 90348 2606 83404 47501 25645 1275 85212 68373 95080 44055 66387 81377 96407 23059 94279 44160 12120 62181 28554 56111 6134 62209 24152 45072 13204 24920 80319 73202 60373 50605 87500 2357 36224 39129 74933 53613 70666 53433 50082 91880 78445 49536 91130 70996 22868 6020 26374 5873 79938 88046 94802 57571 55878 40254 54119 4506 29304 47841 43792 23969 31405 63886 33022 93224 24867 88391 69618 96884 66465 99979 90685 13503 45864 59259 97478 51517 8031 56917 33204 50338 2738 28080 61334 45937 92881 37362 10163 87062
44853 99781 86668 59405 55750 25942 64377 63129 99618 44816 19328 41910 36891 13674 67560 66026 96454 61776 41579 87497 91608 73327 42105 51363 89423 39309 49510 99793 31628 88791 30924 8105 61881 29633 75975 75576 83738 40253 66035 44446 34975 99378 23714 52754 39020 81983 49609 57655 32954 25184 85214 94656 89358 24043 46787 23811 13045 9935 98788 29275 86993 90032 8320 75352 57341 78638 27776 4552 68097 40703 67521 74751 55753 69529 36532 10048 44994 40335 42035 40038 19234 43844 83824 98619 10494 67333 52572 78412 31413 14926 94991 42513 96130 93534 47963 94841 80007 69281 77282 50144 97613 69911 58369 72385 44251 84196 56010 57424 57321 77596 82330 74694 60462 30724 65923 31493 27603 81072 47879 68238 12328 75924 51634 98691 41390 29957 599 76054
94341 69683 40734 17403 88446 16016 22491 32141 35589 4796 44997 55322 7262 6880 46370 54005 22464 55816 14769 63743 45007 33530 6230 48334 55814 92296 57354 58849 48725 95699 67966 64918 59112 30518 89663 17083 32567 38437 43089 60122 26893 65658 40155 80151 54764 63214 35187 71849 18398 94908 70526 92737 14175 70476 58386 36342 34890 25955 13198 65749 78628 38308 4106 36714 37401 10642 29025 64722 1571 51373 81477 87668 51212 32505 74615 79305 6110 63311 43649 7242 59169 73500 54410 29923 18014 59468 63233 72162 59980 40870 32752 45082 22866 92720 76451 77629 52656 4896 35598 85730 50383 79500 65826 46807 93000 36958 53185 2688 81800 70764 59070 86154 34944 8261 40482 92785 75327 13118 56891 16643 11671 28497 43858 52813 24686 91795 33027 47171
53353 94415 88123 67024 70424 45246 26849 37275 83437 97349 46842 6961 19020 99422 29696 79011 32466 41872 86128 61330 63694 45076 85255 65517 62002 69413 30442 10251 96521 85682 16242 21049 25423 86911 82984 27090 76764 68904 63596 79244 42721 79510 1679 21803 72107 16365 50126 80264 36940 98844 71087 14951 37056 41645 43759 71680 40743 93988 50995 74783 86186 77641 3521 56535 97502 30506 4636 87076 77523 2506 9987 73720 33853 35830 51800 6585 31625 78036 62085 62704 61561 70989 2147 70917 88845 92990 52220 49011 98236 81664 79812 40580 82117 82603 51764 21827 97224 58807 86473 60973 52873 42015 13722 83341 4185 72755 46932 4688 88681 19146 70708 28482 42866 95707 58729 30336 57281 94168 12618 41873 94416 33233 39654 88553 13027 25132 77635 38086
33602 41008 59188 42819 52541 97367 74877 35488 59222 64279 6332 54896 68127 86525 24793 28819 8447 95659 71064 90852 70787 28742 69543 92900 24471 88261 3625 70833 73860 58405 47710 1378 35313 82863 42555 5710 1946 42520 43323 63766 30307 84711 53913 27462 82070 79534 31536 12117 21685 88718 27231 89415 63042 72948 78404 31340 13695 85270 98852 97115 19605 89385 77113 55268 39060 66820 25556 90951 12126 3601 54547 22099 1661 27141 56739 87040 44012 79401 9032 53625 62573 84712 46758 24852 89261 99073 96362 64483 90937 72531 30517 19610 44785 6605 3082 15233 36299 78715 48965 89269 60642 80364 24764 45186 9346 62433 75949 94358 95479 95369 55451 68957 42980 58478 8435 50603 47355 47093 10576 56490 74943 66347 61825 4303 76704 57386 66788 29819
45392 65615 47227 44713 47764 41318 30730 24525 69508 14235 64787 73623 10672 25560 40097 89815 67441 52355 29 28834 13633 73476 97773 86786 38880 96126 64900 55257 84821 26473 10364 85579 76467 72132 75825 4629 69070 44876 94082 34782 1959 93217 12344 45613 29933 39997 24032 57338 81728 65301 98441 71197 58302 207 40215 77546 60621 72206 99296 64713 18486 8042 26283 88995 21927 10733 91260 22747 33837 42706 73649 9386 98915 97994 14295 20063 40372 9060 30646 49992 39451 88580 16913 41691 92752 18570 53633 36363 5241 12483 25693 44382 97663 65941 45511 94708 82176 75668 8062 48593 38088 44695 25239 7366 36842 90763 99109 42586 1653 79261 54163 23151 47800 85595 93801 60257 47963 82124 32840 89142 49960 49873 98157 94991 65535 29325 28118 55032
57286 72227 45988 3054 61651 92856 70954 85942 25654 24253 71536 76431 49292 37786 20429 60532 62152 49249 8985 25115 37383 39116 56407 22930 48557 6152 28316 94651 95456 90755 70138 45821 95463 86983 27405 21992 54085 21918 73126 68878 34502 98533 17111 12696 44676 37226 81901 96475 36301 95711 2399 57051 50278 73404 52256 50395 21308 75220 78096 92962 35998 80088 67618 12666 10812 52886 66630 3137 44122 40502 57909 78017 57662 61816 32392 24483 67328 44684 37691 94772 44724 48606 97029 53466 76677 22230 25983 34471 42744 71963 88344 19610 55048 93683 67075 91857 91939 7523 61642 70298 21981 28597 23577 7922 2960 26339 15050 35015 90478 32122 37744 22004 19392 60178 242 69789 39168 90744 77137 32102 85037 58283 75624 61515 83728 49544 8690 68493
39493 1287 68269 1471 91402 98606 6124 73162 42468 66445 3581 16403 1600 30444 12945 29695 33540 57965 21449 65193 34648 30493 70567 49683 64502 43565 41458 47550 33339 86959 72538 61889 6290 54995 33751 35121 54923 22077 21128 13675 67338 39045 42416 55659 29959 75984 26432 30352 78186 4628 7550 30744 60226 29496 40366 54260 27643 90095 49917 81974 15229 30242 78178 76872 39397 43940 3254 10543 70032 48779 63228 82678 89530 429 80114 82192 66812 6134 6358 5229 94317 21020 32133 30256 59141 99666 43533 5736 52754 56041 47113 87152 94501 95927 11911 49357 24168 90827 6306 52405 21879 75795 29841 11436 96622 70659 48279 61136 50988 44202 98112 78557 35373 77197 85522 91929 86615 41979 32194 14183 20236 82898 56007 55978 40321 91257 28376 30326
918827 527179 288855 333939 788611 214341 1120433 677787 1099407 259193 518412 941238 1062195 1110983 619650 241273 1163186 1105640 1297418 1177083 98679 187943 78911 722517 790943 771801 185258 1046677 985310 196857 40350 619888 179323 438650 1004582 1481718 70946 185912 451260 286504 825277 662158 258349 752332 371868 739918 250893 922745 56496 675406 161968 226752 71593 180747 874974 642957 411816 777426 1377054 620995 260431 801140 261186 1266525 267434 923810 716111 1003151 422069 752195 347896 676070 278960 1009042 1013499 377153 3568 511831 964995 505241 50813 1071012 263376 669594 1021278 661522 575817 222470 8214 904514 245017 787484 448232 186745 1145061 1125144 1294436 53531 385781 1047478 696933 511288 169233 1322900 426626 338534 476494 90514 224426 371071 888770 1514834 231438 640123 211773 419354 1315691 1083128 725710 325146 1312466 965721 807578 1350163 1284049 107755 274944 928348
