64
0 1 1 1 1 1 1 1 1 1 1 1 1 1 1 1 1 1 1 1 1 1 1 1 1 1 1 1 1 1 1 1 1 1 1 1 1 1 1 1 1 1 0 1 1 0 1 1 1 1 1 1 1 1 1 1 1 1 1 1 1 1 0 1
1 0 1 1 1 1 1 1 1 1 1 1 1 1 1 1 1 1 1 1 1 1 1 1 1 1 0 1 1 1 1 1 1 1 1 1 1 1 1 1 1 1 1 1 0 1 1 1 1 1 1 1 1 1 1 1 1 1 1 1 1 1 1 1
1 1 0 1 1 1 1 0 1 1 1 1 1 1 1 1 1 1 1 1 1 1 1 1 1 1 1 1 0 1 1 1 1 1 1 1 1 1 1 1 1 1 1 1 1 1 1 1 1 1 1 1 1 1 1 1 1 1 1 1 1 1 1 1
1 1 1 0 1 1 1 1 1 0 1 1 1 1 1 1 1 1 1 1 1 1 1 1 1 1 1 1 1 1 1 1 1 1 1 1 1 1 1 1 1 1 1 1 1 1 1 1 1 1 1 1 1 1 1 1 1 1 1 1 1 1 1 1
1 1 1 1 0 1 1 1 1 1 1 1 1 1 1 1 1 1 1 1 1 1 1 1 1 1 1 0 1 1 1 1 1 0 1 1 1 1 1 1 1 1 1 1 1 0 1 1 1 1 1 1 1 1 1 1 1 1 1 1 1 1 1 1
1 1 1 1 1 0 1 1 1 1 1 1 1 1 1 1 1 1 1 1 1 1 0 1 1 1 1 1 1 1 1 1 1 0 1 1 1 1 1 1 1 1 1 0 1 0 1 1 1 1 1 1 1 1 1 1 1 1 1 1 1 1 1 1
1 1 1 1 1 1 0 1 1 1 0 0 1 1 1 1 1 1 1 1 1 1 1 0 1 1 1 1 1 1 1 1 1 1 1 1 0 1 0 1 1 1 0 1 1 1 1 1 1 1 1 1 1 1 1 1 1 1 1 1 1 1 1 1
1 1 0 1 1 1 1 0 1 1 0 1 1 1 1 1 1 1 1 1 1 1 0 1 1 1 1 0 1 1 1 1 0 1 1 1 1 1 1 1 1 1 1 1 1 1 1 1 1 1 1 1 1 1 1 1 1 0 1 1 1 1 1 1
1 1 1 1 1 1 1 1 0 1 1 1 1 1 1 1 1 0 1 1 1 1 1 1 1 1 0 1 1 1 1 1 1 1 1 1 1 1 1 1 0 1 1 1 1 1 1 1 1 1 1 1 1 1 1 1 1 1 0 1 1 1 0 1
1 1 1 0 1 1 1 1 1 0 1 1 1 1 1 1 1 1 1 1 1 1 1 1 1 1 1 1 1 1 1 1 1 1 1 1 1 1 1 1 1 1 1 1 1 1 1 1 1 1 1 1 1 1 1 1 1 1 1 1 1 1 1 1
1 1 1 1 1 1 0 0 1 1 0 1 1 1 1 1 1 1 1 1 1 1 1 1 1 1 1 1 1 1 1 1 1 1 1 1 1 1 1 1 1 1 0 0 1 1 1 1 1 1 1 1 1 1 1 1 1 1 1 1 1 1 1 1
1 1 1 1 1 1 0 1 1 1 1 0 1 1 1 0 1 1 1 1 1 1 1 0 1 1 1 1 1 1 1 1 1 1 0 1 1 1 1 1 1 1 1 1 1 1 1 1 1 1 1 1 1 1 1 1 1 1 1 0 1 1 1 1
1 1 1 1 1 1 1 1 1 1 1 1 0 1 1 1 1 1 1 1 1 1 1 1 1 1 1 1 1 1 1 1 1 1 1 1 1 1 0 1 0 1 1 1 1 1 1 1 1 1 1 1 1 1 1 1 1 1 1 1 1 1 1 1
1 1 1 1 1 1 1 1 1 1 1 1 1 0 0 1 1 1 1 1 1 1 1 1 1 1 1 1 1 1 1 1 1 1 1 1 0 1 1 0 1 1 1 1 1 1 1 1 1 1 1 1 1 1 1 1 1 1 1 1 1 1 1 1
1 1 1 1 1 1 1 1 1 1 1 1 1 0 0 1 1 1 1 1 1 0 1 1 1 1 1 1 1 1 1 1 1 0 1 1 1 1 1 1 1 1 1 1 1 1 1 1 1 1 1 1 1 1 1 1 1 1 1 1 0 0 1 1
1 1 1 1 1 1 1 1 1 1 1 0 1 1 1 0 1 1 1 1 1 1 1 1 1 1 1 1 1 1 1 1 1 1 1 1 1 1 1 1 1 1 1 1 1 1 1 1 1 1 1 1 1 1 1 1 0 0 1 1 0 1 1 1
1 1 1 1 1 1 1 1 1 1 1 1 1 1 1 1 0 1 1 1 1 1 1 1 0 1 1 1 1 1 1 1 1 1 1 1 1 1 1 1 1 1 1 1 1 1 1 1 1 1 1 0 1 1 1 1 1 1 1 1 1 1 1 1
1 1 1 1 1 1 1 1 0 1 1 1 1 1 1 1 1 0 1 1 1 1 1 1 1 1 1 0 1 0 1 1 1 1 1 1 1 1 1 1 1 1 1 1 1 1 1 1 1 1 1 1 0 1 1 1 1 1 1 1 1 1 1 1
1 1 1 1 1 1 1 1 1 1 1 1 1 1 1 1 1 1 0 1 0 1 1 1 1 1 1 1 1 1 1 1 1 1 1 1 1 1 1 1 1 1 1 1 1 1 1 1 1 1 1 1 1 1 1 1 1 1 1 1 1 1 1 1
1 1 1 1 1 1 1 1 1 1 1 1 1 1 1 1 1 1 1 0 1 1 1 1 1 1 1 1 1 1 1 1 1 1 1 1 1 1 1 1 1 1 1 1 1 1 1 1 1 1 1 1 1 1 1 1 1 1 1 1 1 1 1 1
1 1 1 1 1 1 1 1 1 1 1 1 1 1 1 1 1 1 0 1 0 1 1 1 0 1 1 1 1 1 1 1 0 1 1 1 1 1 1 1 1 1 1 1 1 1 1 1 1 1 1 1 0 1 1 1 1 0 1 1 1 1 0 1
1 1 1 1 1 1 1 1 1 1 1 1 1 1 0 1 1 1 1 1 1 0 1 1 1 1 1 0 1 1 1 1 0 1 1 1 1 1 1 1 1 1 1 1 1 1 1 1 1 1 1 1 1 1 1 1 1 1 1 1 1 1 1 1
1 1 1 1 1 0 1 0 1 1 1 1 1 1 1 1 1 1 1 1 1 1 0 1 1 1 1 1 1 1 1 1 1 1 1 1 0 1 1 1 1 1 1 1 1 1 1 1 1 1 1 1 1 1 1 0 1 1 1 0 1 1 1 0
1 1 1 1 1 1 0 1 1 1 1 0 1 1 1 1 1 1 1 1 1 1 1 0 1 1 1 1 1 1 1 1 1 1 1 1 1 1 1 1 1 0 1 1 1 1 1 1 1 1 1 1 1 1 1 1 1 1 1 1 0 1 1 1
1 1 1 1 1 1 1 1 1 1 1 1 1 1 1 1 0 1 1 1 0 1 1 1 0 1 1 1 1 1 1 1 1 1 1 1 1 1 1 0 1 1 1 1 1 1 1 1 1 1 1 1 1 1 1 1 1 1 1 1 1 1 1 1
1 1 1 1 1 1 1 1 1 1 1 1 1 1 1 1 1 1 1 1 1 1 1 1 1 0 1 1 1 1 1 1 1 1 1 1 1 1 1 1 1 1 1 1 0 1 1 1 1 1 1 1 1 1 1 1 1 1 1 1 1 0 1 1
1 0 1 1 1 1 1 1 0 1 1 1 1 1 1 1 1 1 1 1 1 1 1 1 1 1 0 1 1 1 1 1 1 1 1 1 1 1 1 1 0 1 1 1 1 1 1 1 1 1 1 0 1 1 1 1 1 1 0 1 1 1 1 1
1 1 1 1 0 1 1 0 1 1 1 1 1 1 1 1 1 0 1 1 1 0 1 1 1 1 1 0 1 1 1 1 1 1 1 1 1 1 1 1 1 1 1 1 1 1 1 1 1 1 1 1 1 1 1 1 1 1 1 1 1 1 1 1
1 1 0 1 1 1 1 1 1 1 1 1 1 1 1 1 1 1 1 1 1 1 1 1 1 1 1 1 0 1 1 1 1 1 1 1 1 1 0 1 1 1 1 1 1 0 0 1 1 1 1 1 1 1 1 1 1 1 1 1 1 0 1 1
1 1 1 1 1 1 1 1 1 1 1 1 1 1 1 1 1 0 1 1 1 1 1 1 1 1 1 1 1 0 1 1 1 1 1 1 1 1 1 1 1 1 1 1 1 1 1 0 1 1 1 1 0 1 1 0 1 1 1 1 1 1 1 1
1 1 1 1 1 1 1 1 1 1 1 1 1 1 1 1 1 1 1 1 1 1 1 1 1 1 1 1 1 1 0 1 1 1 1 1 1 1 1 1 1 1 1 1 1 1 0 1 1 1 1 1 1 1 1 1 1 1 1 1 1 1 1 1
1 1 1 1 1 1 1 1 1 1 1 1 1 1 1 1 1 1 1 1 1 1 1 1 1 1 1 1 1 1 1 0 1 1 1 1 1 0 1 0 1 1 1 1 1 1 1 1 1 1 1 1 1 1 1 1 1 1 1 0 1 1 1 1
1 1 1 1 1 1 1 0 1 1 1 1 1 1 1 1 1 1 1 1 0 0 1 1 1 1 1 1 1 1 1 1 0 1 1 1 1 1 1 1 1 1 1 1 1 1 1 1 1 1 1 1 1 1 0 1 1 1 0 1 1 1 1 1
1 1 1 1 0 0 1 1 1 1 1 1 1 1 0 1 1 1 1 1 1 1 1 1 1 1 1 1 1 1 1 1 1 0 0 1 1 1 1 1 1 1 1 1 1 1 1 0 1 1 1 1 1 1 1 1 1 1 1 1 1 1 1 1
1 1 1 1 1 1 1 1 1 1 1 0 1 1 1 1 1 1 1 1 1 1 1 1 1 1 1 1 1 1 1 1 1 0 0 1 1 1 1 1 1 1 1 1 1 1 1 1 1 1 1 1 1 0 1 1 1 1 1 1 1 0 1 1
1 1 1 1 1 1 1 1 1 1 1 1 1 1 1 1 1 1 1 1 1 1 1 1 1 1 1 1 1 1 1 1 1 1 1 0 1 1 1 1 1 1 1 1 1 1 1 1 1 1 1 1 1 1 1 1 1 1 1 1 1 1 1 1
1 1 1 1 1 1 0 1 1 1 1 1 1 0 1 1 1 1 1 1 1 1 0 1 1 1 1 1 1 1 1 1 1 1 1 1 0 1 1 1 1 0 1 1 1 1 1 1 1 1 1 1 1 1 1 1 1 1 1 1 1 1 1 1
1 1 1 1 1 1 1 1 1 1 1 1 1 1 1 1 1 1 1 1 1 1 1 1 1 1 1 1 1 1 1 0 1 1 1 1 1 0 1 1 1 1 1 1 1 1 1 1 1 1 1 1 1 1 0 0 1 1 1 1 1 1 1 1
1 1 1 1 1 1 0 1 1 1 1 1 0 1 1 1 1 1 1 1 1 1 1 1 1 1 1 1 0 1 1 1 1 1 1 1 1 1 0 1 1 1 1 1 1 1 1 1 1 1 1 1 1 1 1 0 1 1 1 1 1 1 1 1
1 1 1 1 1 1 1 1 1 1 1 1 1 0 1 1 1 1 1 1 1 1 1 1 0 1 1 1 1 1 1 0 1 1 1 1 1 1 1 0 1 1 1 1 1 1 1 1 1 1 1 1 1 1 1 1 1 0 1 1 1 1 1 1
1 1 1 1 1 1 1 1 0 1 1 1 0 1 1 1 1 1 1 1 1 1 1 1 1 1 0 1 1 1 1 1 1 1 1 1 1 1 1 1 0 1 1 1 1 0 1 1 1 1 1 1 1 0 1 1 0 1 1 1 0 1 1 1
1 1 1 1 1 1 1 1 1 1 1 1 1 1 1 1 1 1 1 1 1 1 1 0 1 1 1 1 1 1 1 1 1 1 1 1 0 1 1 1 1 0 1 1 1 1 1 1 1 1 1 1 1 1 1 1 1 1 1 1 1 1 1 1
0 1 1 1 1 1 0 1 1 1 0 1 1 1 1 1 1 1 1 1 1 1 1 1 1 1 1 1 1 1 1 1 1 1 1 1 1 1 1 1 1 1 0 1 1 1 1 1 1 1 1 1 1 1 1 1 1 1 1 1 1 1 1 1
1 1 1 1 1 0 1 1 1 1 0 1 1 1 1 1 1 1 1 1 1 1 1 1 1 1 1 1 1 1 1 1 1 1 1 1 1 1 1 1 1 1 1 0 1 1 1 1 1 1 1 0 1 1 1 1 1 1 1 1 1 1 1 1
1 0 1 1 1 1 1 1 1 1 1 1 1 1 1 1 1 1 1 1 1 1 1 1 1 0 1 1 1 1 1 1 1 1 1 1 1 1 1 1 1 1 1 1 0 1 1 1 1 1 1 0 1 1 1 1 1 1 1 1 1 1 1 1
0 1 1 1 0 0 1 1 1 1 1 1 1 1 1 1 1 1 1 1 1 1 1 1 1 1 1 1 0 1 1 1 1 1 1 1 1 1 1 1 0 1 1 1 1 0 1 1 1 1 1 1 1 1 1 1 1 1 1 0 1 1 0 1
1 1 1 1 1 1 1 1 1 1 1 1 1 1 1 1 1 1 1 1 1 1 1 1 1 1 1 1 0 1 0 1 1 1 1 1 1 1 1 1 1 1 1 1 1 1 0 1 1 1 1 1 1 1 1 1 1 1 1 1 1 1 1 1
1 1 1 1 1 1 1 1 1 1 1 1 1 1 1 1 1 1 1 1 1 1 1 1 1 1 1 1 1 0 1 1 1 0 1 1 1 1 1 1 1 1 1 1 1 1 1 0 1 0 0 1 1 1 1 1 1 1 1 1 1 1 1 1
1 1 1 1 1 1 1 1 1 1 1 1 1 1 1 1 1 1 1 1 1 1 1 1 1 1 1 1 1 1 1 1 1 1 1 1 1 1 1 1 1 1 1 1 1 1 1 1 0 1 1 1 1 1 1 0 1 1 1 1 0 1 1 1
1 1 1 1 1 1 1 1 1 1 1 1 1 1 1 1 1 1 1 1 1 1 1 1 1 1 1 1 1 1 1 1 1 1 1 1 1 1 1 1 1 1 1 1 1 1 1 0 1 0 1 1 1 1 1 1 1 1 1 1 1 1 1 1
1 1 1 1 1 1 1 1 1 1 1 1 1 1 1 1 1 1 1 1 1 1 1 1 1 1 1 1 1 1 1 1 1 1 1 1 1 1 1 1 1 1 1 1 1 1 1 0 1 1 0 1 1 1 1 1 1 1 1 1 1 1 1 1
1 1 1 1 1 1 1 1 1 1 1 1 1 1 1 1 0 1 1 1 1 1 1 1 1 1 0 1 1 1 1 1 1 1 1 1 1 1 1 1 1 1 1 0 0 1 1 1 1 1 1 0 1 1 1 1 1 1 1 1 1 1 1 1
1 1 1 1 1 1 1 1 1 1 1 1 1 1 1 1 1 0 1 1 0 1 1 1 1 1 1 1 1 0 1 1 1 1 1 1 1 1 1 1 1 1 1 1 1 1 1 1 1 1 1 1 0 1 1 1 1 1 1 1 1 1 1 1
1 1 1 1 1 1 1 1 1 1 1 1 1 1 1 1 1 1 1 1 1 1 1 1 1 1 1 1 1 1 1 1 1 1 0 1 1 1 1 1 0 1 1 1 1 1 1 1 1 1 1 1 1 0 1 1 1 1 1 1 1 1 1 1
1 1 1 1 1 1 1 1 1 1 1 1 1 1 1 1 1 1 1 1 1 1 1 1 1 1 1 1 1 1 1 1 0 1 1 1 1 0 1 1 1 1 1 1 1 1 1 1 1 1 1 1 1 1 0 1 1 1 1 1 1 1 1 1
1 1 1 1 1 1 1 1 1 1 1 1 1 1 1 1 1 1 1 1 1 1 0 1 1 1 1 1 1 0 1 1 1 1 1 1 1 0 0 1 1 1 1 1 1 1 1 1 0 1 1 1 1 1 1 0 1 1 1 1 1 1 1 1
1 1 1 1 1 1 1 1 1 1 1 1 1 1 1 0 1 1 1 1 1 1 1 1 1 1 1 1 1 1 1 1 1 1 1 1 1 1 1 1 0 1 1 1 1 1 1 1 1 1 1 1 1 1 1 1 0 1 1 1 1 1 1 1
1 1 1 1 1 1 1 0 1 1 1 1 1 1 1 0 1 1 1 1 0 1 1 1 1 1 1 1 1 1 1 1 1 1 1 1 1 1 1 0 1 1 1 1 1 1 1 1 1 1 1 1 1 1 1 1 1 0 1 1 1 1 1 1
1 1 1 1 1 1 1 1 0 1 1 1 1 1 1 1 1 1 1 1 1 1 1 1 1 1 0 1 1 1 1 1 0 1 1 1 1 1 1 1 1 1 1 1 1 1 1 1 1 1 1 1 1 1 1 1 1 1 0 1 1 1 1 1
1 1 1 1 1 1 1 1 1 1 1 0 1 1 1 1 1 1 1 1 1 1 0 1 1 1 1 1 1 1 1 0 1 1 1 1 1 1 1 1 1 1 1 1 1 0 1 1 1 1 1 1 1 1 1 1 1 1 1 0 1 1 1 1
1 1 1 1 1 1 1 1 1 1 1 1 1 1 0 0 1 1 1 1 1 1 1 0 1 1 1 1 1 1 1 1 1 1 1 1 1 1 1 1 0 1 1 1 1 1 1 1 0 1 1 1 1 1 1 1 1 1 1 1 0 1 1 1
1 1 1 1 1 1 1 1 1 1 1 1 1 1 0 1 1 1 1 1 1 1 1 1 1 0 1 1 0 1 1 1 1 1 0 1 1 1 1 1 1 1 1 1 1 1 1 1 1 1 1 1 1 1 1 1 1 1 1 1 1 0 1 1
0 1 1 1 1 1 1 1 0 1 1 1 1 1 1 1 1 1 1 1 0 1 1 1 1 1 1 1 1 1 1 1 1 1 1 1 1 1 1 1 1 1 1 1 1 0 1 1 1 1 1 1 1 1 1 1 1 1 1 1 1 1 0 1
1 1 1 1 1 1 1 1 1 1 1 1 1 1 1 1 1 1 1 1 1 1 0 1 1 1 1 1 1 1 1 1 1 1 1 1 1 1 1 1 1 1 1 1 1 1 1 1 1 1 1 1 1 1 1 1 1 1 1 1 1 1 1 0
12209 7751 54814 61279 31733 12553 81820 16 61372 88456 96089 1719 77225 43544 39370 62084 19360 24065 94114 1777 66622 46805 80310 40652 18442 71631 114 15808 24697 23560 54733 15152 77513 53279 11737 59949 61748 38530 68825 31559 73674 68104 55458 38085 66253 83765 97619 13680 5224 68747 86913 16837 77946 41247 43089 77314 30753 57581 83136 21255 26587 54649 72286 81644 43649 28125 58260 17662 36097 19926 76651 80638 3618 66119 78493 43114 72245 46879 30402 49575 88435 53987 80569 76731 21484 53653 96557 34662 58237 5981 44183 30204 48231 41885 33725 27949 28480 33402 31330 31461 37002 90337 85956 66999 13212 87526 33960 78208 36654 97891 3269 71910 31343 30369 58446 90325 25607 21692 447 8887 80674 82650 63733 12371 25576 73038 37830 67597
32222 73206 14799 54993 70426 73042 96787 81079 92353 32783 16977 75270 63834 7248 17050 24663 93265 32825 99988 61132 70647 63948 97844 14113 27926 73467 40530 81300 88691 30310 65437 19979 61844 61501 51270 39230 7975 7776 44098 91963 43323 67919 4384 83776 17722 17642 56323 83746 24888 49907 74476 71522 62691 39375 85910 7878 12232 76137 7702 66325 42687 27787 56861 66684 13178 39338 59857 2533 22074 72146 10269 25258 16421 92749 58593 19022 71917 1647 61317 73462 62355 92529 14225 42636 2 45854 63478 62216 46910 66851 91721 74897 70473 56028 71383 64781 97801 50900 34202 7758 69171 7832 92092 89786 72487 29732 50988 29694 27554 81193 64355 27310 75870 48986 32604 88922 49844 86724 45597 53895 36257 22151 51041 14781 87933 25208 85916 38945
77888 96815 26247 24886 22252 83494 57503 62379 11543 2993 1995 8550 72297 63936 66466 38510 27888 54219 8286 13061 80405 52606 95930 42281 76097 6020 95304 60537 62471 86164 54526 15727 13820 98284 81818 53095 41088 41423 93973 45496 4358 64169 5339 67961 19875 268 91070 99434 61167 74048 9310 42802 90612 51234 23211 29152 33601 51117 78111 12224 64004 65873 31611 72623 75555 67649 63136 4065 34774 55672 54601 50548 28073 2210 68808 75083 31316 11641 68420 23673 74132 55196 7770 91440 79999 31012 63059 42800 1988 85900 57711 73290 73899 61104 3017 50646 98221 66099 72445 44803 93743 34727 51242 39124 4953 53973 28907 63996 99678 48975 23584 82284 68065 50964 16780 93809 47494 10080 37197 19598 86906 74986 43441 76618 93556 98815 89027 59592
55082 71329 87498 22512 91775 55930 16512 67367 64229 79107 3117 32598 41825 52086 33488 82968 46502 7397 2942 76663 93112 21042 77258 12360 70034 82076 22442 47758 74345 27378 79380 94497 91288 2194 83000 68222 18064 25908 80981 71665 96186 85807 40658 41333 44076 46108 61477 1789 9621 84960 96076 57084 24164 2371 86616 72363 71898 25882 28610 35975 89102 98790 70961 30187 11567 77484 19123 6649 43505 345 70720 42436 74691 27305 84932 89193 61829 90064 50126 10197 57274 99798 15475 74446 55004 96881 72473 71732 56279 61359 15063 8047 96843 81381 5737 24422 7478 83959 60672 41846 47078 61143 39998 71681 42259 9829 23084 42753 3590 44419 69464 5403 90221 22876 9176 21172 63879 44787 54318 48608 99534 90240 41992 84229 70819 44047 42810 10861
34140 76952 69780 43562 53028 58163 40636 47862 51428 98053 27476 55316 42641 71880 95841 90006 84500 6089 87243 46232 37187 91105 7215 33191 74823 31878 50011 60481 62373 26345 27156 8557 36311 30988 9165 52097 43387 31222 20734 55391 46118 93047 66534 86261 14310 36639 28588 70977 73593 5278 83183 97511 75609 896 19551 64685 9890 86410 71622 24092 22460 81288 45316 54083 22248 58155 13744 80132 98296 85351 21661 92999 2173 78475 11319 285 78776 20207 65550 51277 95427 84033 48539 19594 55680 37202 43969 77322 54225 96453 98127 41091 7305 82197 14562 85542 3555 63163 62259 41727 58274 75528 21542 91895 70174 38046 58661 20733 44417 86671 24014 76413 54944 26716 48125 41849 21225 19328 85506 23100 74896 63214 81530 92078 50984 17582 94850 54175
97199 72166 39366 42114 72628 9549 43980 486 86427 60636 60896 36515 84404 9893 68790 47151 91462 56208 75506 2149 79003 72618 23099 61238 26948 40544 31243 92151 46844 75378 23856 31393 2725 38070 57193 70483 40216 16958 643 11015 4874 52239 23676 31776 5081 30259 24735 97922 74081 75806 65019 92573 3579 41583 72631 53318 44959 61622 24504 35347 52004 30757 57185 7404 9708 45477 68423 17476 47315 34865 33064 36993 52845 24039 70846 62604 9465 22772 25901 55949 65564 30313 54699 94214 67493 94440 95867 29834 79939 62890 9584 23724 82009 1311 12500 19101 3964 21817 35498 23597 27373 45401 52448 15364 12429 17231 37922 72939 66313 79018 61843 8342 45145 45994 5599 58128 25591 34960 15317 66434 72764 29158 33278 82471 99187 10264 81226 22106
69665 92015 54393 81132 4714 23012 45366 71463 78510 87303 59675 83785 11225 70416 9941 44555 38340 55392 42997 12392 73832 49413 33088 41204 18633 21813 89650 68119 99454 11398 44387 14157 30733 8642 3108 42628 27122 70666 21206 59133 13380 73809 49984 30893 5012 1256 97214 82053 28893 55903 74935 24398 9947 95041 43815 59793 15030 89470 47618 31694 56090 40000 24273 39303 86250 17252 59925 24505 49370 92843 41139 24448 80990 49633 59638 23160 496 35175 3684 34457 22711 27501 10217 70363 29868 25758 99798 27186 7799 90635 63090 4926 60486 92521 77145 82648 69690 605 67306 13628 44956 11285 59528 49587 95902 12500 49706 32246 43833 33299 29558 37923 93620 57947 76426 43519 50623 42356 80884 55836 28970 91837 83639 45044 23863 42453 39594 14600
94803 4634 11524 58408 60326 86509 92417 14802 31203 92396 46236 84331 39086 71624 63437 18049 24787 36715 74446 40891 54900 28709 29924 8491 25456 43540 49337 55883 71518 10219 44159 29810 19753 27377 2423 7666 93694 80451 72228 88113 11696 52752 76288 16102 42423 71476 84551 87217 38866 84843 64374 17808 6055 81691 84111 54326 1873 2908 90427 29217 3368 23030 60504 27353 25830 98666 12510 39695 24870 60396 27182 15919 46565 81625 79011 42691 90237 82281 29236 3373 55132 27273 83787 37612 64642 84309 40147 74029 96408 81991 4740 2229 3670 8179 15739 75536 64117 1228 76152 76282 9840 62557 13857 44667 44680 43518 81941 96320 93779 15680 54627 67320 79195 27032 41437 78140 82236 40816 75970 30685 49183 84735 41152 5537 99146 33159 21961 14773
710 33719 11077 57412 2878 18213 89648 86019 72404 40963 67890 8282 10639 68872 65567 33005 19781 73686 53344 57393 38195 94661 64546 78304 77091 63306 26698 57627 40112 616 36845 22823 45181 54906 40143 46174 36042 56332 68548 60255 46405 71505 68642 52556 70240 11042 89175 61071 33826 44514 31201 42021 3694 35282 52990 37713 58858 76969 23437 49343 6404 44706 84832 89938 29592 61794 15502 13464 90480 47542 92832 41113 66858 34089 79734 26249 44421 70007 17923 85638 91162 30762 41476 22593 1206 15050 99188 65287 18229 63194 17566 8772 21759 85078 37236 43488 4708 50575 95443 61040 37931 32472 32961 87015 22511 6224 61960 72869 28640 53263 76821 44829 85083 19529 21089 1402 91128 82606 94066 62360 84898 73880 44540 52461 73283 63999 92432 57495
56221 29520 15763 67400 15310 71894 24471 43492 71797 22718 96107 94527 80236 20055 71676 81988 87082 90986 77174 85526 77749 87299 90093 37237 18060 8460 56360 32906 72078 44421 53833 68235 32495 9231 71570 85797 3709 44327 84347 30304 73107 43472 96990 18490 19437 60784 56401 14952 29297 7494 69096 32969 85310 3175 47239 8909 81820 42816 43161 21551 38648 58691 54353 62858 4360 88477 76499 62276 79809 16269 51945 57884 87510 10351 8594 97585 7894 9770 65443 30951 91402 96158 68605 44122 41516 35493 62166 88747 42956 82472 67503 59395 46484 47464 34809 98732 89118 98924 64938 4794 37121 86141 82701 86360 4462 62227 4200 91068 31941 13924 25209 18504 89727 28145 98568 44167 73785 14045 20182 6502 83838 90773 20122 71139 42203 44928 26905 21882
83628 61922 2867 40407 80133 74801 13292 27490 13628 36586 2550 99462 61393 49798 74832 26771 42929 5307 80160 90332 44184 7967 21516 39883 97756 89672 23905 69614 98600 63986 13849 44662 97623 35850 82831 81264 77816 49071 41496 40225 70466 92172 71615 67662 25325 42483 47972 52780 61697 3738 41122 40182 84729 3433 14097 4886 60276 13105 95166 40076 90158 42184 50586 62097 1179 20308 22991 70691 48318 31330 89130 98025 65022 89835 95392 69046 19451 46956 62332 65483 13307 44261 72508 98167 90030 40689 92272 53707 38104 81342 74570 94562 83575 39341 28950 57261 65546 99306 51435 80578 64191 25197 31420 31839 73018 26713 58015 83642 97613 4612 81803 68976 16480 84055 92852 37073 5332 66908 418 94881 5028 9976 78708 90875 59448 25834 77266 4407
92696 63781 4912 72198 17687 62915 75159 58725 4406 45719 41999 95654 9895 21858 76255 81477 9207 6002 29054 63525 42057 73506 47574 56131 73161 46928 54413 1924 96794 77750 32596 9777 61748 80810 60110 83558 54193 90786 66805 84014 10982 79262 19754 98959 51933 44454 88644 25629 97614 23695 34199 53349 59697 77150 1512 92645 93625 1316 5866 12771 60460 94436 23861 37424 34099 80929 19751 44358 20080 6586 39159 69141 57104 36890 76658 65660 94259 23948 22845 2683 95629 64919 43069 57416 80533 31015 17901 24888 32292 25436 75867 21722 23294 3488 83485 28890 17398 18696 2565 44651 22969 64317 35269 30342 56 19993 50127 7662 11415 72913 94628 74356 14999 2333 93192 43909 25628 67400 66997 19822 73788 89591 32322 72780 5163 29038 57307 67246
14774 14955 97163 48475 79153 96305 11607 49657 93169 79954 9252 73328 18952 6421 57679 77643 35391 9234 49381 79610 66792 38141 73316 31713 19280 26852 7352 12410 73986 98632 39118 2221 81615 1449 40263 74819 90143 92580 38207 7587 54560 18778 79483 84667 71261 94941 75887 17385 48679 61323 58157 58849 34310 79331 27232 11415 17904 75214 5240 86905 34411 8429 28230 28233 18023 78988 37670 71725 41787 8084 19896 6496 76053 87112 67442 96022 57174 42946 77597 14953 11505 75615 56376 6718 36837 27613 52984 12008 57481 36828 60112 11370 9970 84081 9583 7021 80200 37202 48411 57419 7891 3511 41707 60806 70329 22118 79550 87701 91297 31899 80449 35040 34183 41776 10040 38576 57022 28186 64558 85928 59996 71813 11755 53111 99504 92460 68902 10829
88709 93465 47286 29576 82534 45437 46159 49741 9277 58903 91260 43048 99344 83931 57848 49916 73966 59676 78301 21308 68501 42267 41386 38692 95233 94621 6333 54912 85070 62092 21442 82923 10285 31502 41598 56123 12094 53379 34948 87860 45928 55014 42506 70758 49402 99865 47885 84020 12685 11724 8600 85704 62523 89009 14405 7446 7752 88015 43297 93667 77824 19448 40635 49654 62018 91708 90261 11279 38121 23439 65614 38807 1203 91493 70167 42999 40126 57505 46102 87814 46070 80544 66493 68371 78637 51703 2574 78676 25506 57660 68 89649 61650 81303 24509 31071 31939 49632 92049 63829 6240 45550 77385 46626 81003 71650 65146 80091 17635 66030 2669 82051 72893 63409 21886 28964 41196 96381 47511 38803 54239 61330 96573 31299 33981 94005 37728 35802
55066 48860 49012 74910 90818 53957 46450 66185 93929 18078 25341 27771 81833 20834 9735 95881 58830 18572 44308 44036 19121 33930 34348 13857 56605 96870 41597 70812 89328 22865 97596 89770 52665 58023 19536 61337 76416 27291 38436 4878 98287 81675 16216 91305 49036 37961 74529 10790 46665 13018 95193 46314 4589 9792 51820 12991 99688 64570 45081 89042 46132 38006 46800 65667 4068 26026 74627 21790 2093 37117 33267 22069 9573 7571 37444 99670 82030 32011 45862 42505 38077 1762 15511 38418 48093 62720 39415 26551 23912 29633 47903 34304 98751 23921 60774 20680 57726 76255 23493 37545 42458 47002 27902 59560 10993 617 65574 52278 90593 16022 70348 60570 67504 3284 60717 62944 72532 46289 99788 81584 67357 84546 55435 77784 50567 47315 26038 89651
4880 23174 18482 70405 46744 39093 2471 57272 74765 6566 91163 26713 1507 26674 98642 62189 89105 8223 43161 77976 96705 8341 41186 72540 89803 83714 70911 73700 56641 97378 17607 81772 69676 2246 67309 97849 95082 13463 2350 32757 79730 61889 36394 74798 83956 69420 40004 83550 19728 87486 76015 50360 63869 78736 10242 10565 88336 54059 82793 17298 47377 62573 655 19203 54884 31054 62323 50839 81769 32378 64225 74839 92546 39758 86756 17953 70528 47582 65963 37456 49113 9224 23991 6968 25154 66943 85921 88209 84401 12181 47347 49657 48254 71890 28170 25356 58570 21941 90257 81661 90741 7932 41659 59311 73874 55745 47930 29582 97418 33644 49945 18070 16654 7848 69700 72475 4236 27819 38240 36405 38384 1494 51625 13003 30024 12246 35422 49887
70841 32484 57222 73141 73440 12083 43761 39983 2227 83107 9938 73158 49344 35840 73342 77188 15824 23804 84682 38240 74858 81687 9347 67303 15254 71622 20371 72340 64373 94156 82124 75289 74048 19479 40368 39789 60002 1509 36337 93179 81414 90821 81108 3467 47342 99880 67425 38191 92154 28970 43555 28889 93921 54143 39515 83313 20547 96092 72543 71130 24862 72629 13046 90591 99101 17593 71432 68386 71242 74162 3915 4972 93534 7534 34863 45190 22795 32853 35991 66518 90668 10965 72027 27830 11594 3240 59021 13733 14153 52042 20960 26604 27327 68317 47941 49309 21611 1962 95498 81943 73869 94913 79804 83522 30511 21745 71942 80475 73395 4661 16955 72882 64228 39626 78874 31447 74415 275 35115 18427 33963 62107 37467 91585 89822 95429 41652 78086
17537 82758 62435 37429 76182 77673 74356 59372 81021 99317 75264 46222 49391 29709 14513 46681 31261 39259 39799 77832 51660 6753 33862 32975 53448 35876 29253 37298 6941 20087 41236 97730 45067 34039 55516 32076 92037 65526 35061 43144 54811 28043 66955 54493 25268 55494 41648 28874 1670 98235 60558 62575 98147 94580 14340 6434 64175 8482 7351 22205 78118 59673 19072 30853 62445 45033 58013 54243 7731 68481 50461 45950 53164 91939 42823 87960 26009 85274 22860 75096 69297 78909 19671 5885 65125 99568 34272 29127 18161 18467 89367 2347 546 90838 56825 67485 23931 32700 40035 19164 95150 92449 35525 58924 29378 32111 95497 94121 63687 77826 70851 19541 76236 78192 52870 20205 15408 95447 56316 23408 65761 29968 30124 53456 71800 42228 71820 90270
60494 57002 67706 80614 88127 67536 68231 82307 69788 84717 93233 12861 31404 99520 26906 83925 67760 56626 62233 84343 54532 83331 9429 73888 88885 24396 17691 99005 46856 92895 57407 25960 9361 95876 6796 98998 72918 63102 4 4966 32580 35825 25821 69167 61575 73476 3837 54705 4135 27150 14471 46254 77372 88291 28945 13554 43543 20340 75296 4271 37995 66885 23709 71552 31804 41583 80273 58161 3725 11127 92774 25104 86459 54368 87725 66876 85857 31731 22811 43476 85328 67904 45332 3115 6546 12316 85479 5635 63853 79502 65983 62259 3967 43287 86156 12255 56172 82148 86862 50037 8988 99486 42823 46098 92329 12017 74261 74489 1616 19720 31751 47595 54139 32647 2499 94391 13045 27164 80711 89989 91254 52420 89153 99771 96541 41908 30283 62940
8803 92902 4116 11783 87054 6919 6953 84234 4764 34103 7597 28877 53341 35682 59618 89349 31498 74133 28374 17539 63919 15142 79694 48878 36869 39805 35848 85621 6543 85884 82026 80480 76249 27158 33469 59402 5533 30081 48853 92451 85258 77311 71832 10852 21016 76513 78052 85143 48420 8303 71959 56630 42833 8589 56712 52332 85010 67410 46730 7821 17323 21544 74412 78912 72626 72596 26475 68088 87796 71003 33708 89267 36278 1113 5521 62111 26646 28561 3299 72170 87430 61595 39602 55480 63810 42587 33801 93051 85425 19111 14730 42257 34477 83106 96243 91534 17820 27125 57933 40227 13956 56060 15366 95136 54496 6051 13019 95333 60744 6295 96967 53324 40766 78993 69540 52518 60079 66447 76515 77290 26449 45895 40219 18057 24711 15037 48648 39667
40743 80245 96110 38118 79637 24803 41954 42892 2031 40201 42815 76346 57242 3678 11543 78265 95299 32847 23086 53164 63062 93062 2139 90997 33963 69440 76295 177 52807 32102 80522 87288 20602 71147 40830 64719 53463 97522 35029 21802 67619 9638 25370 94088 19054 25917 16060 18519 27824 31952 19568 25126 59344 14329 47589 13898 3112 80812 12958 47361 95562 90518 55196 49285 65640 24600 74025 72681 33799 32802 43580 24515 97120 69758 96989 75078 42832 73427 17255 62823 46389 58408 96951 49555 93683 9976 26068 86803 4930 74069 98639 4574 19319 28246 15757 73305 22511 25835 93649 10946 13086 26444 18922 69792 71678 50409 45527 89093 81036 68207 47339 56308 24631 91311 66126 55196 55980 46454 75358 81724 6362 47255 55549 4186 33050 68171 87976 46477
289 54220 13614 67659 964 47288 63517 63455 92276 91267 4850 115 5020 35199 57516 89833 31384 10455 96721 73619 52702 42644 74718 69619 8839 81028 64506 38875 15041 7952 27147 27875 58020 76583 82927 75746 39002 25606 85425 3303 44165 73270 3206 44080 65703 88235 57096 29923 11483 73963 51784 48164 36696 39761 94667 26156 43902 53361 96050 23231 68204 42973 58515 46899 3372 89750 32965 84673 39021 44797 82524 57232 20160 73582 67442 72889 93480 28743 87574 47498 65649 26998 98343 31762 20472 47045 52782 99320 84142 88747 50129 4568 7101 16062 21393 96751 83211 28242 90895 51263 94510 33309 5779 68145 76458 37598 93940 22758 66493 31991 9359 13313 20855 84275 31942 27753 48833 69162 87701 6095 12628 65999 29169 26180 47777 82298 4702 76799
19510 88768 32256 73022 6108 12513 33274 99097 88442 46907 69037 89159 22613 39294 11471 66193 1382 59763 45288 11282 52688 16249 97659 62906 58367 28789 910 31856 60006 87127 46211 90389 2105 75469 21267 7575 61491 88570 37277 53247 7215 83928 60732 69784 87094 54756 52896 83083 43855 26745 92800 95259 44523 57496 90687 9661 86799 43483 41763 46774 33772 85386 69216 82831 6886 23841 51308 27485 11465 40224 16023 34817 80723 26200 94376 95680 23763 40142 15083 28247 72693 59617 95056 62095 61112 30388 91189 48711 6167 77860 85671 81874 85794 85732 42502 59748 21998 32697 54112 88557 23961 18673 5008 67100 9416 23405 62824 24237 16355 45510 6390 38393 7685 77936 92776 5362 17907 15224 2051 42182 13881 80257 3889 70863 31034 13543 66743 79527
44468 99535 2622 87484 67627 64963 46829 53155 59596 42860 6961 94600 61562 35367 3774 74596 78811 24587 31120 33105 59647 78587 72497 79340 68373 91208 28689 26622 34014 33744 94404 14715 26685 32161 1944 24797 87289 84290 33926 13155 3763 26521 33219 32496 91362 52597 35570 51133 36210 55504 60475 51021 69143 22878 69457 14936 34549 60478 3417 54754 86524 66460 24729 19812 34750 45170 15886 21781 89300 74276 55188 59278 32924 33526 84077 69511 16576 63868 93212 85965 66355 78466 39049 9535 37647 70639 23621 95464 37636 69704 31216 99059 82653 72676 25914 7179 39396 89779 55127 86054 89444 60683 78213 8522 53003 56406 52924 60142 75567 74829 61585 41085 30705 71709 18714 27354 71850 57328 10697 82753 53640 20439 91197 37926 65645 48957 59009 16689
48345 68324 88209 45344 30975 50374 8198 52936 90284 56694 76189 81736 95051 27063 59248 95228 81505 92983 11891 68127 2426 44624 98816 72985 25253 54022 98925 84880 41730 33363 54390 22283 75368 76525 4058 44274 19363 16367 87020 83188 2578 28357 81640 79404 55955 2820 3605 28575 36180 73685 63972 28104 96452 15003 61653 8942 22242 61321 82113 66851 78572 87735 55389 42548 23729 12808 44081 21855 94586 8657 92542 95919 96930 98236 76249 57944 28112 85560 43674 84314 12839 52641 23840 1887 64123 20791 91090 15001 90360 48774 67291 75478 99754 55550 57107 61119 50711 7987 80207 82258 13802 66035 77075 5215 55906 29669 61427 92281 90392 87236 77709 30077 76228 51226 55903 964 79554 58016 4722 33282 81219 62085 3157 89459 22677 4870 83320 3612
43636 62809 87248 1808 74720 77978 92392 39155 53680 40456 76591 70731 51763 49469 33070 18434 31326 87199 28931 23163 16395 47517 92297 35011 68159 24938 45262 3577 82934 9126 81426 58257 24117 7176 78940 61803 47034 10151 77185 26413 57529 31920 24911 65609 3355 41499 76012 93688 48067 25047 11292 18323 17686 87031 13958 23594 78371 48741 66181 94996 20785 82735 22190 64245 52456 70935 42610 47778 4785 20808 26944 23378 6754 39564 25590 77408 94770 22401 80322 34986 80634 56282 22501 61133 49585 38042 97672 97396 40358 79714 53006 14516 72243 52568 25364 99634 69563 69888 15939 91571 63960 40005 27143 63158 84888 72182 90206 81111 22856 99893 31196 43433 11666 66684 33174 41279 74504 91149 59878 64931 85227 21900 96739 55192 23775 44994 50522 96895
84378 35675 55719 15140 51849 90112 69300 68219 14928 87002 45721 6213 21957 77988 90323 3327 67364 90061 38826 22608 49436 61422 55680 18023 12485 45625 96460 9727 89674 9815 24945 53280 13041 20219 70916 91974 75430 43868 92970 60141 81574 76825 39749 66489 33009 74529 76270 12556 74754 90994 96123 25677 64496 32395 49312 9717 34962 26497 66084 12585 77979 77375 37403 22195 63290 58920 91864 55348 94477 25713 51119 49609 97913 94509 61399 16539 4743 54203 59890 5017 56897 59112 83140 36062 71779 28446 55967 37832 99700 59303 48680 8832 96910 58108 21278 83730 17422 61304 89361 20090 37567 38109 18631 54381 64830 73912 55321 34464 9605 98652 10602 81293 3878 35835 5302 60993 90398 51751 22014 76138 93923 9050 33622 33274 22123 2926 44536 80060
18807 51684 49052 37411 63084 10320 20887 20695 55090 93784 12381 85624 62633 25006 80926 41963 91816 96942 40718 42583 98978 27606 70582 72733 18818 5195 14600 56053 79582 59898 79345 26487 3057 46760 62604 9180 85981 68672 48126 89474 26682 27445 56337 9569 84885 1514 33926 35744 73484 28108 6541 65147 32909 58163 48114 7640 89933 7076 92298 1902 9780 41659 11695 64562 63806 59554 47747 44673 4280 83990 36415 21849 47946 33850 60072 45464 94566 85544 36954 85371 23688 42736 79423 69902 43931 42416 95375 81181 67641 24047 85417 6187 86690 60158 5672 5052 14540 73532 96254 92300 59889 23782 98050 14656 32044 22487 89527 32418 58121 44754 41494 61882 9581 79703 22472 56964 22593 70941 3721 94151 56546 27088 58109 81724 60372 58679 45168 1265
95545 30021 98839 48258 29360 30023 51558 91633 76366 60937 87437 62138 60297 97189 5729 78791 29236 19471 79225 32556 35532 14401 33095 69388 4682 97071 12038 41591 61886 33270 91757 35628 20763 86676 68467 61192 31160 21492 20470 69847 1616 28324 46205 20293 25443 71203 48713 66384 9271 19075 61707 57531 53700 77194 53474 52000 49093 55027 31895 23137 9025 83417 9239 95921 51794 29033 92966 38262 26097 83162 17546 67996 49287 22379 76247 84039 73074 86370 83618 49640 5084 86209 23445 8000 94308 3109 46896 7149 10843 35088 44716 77173 29513 80225 82883 17485 2874 40350 84846 98904 87027 67025 32930 22867 28525 20014 72463 75573 52318 22612 67231 34513 65277 63517 74175 85046 26931 49347 46655 64613 46789 92268 96654 29726 11897 69951 81837 19051
88119 7531 44567 32364 37174 55660 80371 57071 4604 47137 28139 78641 68067 72765 60891 22248 28822 48655 37571 55026 80017 68538 70940 71292 53220 66269 8698 59218 28819 81837 20964 87720 41613 75229 57583 71686 96211 74429 29256 46926 83609 31522 74734 27735 12276 98541 27838 37572 35151 9542 6975 47040 340 50810 26392 62806 94594 34499 14743 23429 75392 61374 20790 8913 19613 20426 23857 382 83562 72131 85294 19561 56402 44433 47888 85584 77703 3206 6253 85115 49192 81945 98176 27213 74313 94436 26936 84188 50515 14323 4848 84710 93326 85708 47498 39267 24148 81357 36984 91809 77152 2889 18747 6046 18464 83347 14313 15626 16075 12262 69642 5624 42451 8408 10506 2550 41905 33628 7695 89486 28599 75660 87651 66750 28500 2672 15721 68112
99762 38970 50449 94006 4107 68714 64128 66867 40543 38350 39946 83311 37395 36623 48442 10118 12261 33848 41371 15089 47471 93156 78637 54032 3138 7143 60984 10561 57576 87081 18974 14482 23895 25592 92322 92105 33646 46392 91711 87636 97575 20847 34988 15714 34863 29374 26503 299 56458 628 63372 10901 4336 80393 38512 27627 5584 92027 83866 58171 69278 2546 98842 99379 25417 45031 64329 40559 1098 74070 35124 10392 13370 5457 79316 57646 36606 50030 4773 5497 4859 7332 91605 76888 99340 23153 25925 28982 85992 19337 71843 63101 98743 55651 48151 18496 10821 82554 20718 21543 66729 58731 64178 82186 32215 53109 22332 66485 65971 37488 90994 33330 15705 60097 38088 82792 85580 79447 16235 8890 66852 60920 78253 17913 13296 1458 37642 18595
83341 62585 20385 56472 63382 11427 35092 47482 3714 86532 29971 98166 37694 27651 67718 3920 30990 20817 33148 23624 770 63335 17895 78814 90290 92136 95456 12371 25994 33469 21158 17251 54631 43779 38282 20055 90499 3527 63351 84797 30948 23534 74317 95951 30025 93339 76125 59421 297 93873 4559 28053 67871 28600 75439 89743 70761 23727 42161 84455 35026 36879 27624 48781 25021 84149 82586 67968 17664 45894 25799 37822 66640 56182 82259 85805 68511 21583 92580 79512 74513 30526 76678 25928 87888 71928 78647 45201 55680 32659 39794 12416 49080 68244 10765 96508 61050 90056 48849 22553 99891 4466 3298 17878 31699 53258 27703 31113 87967 84928 8036 59234 73951 17553 67487 64442 61432 54768 36279 51015 39384 24311 23615 75080 52090 14031 49200 15059
79062 68236 28264 58544 17271 13834 77621 5706 71866 83384 93263 69043 4656 16192 89919 74176 48619 46005 19169 12462 48228 3510 31781 385 57011 77508 86844 4271 3009 92243 50322 30058 75575 12584 57906 84871 29051 95776 81891 63275 81484 58476 48652 79969 31845 17478 87317 65733 19735 51243 26420 14116 11411 27935 81155 51689 99092 79660 9254 5310 36399 23294 48512 56290 62583 90444 57602 38283 4693 60231 59441 92020 25312 65889 40879 96299 22077 49952 15754 24531 16152 67559 51512 1605 13870 78679 55312 43887 85918 92804 80302 52037 44636 78903 43669 63592 29821 62734 94888 69550 12406 54018 87393 69803 62752 55246 31206 80092 78871 57343 87428 94053 50418 89857 36167 16831 39328 51727 91336 90430 72243 29855 17556 8144 84002 41860 19227 17875
34207 74650 64159 62495 54740 23780 66276 96294 42716 93737 50679 62940 68869 36984 95551 56831 21092 23283 67905 92723 38231 72226 55529 9132 38501 72515 86885 50756 42800 79879 51164 14334 50445 77701 38693 87585 59868 30257 30824 74671 99146 36275 52501 24363 79918 3289 45946 14469 20767 57157 74018 59449 60680 80635 83957 31133 55542 89494 70802 38609 64191 82989 51545 85296 89989 10946 18011 50260 64196 42909 34032 86593 55514 79684 61108 59276 18856 90894 24773 96265 84053 98925 90249 350 48970 69586 66038 5393 79472 14816 3617 28413 94375 86404 69570 14109 869 20896 33464 37679 87568 58308 26101 65113 92627 16776 3844 65279 79893 89290 16967 6267 8065 64021 82366 92548 92483 22769 8703 35563 54325 78473 52818 84792 89142 86358 14859 11061
69493 12072 86747 31841 55123 52658 96374 26633 30357 47525 35824 26637 85920 368 6916 96438 81077 8429 37996 50991 14545 45720 18436 22187 72894 10616 38853 49401 84934 61239 99203 42987 35284 2299 87722 2875 49278 43474 67315 71745 52298 14929 67549 82600 49810 45619 13383 95466 39924 35056 71330 42382 49555 10839 27252 80700 78881 1933 47673 8137 8151 44621 72801 62292 6306 24775 77924 99330 1859 61674 92537 20823 51534 44355 80841 95547 29684 10297 74963 16381 92852 91757 44442 14045 20776 48864 61453 10366 5373 73137 60791 63909 72919 49256 8875 23850 82581 2861 66441 34923 60428 53459 40865 42556 4051 36567 25650 98987 47640 64754 40406 726 51144 74009 94246 6241 73505 69536 66068 9810 37772 81554 68001 71195 16361 72051 76229 25033
67926 65225 60513 80097 92749 87771 54578 61230 44150 81295 61865 47530 37823 9902 42565 67543 53998 22280 59029 57403 83878 97666 33193 47047 76343 26023 1735 7070 82998 57964 40181 2368 53469 98932 89308 32987 46386 69886 29446 82996 8154 21290 29413 34533 44346 79774 98889 79065 99576 27398 54687 8112 87054 67407 2171 10597 74786 64344 4296 32315 37826 36844 14917 69305 87081 81702 45441 62608 38406 78237 43342 70634 41234 61509 49815 83415 19376 96848 82250 54374 9385 86910 39798 51445 69196 68402 75114 50102 63073 86921 50761 72184 67436 45678 54338 80116 63841 31246 25961 80520 77053 83156 23770 21337 16576 54118 35928 5044 19643 15662 1003 95751 39256 60957 98163 84483 76670 50504 15152 84305 18167 33232 34345 32908 31524 61130 68002 6344
57712 98308 67050 38364 73548 52793 1431 89318 79627 44760 19839 22157 52322 81490 96205 19205 59851 7290 93136 23740 46256 8999 49607 8974 85669 43384 76933 72379 72654 12365 60675 69080 71103 22416 62784 38007 33635 17371 92430 29167 35342 65640 30010 43850 4327 1335 13748 65781 65818 23608 48406 34250 95710 16415 64324 7875 42654 30942 24007 12573 78552 16257 26510 85272 51953 85748 4730 18777 89511 17059 28061 51476 59760 90974 24801 83298 35474 13568 68921 18029 56803 41431 44074 74676 8324 2074 46092 74416 46429 20954 59737 50 93855 30927 482 57762 20861 73384 27119 96160 3380 80447 86081 893 9550 6095 47642 18923 19326 73783 26519 74160 90428 44847 32641 8239 45937 39166 90947 29922 78804 13899 9864 42990 50115 26888 67645 27893
22116 37697 7799 10044 25892 96601 73264 40507 18482 94427 84582 11776 52280 87502 25696 12294 52069 81573 9028 58572 67707 48754 52568 53247 9888 82639 37185 99194 19816 19777 74331 11944 40283 32857 34866 20498 72264 26189 68032 63588 62904 86724 82497 72568 4518 77847 22615 90599 40119 28751 98116 4411 85591 42641 6208 94712 96587 23985 78765 18995 36754 47478 17476 74656 94326 83078 85005 68218 45312 53271 11457 83418 52253 50335 92373 73096 48909 80849 8655 17029 60967 48796 69975 43125 62488 40080 21994 98584 29397 43786 80559 71825 54373 63491 95463 91398 43316 54982 64895 24966 59170 335 36582 168 99277 36368 3080 77971 33208 63696 90859 50618 81596 33656 21607 68469 27001 67084 22779 51880 39862 26527 24912 69467 28551 13785 58694 20556
8357 75390 8630 38651 31825 22931 35442 41156 58375 48277 55787 99161 54432 36418 85825 38958 50794 79345 59235 82799 69587 46131 9198 77309 83001 7833 32058 25194 31835 65099 84949 74162 53882 88112 95409 54402 92907 66654 93996 78334 23210 37348 1094 14943 61473 34665 53094 4118 22558 28373 73571 3970 74929 20758 78938 41320 56204 54020 33605 14608 54765 41946 90810 41438 94837 56092 98707 66004 47602 53615 72875 89407 10948 209 69669 31291 56334 85371 54597 35854 12500 10618 39201 77313 71671 27840 37742 30267 69645 66582 71150 82733 49530 36215 23530 87594 314 10620 70329 21536 18950 29334 3209 47101 76454 97309 86380 78039 49289 7094 46111 19691 28578 98139 66309 53238 41348 11576 27055 75334 80720 52846 62295 85406 56001 79907 67310 61466
77062 29475 9554 77415 23031 24837 40040 51886 73836 58835 22444 99068 7796 49841 32214 38479 20531 63793 22179 78389 78868 72136 78594 82524 18230 44432 55741 56121 26555 71569 82836 69749 8657 53744 93463 63659 21418 68151 58340 74020 79904 48807 23591 84298 69852 98444 26375 19996 49590 90998 4481 44712 17124 52011 58456 46396 21285 52512 18013 83222 2679 34820 29565 7988 57101 12510 20250 24835 94438 56422 52766 13136 49144 23491 25894 57094 48010 20063 76679 81419 71476 59295 84854 43937 34573 71751 69797 9018 93642 2078 35181 39412 88783 79502 50039 72082 92292 94847 25528 55549 41872 25056 65763 95393 10478 16543 80413 81129 80569 30836 66793 78528 46285 82407 33565 23897 56732 1602 89235 3941 31273 3402 77200 42496 60474 48914 62028 29640
23724 64501 11121 26259 45587 37642 70881 19497 31453 18734 17549 49249 80460 53045 63135 91235 75394 58141 66472 98534 25605 28936 15338 85063 24177 7275 83687 90975 66218 24624 58573 19339 37215 8896 75367 16622 60425 59201 91692 77197 23203 42514 1867 3387 28301 38770 32235 85519 98703 28145 6817 47353 83417 64476 3672 46691 83140 18422 17454 72543 89061 21687 52433 36417 7615 69966 84584 65323 58539 6827 89172 10165 45014 42442 49424 22901 54351 78961 99678 30315 94468 58718 60311 83289 99255 98153 87621 11622 19204 23681 85522 80520 56627 33698 50551 75243 4236 48674 26522 55303 55661 97629 57996 71497 80916 73654 64367 96508 67373 83514 57948 59767 24456 6162 87450 65377 6342 89307 86627 35487 31364 55931 82353 15586 17142 71980 24 2267
3891 43285 94633 46939 31894 43966 76298 48751 10749 25340 63140 88963 39408 64699 78125 27541 47346 39079 55441 66833 2221 76848 29041 81832 87045 28199 73389 17480 98495 32530 7808 18835 27111 55960 65021 62416 5427 72953 54913 56311 14236 29498 51360 32421 21704 87352 28715 26515 43312 64809 49082 76752 3004 69239 52502 21499 59675 39433 12577 86452 7424 83769 88716 7359 95160 81563 60916 70796 84876 73292 8616 96914 64729 73959 9986 64150 81825 16233 75423 78090 17430 13768 73229 66419 26430 70164 2109 43538 21592 97890 46017 84515 9537 61885 14263 45932 32607 79074 3216 4174 27503 92299 20207 97381 39865 17408 12873 82380 43233 18537 9604 56411 84712 1658 7461 68461 77579 2136 26428 1780 56665 3572 23413 71284 60591 82550 41884 66339
64173 61379 13667 26972 54339 30247 94017 50505 8681 30248 79633 36855 6348 39034 72060 86777 15045 30722 82300 647 96558 93208 87443 2534 90687 17239 22954 26425 91220 65814 68653 68276 94445 75771 6465 33441 95192 76002 25740 64627 53118 68986 37683 28307 71612 40636 95397 8810 23461 64018 38387 17160 74881 19317 1208 18900 89114 95912 65738 70813 14450 64365 75422 87612 92652 24566 74665 74653 51870 98453 53389 6128 43240 72742 78501 733 50574 70849 22319 28363 10283 98405 54564 62425 30312 61526 53817 68895 54866 80324 96574 48726 10375 2610 34738 27662 295 31102 36301 86305 54509 86727 88831 8351 55573 85857 91358 4335 45300 18794 96986 69860 8524 72156 68919 63924 83167 99968 79186 92271 21174 93687 77606 15554 33569 37708 74139 23955
58903 96180 2460 90050 80190 38265 42086 47200 16223 94999 37258 32416 53915 25997 44703 47205 88440 39982 69985 17131 68628 72018 13253 13824 88835 27153 589 15496 87303 96875 50471 42054 81805 41759 50685 50003 28686 12346 42125 54857 16474 70195 97616 79029 51908 4520 65358 32934 6850 83666 54345 71573 64506 78908 68016 52436 86456 71671 69919 24124 14167 83845 34685 34786 61363 85975 35173 13985 81345 70854 69054 77464 20109 37985 93760 3759 66452 4345 34464 22829 60970 25482 85132 54477 15328 12758 77952 81153 65049 56837 15409 64545 93969 22859 10483 25950 66405 69239 5847 20993 32988 43323 95991 33129 55946 40831 35702 37336 11964 15504 55946 71421 58153 72926 35737 87585 33499 39407 6483 10909 18803 57903 27682 62477 88324 84730 98728 81620
73180 19066 2873 20359 1813 5702 49534 53081 48981 8855 20233 30259 22124 14197 93490 68376 30865 61137 58798 47589 90626 33855 97530 40125 81016 95462 10540 92535 19170 39721 28134 72902 68019 1058 66731 67353 28714 37343 10407 23962 20756 47049 4286 17873 65021 47890 17557 46515 20779 46234 66832 91384 95306 61630 13271 45607 49476 13986 55452 33764 61418 97473 38791 80890 85055 81327 72924 41694 81666 88834 5753 24415 9952 58846 37222 9084 75576 8346 62903 55409 31145 57899 54363 79985 81657 59751 21271 93478 59031 35163 26206 197 41421 23505 97253 17662 6362 93761 36626 38224 61642 45641 25458 99774 26445 10870 32584 92451 86998 55898 48385 79641 69548 42531 12544 72387 65363 13314 91980 27983 2116 88843 97942 2556 89580 43913 79355 4458
60946 88117 28633 2654 17209 48537 46497 24316 5040 44663 93791 24612 45519 96125 33858 40185 13909 84403 73216 82359 45026 16098 42590 65148 78362 99710 65997 57697 60574 85432 80310 81321 46794 68285 67619 85992 44547 53674 64622 85698 38342 67928 26968 73333 12623 63265 80871 47620 87914 36625 94507 41413 99006 52304 22929 90913 95979 10466 6540 99845 858 64983 82257 36084 48065 90899 75366 77822 8343 31583 44381 17140 50196 24956 95000 44872 2213 14054 21623 15966 19514 38411 30837 75429 45613 19668 30716 27285 86470 10375 16709 65424 36354 40384 58908 69279 54483 61529 91521 92954 49264 4380 50625 27904 3589 64187 81166 16316 31624 81412 34631 75615 44444 13743 99541 46813 29904 39813 80857 43317 19883 19485 12197 66125 90487 86687 75027 26466
11211 44236 14087 78805 12583 75700 75928 67384 16067 26341 82682 19160 47088 10548 37751 87443 81128 98901 74589 98817 64174 37846 61326 90913 87444 43172 23243 75422 54368 34742 87840 4699 76537 54894 30190 68562 36876 68211 16519 21203 27353 56590 76062 16399 92623 59588 70661 5917 90541 58693 30549 38252 31673 6404 18257 82068 80553 32715 62285 40864 77686 10016 54787 27707 29320 35542 90715 64061 61588 84567 28862 4563 56748 96923 9625 77701 80655 64889 7090 75140 30559 37347 3487 1777 61543 34393 81050 61412 48876 88175 64484 95083 55155 42954 39876 80055 43206 67519 98118 81291 41454 62532 75971 98146 91970 35549 50440 34208 30292 1338 30487 85891 11831 46560 76767 28421 34918 81913 61505 12854 95903 15296 75998 51607 45038 88609 37831 3185
21031 49321 97128 86809 60719 10795 56607 37899 2647 90743 25033 81678 69382 94709 51781 41367 61339 46216 6379 32364 47047 49051 87395 28703 18935 8474 5783 794 36776 15552 11086 94214 83076 61840 1711 57342 52410 17049 24366 68325 39464 8959 59975 97886 17996 21970 28853 86362 68573 2240 39176 76573 41460 81019 51773 55176 45844 56199 18238 18842 63186 42239 41270 12234 87845 58535 59165 43571 13523 89654 54582 67122 56720 70064 27358 36447 61043 36573 13756 18863 55201 10393 68801 32626 4749 79236 37683 85601 15585 36229 18347 98893 53187 28657 45902 61067 85316 83079 87980 12568 59850 89825 64478 35967 41274 30940 55721 19053 96174 14616 56804 22685 77774 91046 6168 61852 73403 16959 41180 77661 77653 58228 51526 71470 54365 47274 1457 55833
48612 12678 83346 23432 21238 47780 33703 11925 86907 68673 87572 17682 4510 89545 94041 7573 34814 74102 64311 19376 45136 85722 82701 74904 25768 11649 59165 32461 96235 46711 42089 60349 14821 96601 84803 34762 53122 26902 12346 67187 36967 76606 42437 69199 94652 46419 49017 70001 51536 87946 17221 39458 68267 9728 97174 2015 21341 64624 98444 78773 94420 98400 99011 8609 50014 16207 84902 69376 52397 21475 12092 24605 7063 22693 43257 65872 57120 10165 15304 68659 98764 98578 24297 36529 73677 56593 35587 62055 67260 4678 70948 10629 15550 19681 95697 80938 80676 20096 67400 92998 16371 84166 36136 28560 5784 61082 50469 84565 41642 51059 88373 77050 22646 47200 81211 19658 66418 25788 34708 98013 24992 63069 48096 9818 27293 64293 26831 59978
74303 4720 4132 63659 16557 87893 91430 42909 40236 65412 14120 9846 30024 62579 26694 95622 20279 47169 2737 21466 59866 49975 79475 79474 4574 98171 65220 62815 47351 4881 12287 57565 15208 5710 22973 73245 77346 65290 28737 48459 59723 13936 77194 17130 41746 81155 10563 3219 74193 1828 37062 3986 76310 21209 63662 93486 59110 57648 45278 58491 8402 9400 41388 61115 47659 1862 64064 23640 78715 28484 861 34214 24546 27325 48354 95103 98371 32369 47200 62797 26328 10764 13053 29078 67206 315 41110 4819 18585 33895 19441 64421 25343 39959 159 33122 28048 69739 37785 21962 44110 93186 66573 55454 30722 82674 88679 52037 88071 30991 54131 44264 90006 70721 29501 50917 36457 18228 56434 42765 53446 24421 31211 75567 26359 72142 12564 83604
34089 46213 95245 34416 25015 41317 88477 54891 26553 91660 76823 25055 19589 61955 86883 72451 56449 60916 5438 26267 98483 65639 67586 13724 61677 21358 96898 1891 23239 31173 8555 56347 99133 79679 15685 23422 95971 32031 38438 42408 6802 67847 95276 55173 61649 3030 36869 51375 42151 94977 8623 79721 65339 20414 22407 64136 22441 65651 8168 70687 5226 79269 99906 59706 8024 36249 59948 64300 67798 79164 69784 2739 68399 61612 63603 20333 91505 33824 75360 27167 59398 66591 83099 56846 59445 60428 909 72327 14032 39882 22232 63894 4783 27471 18992 6943 75624 83723 49727 76916 43934 64539 9513 56828 60648 21543 53671 41131 95720 62139 30401 46072 34036 10335 66926 65149 37096 53755 81331 7521 11087 84811 48845 46436 31704 21664 78349 4304
6780 83011 11189 59590 33354 4943 87265 20651 97435 62201 58588 43953 13141 63000 67856 55177 10976 71565 75278 48566 96179 57941 86130 236 96012 69641 53916 73332 81117 64387 24801 32347 92046 53169 17062 31132 6657 33987 34391 77702 66269 68339 32190 59571 31651 28596 9037 89653 22421 63810 41630 1760 63582 99226 54869 16290 46505 19987 23151 68544 15858 11646 23695 78962 50293 79117 6093 88462 31271 53908 40613 43628 34597 88920 79246 23746 82909 59748 3583 96281 40593 31605 7864 38944 61256 20893 3010 32462 12516 8010 45952 16693 73598 67357 70937 66482 90612 4332 41107 88707 54424 93334 20376 94083 35577 93897 1201 95698 41631 91044 98475 29401 89561 46951 43552 9467 54 11809 99253 20498 20281 76681 39758 67818 7379 76559 79678 11367
45190 32074 35293 37614 25109 15279 41659 70075 9733 3065 77681 40615 32916 49211 10732 92987 5221 99421 88082 61746 93234 85143 40823 10474 47424 64607 6866 37781 71115 47570 60889 63012 68310 13548 39385 39555 97426 71000 56495 77066 86275 67468 30834 79119 64844 40527 64273 38942 2922 32546 65131 15389 51372 65752 67571 69479 31816 59763 66785 34686 28260 46828 35970 73770 67464 9464 74050 27113 69439 47360 22126 22412 48186 84588 55276 83102 30701 36118 38675 67132 39147 72645 81667 13763 55815 12138 63841 15211 75229 27202 15299 26308 76655 78216 98909 62928 19857 94250 15750 62556 48344 3539 99087 24027 70783 9253 30916 62591 35808 20535 83631 15496 63015 4769 3936 22610 23206 61299 45424 76874 75824 82929 33168 40233 54706 3174 31209 82234
14219 37301 71621 9180 19219 27188 40342 86524 78659 88181 32137 31884 95019 25579 14671 58128 14368 37365 86035 78030 88464 54684 21765 63532 47387 63982 97733 29088 18934 18113 9180 40537 42619 13364 82952 38774 31722 46725 32315 75926 49001 76228 71560 64793 80200 75237 37992 61426 74600 90793 46665 2716 47685 1130 49554 6274 82948 59971 38850 80633 86045 64145 95409 76083 91860 44019 32481 44052 27321 13399 93533 89684 71207 64011 64121 63187 47977 22233 31641 11169 15179 48285 31051 90364 11793 25120 12947 53194 84939 61806 67623 46131 17579 77617 10208 58350 14951 2439 44335 94280 78721 82896 96567 55651 53677 95956 80444 19861 1440 86963 94336 75541 21047 64927 77778 41993 56788 35796 80110 55851 77480 92790 99936 90788 77857 53751 91722 42080
91788 89411 39141 46012 4589 62586 89179 17032 2165 24493 95365 64471 29423 17186 24471 50415 79195 63494 82198 96711 90298 98547 45151 86532 36889 20140 3261 58668 44558 26230 20751 7382 17596 9261 57922 19088 77474 26033 36768 48105 7873 1085 50310 585 49939 38280 47542 56886 97603 89478 97480 83281 28156 62305 1436 81198 41338 61109 26310 56086 54109 99782 40740 11234 71909 68064 92841 5507 98305 69081 16021 14474 24080 34506 71906 7683 91137 76578 4130 13420 19106 15625 64389 64146 82439 46069 96313 99532 84294 99598 63416 55082 92408 7829 63935 20124 22203 57027 79652 85320 90421 65400 27316 53144 86444 64792 58000 22362 17204 94747 52464 47930 18053 43585 71405 12305 59281 55153 97029 71125 85481 72164 56293 31341 49541 63801 43896 82635
58153 42705 21586 72650 20337 7977 8384 36335 37073 38980 762 75632 57816 76843 29446 24087 99055 62526 80377 87541 6653 23150 84025 32789 36521 90950 16231 84974 63050 8729 68825 7098 51282 82268 16266 55286 11112 58694 70040 41329 57735 48995 63654 29149 8014 12502 85482 86242 98476 44174 29526 93719 41312 50111 40914 85617 7663 76872 25921 18349 25211 24869 96070 15557 95576 46286 4343 39793 25975 87928 45824 72152 54086 17709 96586 74351 24885 33716 62350 61121 88215 50791 63725 98635 73348 34436 45782 14911 35429 62397 44852 93188 98227 62185 15588 50039 17263 16498 91618 10650 20582 73514 5688 48167 95966 70172 79789 21345 20229 73504 84750 89577 11559 21727 69566 71745 43638 33329 38144 16011 24600 65877 53615 85173 63773 26383 39463 65621
73536 43754 52740 72735 7128 96917 69360 19994 46224 36873 99066 45907 90853 48319 65759 16094 67672 17752 58534 25318 46236 7146 99404 25927 81567 75559 10993 78858 59216 57723 95064 86736 38779 16775 50845 82895 97412 45611 20285 87864 30183 27758 17945 93705 64634 22759 95518 851 99270 7426 13651 78510 50766 82362 8393 9317 11331 28410 3093 74263 21723 44925 57840 88590 22048 53054 60824 71589 18312 51674 98274 5328 6079 46069 7169 22556 30069 49563 84493 13874 8811 90675 79633 91338 21046 83720 33261 59798 54963 46549 57554 7956 82153 67261 82331 18471 83061 33000 61161 97012 5291 33555 88483 42513 51981 27031 8203 62475 45885 76742 60507 82097 51834 94705 77368 29127 76091 94918 51270 5032 68004 65000 83334 47126 61557 98721 30125 19727
79166 11065 46275 65359 62402 79932 58722 66194 6092 81412 66953 11884 25797 59687 81039 91840 1433 35259 75955 33395 119 75005 10232 82496 55094 72191 46712 79644 82188 9824 28736 70600 6986 65962 95640 13300 54085 92827 82919 89680 59423 56714 56711 28645 12317 28782 66504 40788 21036 5219 13600 31059 39522 46119 83167 56140 89457 75592 96449 31811 88492 34909 64225 35178 88241 44314 93823 5248 6584 63406 28528 8485 64127 46449 16665 95428 33240 9207 84975 83315 55977 98715 64484 759 94708 63833 28059 22093 60387 94599 39490 74556 16696 29692 42274 38850 92135 14328 3869 33940 26619 88722 53081 83395 27015 27984 63008 27393 32673 92881 24938 36372 84609 69824 37419 73707 2889 4264 93436 83360 82869 77127 86743 16413 87385 36397 9353 65141
90798 77454 58257 24871 51253 63544 83132 8368 50721 77268 52329 26720 37731 81199 14033 60761 39037 89688 71873 15623 76904 5376 656 12109 80037 23586 97225 69542 48219 72360 86530 8026 52564 57108 45224 52338 68716 67779 13426 44611 27108 51877 1776 25944 74499 23823 17191 59961 65482 6053 55827 83901 3612 47436 56933 69478 38669 82196 23806 45820 28935 20389 48418 5282 92526 88788 51462 56570 62935 64256 51532 16968 38668 57258 10588 8895 41980 88536 62610 48862 38518 74342 31477 61568 95346 61483 76985 63606 55206 40510 32673 48012 25172 83739 48159 50902 10746 20832 8866 80308 46710 62711 10628 72969 74595 11464 59501 6756 23348 57232 41543 71497 39782 70846 81745 19924 28804 84890 38704 77107 79367 51114 98176 79805 34205 53055 38803 63632
73163 97937 54061 9768 70506 91704 64070 82917 47925 10479 57071 9159 6712 81772 79333 59867 88304 19984 53247 10938 92297 29715 87801 17790 93877 31774 29484 13360 60571 9673 69208 64160 29886 90334 29883 58765 69284 31383 61443 58334 77356 38088 30863 2286 24714 98012 14018 9477 88810 16611 61333 61389 22335 72758 38910 66700 58394 53204 48126 69235 8524 71799 9928 4891 74454 4548 27506 1531 20682 68169 81855 84885 6505 64050 67781 54538 29105 65773 71918 25742 6944 11263 90569 35663 2964 7017 37040 33224 19727 62082 40449 79595 25468 24554 9306 29079 63601 47754 93892 68647 13919 10295 7231 52034 14540 86513 45840 51982 85785 90040 20147 69046 47002 29500 93554 87527 90960 20697 47919 87991 11385 80193 36145 98146 65104 98047 27006 14575
65438 67078 59554 67432 95772 67060 49885 89841 19781 38962 60976 98502 23405 95677 1858 89416 17571 57597 21287 49422 46028 53278 10841 49328 51926 61638 2698 4500 79888 9006 36132 84416 41662 95228 37926 49613 23192 42298 69944 93980 48045 70797 52584 80465 43002 62192 93924 42971 87898 59858 20081 76478 6539 4023 1580 6141 50455 76203 5803 4075 93376 93979 33701 28536 70399 94456 75905 53097 97567 19620 82346 15944 69086 20954 79846 35184 56054 66503 11731 80011 7334 16777 90706 25419 68026 35166 1961 19271 3003 87087 73888 11729 74566 36107 16453 65051 7521 78237 11483 15638 74585 64044 11034 20421 33535 12758 21604 13940 47033 65350 57231 30509 87507 47672 26161 29925 28348 81736 10492 65891 55896 99685 53793 63990 47623 56862 71127 72749
55610 25304 22327 98242 29162 51933 26189 48128 78451 17830 93257 30467 65146 67368 31062 58300 30943 82238 68249 86657 70671 55600 23024 70844 76827 90024 21929 74180 38185 92254 21722 58145 37822 3768 32903 48670 28198 60565 20729 11886 47813 94282 93431 25429 17371 44826 74662 6888 39140 41896 82594 86230 42898 21221 28866 4943 30972 98314 73020 61458 59752 56935 466 23111 11287 41587 18118 77488 69226 91714 77723 75878 13767 32830 56712 34676 14395 42694 7393 19973 91413 95422 20388 3564 83556 33230 31269 24398 87431 77245 76419 27651 31853 18855 3230 46049 87757 54639 8207 67826 63099 16293 6218 16870 29244 39197 19886 36883 52500 87207 35686 9804 37782 72211 89659 43573 58326 24585 45376 81583 24227 73334 65703 20416 24108 19078 43688 37379
27343 18027 65217 45283 99000 14846 98698 26180 66828 10446 33973 2212 73599 44236 86126 17209 93410 54473 31349 75556 41068 25266 74793 19680 34716 70829 14208 71699 39856 58349 85 32038 18985 52330 37785 68658 26160 92974 19754 2116 42845 54644 57664 55891 2272 81838 67110 63923 71342 18463 37700 8304 90446 14188 860 57519 96722 80915 51001 97886 78051 61171 36352 36812 88684 65864 48059 81135 83594 44436 78591 74994 3153 60794 77883 42810 84053 35244 37786 44122 57728 65660 90346 48224 53208 28577 27519 2731 93806 10283 86934 85952 30471 86854 82271 63907 10260 94019 46096 37259 56694 24071 74214 82466 61538 46631 88006 53465 38334 14261 95905 21640 84798 72645 50003 92716 77246 45834 122 45468 64912 92777 88294 10805 59866 35690 51975 40097
74982 36327 87429 63022 82392 24264 42985 89639 13546 89095 34444 37319 2067 67345 63971 53388 38602 615 19885 77123 38577 91532 7844 72245 37228 41424 58038 46996 62426 86446 93684 74088 89740 72385 30681 10787 82448 30123 10075 32129 57960 52082 83490 86965 62172 92514 3774 17607 63858 94398 69877 5855 54856 64934 77692 74644 36765 61381 74923 41077 60988 84933 52397 58063 9626 10059 12446 765 99268 96571 96063 26624 72360 38883 31233 14669 36549 25753 1267 92069 71881 84833 20254 94521 37836 37167 4795 70007 96695 72633 95337 75392 95909 68811 15202 21510 90349 74540 21907 91782 89811 76789 32427 28486 81338 95013 15722 20275 755 77277 92930 29452 82176 46732 39834 44426 94281 16995 23199 23427 9434 31974 46460 40130 25960 55287 50986 29912
696554 388975 100273 420278 195028 624117 318999 146477 748444 1423889 1209360 673192 1192336 588645 786925 65419 1005280 471034 525964 292101 350614 113331 646589 306471 759318 312247 1193324 923315 1136047 130561 136400 441304 44912 82267 563080 1081115 1334259 434088 962157 576694 1068026 1368446 1347328 442033 1082860 1406361 440066 884108 570847 428413 1287914 381183 520125 964998 491836 307300 1275872 763156 500648 146731 642279 614162 476799 692291 784936 1018688 211971 1228677 1326216 1237681 1143697 1235742 1103152 962436 984628 1430805 207455 308366 38523 967524 1236628 629683 1204813 932523 118194 995284 1387121 1358855 127687 604837 1266138 390901 600405 480017 175051 920574 452714 95564 555022 442584 1422860 1250489 1365199 769696 622707 284750 1248422 969950 1271841 31995 871512 1296018 380625 300903 631793 638864 737391 1131225 792874 1032806 805496 540115 1036844 1242614 154633 535339 867155 1198850
