64
0 1 1 1 1 1 1 1 1 1 1 1 1 1 1 1 1 1 1 1 1 1 1 1 1 1 1 1 1 1 1 1 1 1 1 1 1 1 1 1 1 1 1 1 1 1 1 1 1 1 1 1 1 1 1 0 1 1 1 1 1 1 1 1
1 0 1 1 1 1 1 1 1 1 1 1 1 1 0 1 1 1 1 1 1 1 1 1 1 1 0 1 1 1 1 1 1 1 1 1 1 1 1 1 1 1 1 1 1 1 1 1 0 1 1 1 1 1 1 0 1 1 1 1 1 1 1 0
1 1 0 1 1 1 1 1 1 1 1 1 1 1 1 1 1 1 1 1 1 1 1 1 1 1 1 1 1 1 1 1 1 1 1 1 1 1 1 1 1 1 1 1 1 1 1 1 1 1 1 1 1 1 1 1 1 1 1 1 1 1 1 1
1 1 1 0 1 1 1 1 1 1 1 1 1 1 1 1 1 1 1 1 1 1 1 1 1 0 1 1 1 1 1 1 0 1 1 1 1 1 1 1 1 1 1 1 1 1 1 1 1 1 1 1 1 1 1 1 1 1 1 1 0 1 1 1
1 1 1 1 0 1 1 1 1 1 1 1 1 1 1 1 0 1 1 1 0 1 1 1 1 1 1 1 1 1 1 1 1 1 1 1 1 1 1 1 1 1 1 1 0 1 1 1 1 1 1 1 1 1 1 1 1 1 1 1 1 1 1 1
1 1 1 1 1 0 1 1 1 1 1 1 1 1 1 1 1 1 1 1 1 1 1 0 1 1 1 1 1 1 1 1 1 1 1 1 1 1 1 1 1 0 1 0 1 1 1 1 1 1 1 1 1 1 1 1 1 1 1 1 1 1 1 1
1 1 1 1 1 1 0 1 1 1 1 1 1 1 1 1 1 1 1 1 1 1 1 1 1 1 1 1 1 1 1 1 1 1 1 1 1 1 1 1 1 1 1 1 1 1 1 1 1 1 1 1 1 1 1 1 1 1 1 1 1 1 1 1
1 1 1 1 1 1 1 0 1 1 1 1 1 1 1 1 1 1 1 1 1 1 1 1 1 1 1 1 0 1 1 1 1 1 1 0 1 1 1 1 1 0 1 1 1 1 1 1 1 1 1 1 1 1 1 1 1 1 1 1 1 1 1 1
1 1 1 1 1 1 1 1 0 1 1 1 1 1 1 1 1 1 1 1 1 1 1 1 1 1 1 1 1 1 1 1 1 1 1 1 1 1 1 1 1 1 1 1 1 0 1 1 0 1 1 1 1 1 1 0 1 1 1 1 1 1 1 1
1 1 1 1 1 1 1 1 1 0 1 1 1 1 1 1 1 1 1 1 1 1 1 1 1 1 1 1 1 1 1 1 0 1 1 1 1 1 1 0 1 1 1 1 1 1 1 0 1 1 1 1 1 1 1 1 1 1 1 1 1 1 1 1
1 1 1 1 1 1 1 1 1 1 0 1 1 1 1 1 1 1 1 1 1 1 1 1 1 1 1 1 1 0 1 1 1 1 1 1 1 1 1 1 1 1 1 1 1 0 1 1 1 1 1 1 1 1 1 1 1 1 1 1 1 1 1 1
1 1 1 1 1 1 1 1 1 1 1 0 1 1 1 1 1 1 1 0 1 1 1 1 1 1 1 1 1 1 1 1 1 1 1 1 1 1 1 1 1 1 1 1 1 1 1 1 0 1 1 1 1 1 1 1 1 1 1 0 1 1 1 1
1 1 1 1 1 1 1 1 1 1 1 1 0 1 1 1 1 1 1 1 1 1 1 1 1 1 1 1 1 0 1 1 1 1 1 1 1 1 1 1 1 1 1 1 1 1 1 1 1 1 1 1 1 1 0 1 1 1 1 1 1 1 1 1
1 1 1 1 1 1 1 1 1 1 1 1 1 0 1 1 1 1 1 1 1 0 1 1 1 1 1 1 0 1 1 1 1 1 1 1 1 1 1 1 1 1 1 0 1 1 1 0 1 1 1 1 1 1 1 1 1 1 0 1 0 1 1 1
1 0 1 1 1 1 1 1 1 1 1 1 1 1 0 1 1 0 1 1 1 1 1 1 0 1 1 1 1 1 1 1 1 0 1 1 1 1 1 1 1 1 0 1 1 1 1 1 1 1 1 1 1 1 1 1 1 1 1 1 1 1 1 1
1 1 1 1 1 1 1 1 1 1 1 1 1 1 1 0 1 1 1 1 1 1 1 1 1 1 0 1 1 1 1 1 1 1 1 1 1 1 1 0 1 1 1 1 1 1 1 1 1 1 1 1 1 1 1 1 1 1 1 1 1 1 1 1
1 1 1 1 0 1 1 1 1 1 1 1 1 1 1 1 0 1 1 1 1 1 1 1 1 1 1 1 1 1 1 1 1 0 1 1 1 1 1 1 1 1 1 1 1 1 1 1 1 1 1 1 1 1 1 1 1 1 1 1 1 1 1 1
1 1 1 1 1 1 1 1 1 1 1 1 1 1 0 1 1 0 1 1 1 1 1 1 1 1 1 1 1 0 1 1 1 1 1 1 1 1 1 1 0 1 1 1 1 1 1 1 1 1 1 1 1 1 1 1 1 1 1 1 1 1 0 1
1 1 1 1 1 1 1 1 1 1 1 1 1 1 1 1 1 1 0 1 1 1 1 1 1 1 1 1 1 1 1 1 1 1 1 1 1 1 1 1 1 1 1 1 1 1 1 1 1 1 1 1 1 1 1 1 1 1 1 1 1 1 1 1
1 1 1 1 1 1 1 1 1 1 1 0 1 1 1 1 1 1 1 0 1 1 0 1 1 1 1 1 1 1 1 1 1 1 0 1 1 1 1 1 1 1 1 1 1 1 1 1 1 1 1 1 1 1 0 1 1 1 1 1 0 1 1 1
1 1 1 1 0 1 1 1 1 1 1 1 1 1 1 1 1 1 1 1 0 1 1 1 1 1 1 1 1 1 1 1 1 1 1 1 1 1 1 1 1 1 1 1 1 1 1 1 1 1 1 1 1 1 1 1 1 1 1 1 1 0 1 1
1 1 1 1 1 1 1 1 1 1 1 1 1 0 1 1 1 1 1 1 1 0 1 1 1 1 1 1 1 1 1 1 1 1 1 1 1 1 1 1 1 1 1 1 1 1 1 1 1 1 1 1 1 1 1 1 1 1 1 1 1 1 1 1
1 1 1 1 1 1 1 1 1 1 1 1 1 1 1 1 1 1 1 0 1 1 0 1 1 1 1 1 1 1 1 1 1 1 0 1 1 1 1 1 1 0 1 1 1 1 1 1 1 1 1 1 1 1 1 1 1 1 1 0 1 1 1 1
1 1 1 1 1 0 1 1 1 1 1 1 1 1 1 1 1 1 1 1 1 1 1 0 1 1 1 1 1 1 1 1 1 1 1 1 1 1 1 1 1 1 1 1 0 1 1 1 1 1 1 1 1 1 1 0 0 1 1 1 1 1 1 1
1 1 1 1 1 1 1 1 1 1 1 1 1 1 0 1 1 1 1 1 1 1 1 1 0 1 1 1 1 0 1 1 1 1 1 1 1 1 1 1 1 1 1 1 1 1 1 1 1 1 1 1 1 1 0 1 1 1 1 1 1 1 1 1
1 1 1 0 1 1 1 1 1 1 1 1 1 1 1 1 1 1 1 1 1 1 1 1 1 0 1 1 1 0 1 1 1 1 0 1 1 1 1 1 1 1 1 1 1 1 1 1 1 1 1 1 0 1 1 1 1 1 1 1 1 1 1 1
1 0 1 1 1 1 1 1 1 1 1 1 1 1 1 0 1 1 1 1 1 1 1 1 1 1 0 1 1 1 0 1 1 1 1 1 1 1 1 1 1 1 1 1 1 1 1 1 1 1 1 1 1 1 1 1 1 1 1 1 1 1 1 0
1 1 1 1 1 1 1 1 1 1 1 1 1 1 1 1 1 1 1 1 1 1 1 1 1 1 1 0 1 1 1 1 1 1 1 1 1 1 1 1 1 1 1 1 1 1 1 1 1 1 1 1 1 1 1 1 1 1 0 1 1 0 1 1
1 1 1 1 1 1 1 0 1 1 1 1 1 0 1 1 1 1 1 1 1 1 1 1 1 1 1 1 0 1 1 1 1 1 1 1 1 1 1 1 1 0 1 1 1 1 1 1 1 1 1 1 1 1 1 1 1 1 1 1 1 1 1 1
1 1 1 1 1 1 1 1 1 1 0 1 0 1 1 1 1 0 1 1 1 1 1 1 0 0 1 1 1 0 1 1 1 1 1 1 1 1 1 1 1 1 1 1 1 1 1 1 1 1 1 1 1 1 1 1 1 1 1 1 1 1 1 1
1 1 1 1 1 1 1 1 1 1 1 1 1 1 1 1 1 1 1 1 1 1 1 1 1 1 0 1 1 1 0 1 1 1 1 1 1 1 1 1 1 1 1 1 1 1 1 1 1 1 1 1 1 1 1 1 1 1 1 1 1 1 1 1
1 1 1 1 1 1 1 1 1 1 1 1 1 1 1 1 1 1 1 1 1 1 1 1 1 1 1 1 1 1 1 0 1 1 1 1 1 1 1 1 1 1 1 1 1 1 1 1 1 1 1 1 1 1 1 1 1 1 1 1 1 1 1 1
1 1 1 0 1 1 1 1 1 0 1 1 1 1 1 1 1 1 1 1 1 1 1 1 1 1 1 1 1 1 1 1 0 0 1 1 1 1 0 1 1 1 1 1 1 1 1 1 1 0 1 1 1 1 1 1 1 1 1 1 1 1 1 1
1 1 1 1 1 1 1 1 1 1 1 1 1 1 0 1 0 1 1 1 1 1 1 1 1 1 1 1 1 1 1 1 0 0 0 1 1 0 1 0 1 1 1 1 1 1 1 1 1 0 1 1 1 1 1 1 1 1 1 1 1 1 1 1
1 1 1 1 1 1 1 1 1 1 1 1 1 1 1 1 1 1 1 0 1 1 0 1 1 0 1 1 1 1 1 1 1 0 0 0 1 1 1 0 1 1 1 1 1 1 1 1 1 1 1 1 1 1 1 1 1 1 1 1 1 1 1 1
1 1 1 1 1 1 1 0 1 1 1 1 1 1 1 1 1 1 1 1 1 1 1 1 1 1 1 1 1 1 1 1 1 1 0 0 1 1 1 1 1 1 1 1 1 1 1 1 1 1 1 1 1 1 1 1 1 1 1 1 1 1 1 1
1 1 1 1 1 1 1 1 1 1 1 1 1 1 1 1 1 1 1 1 1 1 1 1 1 1 1 1 1 1 1 1 1 1 1 1 0 1 1 1 1 1 1 1 1 1 1 1 1 1 1 1 1 1 1 1 0 1 1 1 1 1 1 1
1 1 1 1 1 1 1 1 1 1 1 1 1 1 1 1 1 1 1 1 1 1 1 1 1 1 1 1 1 1 1 1 1 0 1 1 1 0 1 1 1 1 1 1 1 1 1 1 1 1 1 0 1 1 1 1 1 1 1 1 1 1 1 1
1 1 1 1 1 1 1 1 1 1 1 1 1 1 1 1 1 1 1 1 1 1 1 1 1 1 1 1 1 1 1 1 0 1 1 1 1 1 0 1 1 1 1 1 1 1 1 1 1 1 1 1 1 1 0 1 1 1 1 1 1 1 1 1
1 1 1 1 1 1 1 1 1 0 1 1 1 1 1 0 1 1 1 1 1 1 1 1 1 1 1 1 1 1 1 1 1 0 0 1 1 1 1 0 1 1 1 1 1 1 1 0 1 1 1 1 1 1 1 1 1 1 1 1 1 1 1 1
1 1 1 1 1 1 1 1 1 1 1 1 1 1 1 1 1 0 1 1 1 1 1 1 1 1 1 1 1 1 1 1 1 1 1 1 1 1 1 1 0 1 1 1 1 1 1 1 1 1 1 1 1 1 1 1 1 1 1 1 1 1 1 1
1 1 1 1 1 0 1 0 1 1 1 1 1 1 1 1 1 1 1 1 1 1 0 1 1 1 1 1 0 1 1 1 1 1 1 1 1 1 1 1 1 0 1 1 1 1 1 1 1 1 1 1 1 1 1 1 1 1 1 1 0 1 1 1
1 1 1 1 1 1 1 1 1 1 1 1 1 1 0 1 1 1 1 1 1 1 1 1 1 1 1 1 1 1 1 1 1 1 1 1 1 1 1 1 1 1 0 1 1 1 1 1 1 1 1 1 1 1 1 1 1 1 1 1 1 1 1 1
1 1 1 1 1 0 1 1 1 1 1 1 1 0 1 1 1 1 1 1 1 1 1 1 1 1 1 1 1 1 1 1 1 1 1 1 1 1 1 1 1 1 1 0 1 1 1 1 1 1 1 1 1 1 1 1 1 1 1 1 1 1 1 1
1 1 1 1 0 1 1 1 1 1 1 1 1 1 1 1 1 1 1 1 1 1 1 0 1 1 1 1 1 1 1 1 1 1 1 1 1 1 1 1 1 1 1 1 0 1 1 1 1 1 0 1 1 1 1 1 1 1 0 1 1 1 1 1
1 1 1 1 1 1 1 1 0 1 0 1 1 1 1 1 1 1 1 1 1 1 1 1 1 1 1 1 1 1 1 1 1 1 1 1 1 1 1 1 1 1 1 1 1 0 1 1 1 1 1 1 1 1 1 1 1 1 1 1 1 1 1 0
1 1 1 1 1 1 1 1 1 1 1 1 1 1 1 1 1 1 1 1 1 1 1 1 1 1 1 1 1 1 1 1 1 1 1 1 1 1 1 1 1 1 1 1 1 1 0 1 1 1 1 1 1 1 1 1 1 1 1 1 1 1 1 1
1 1 1 1 1 1 1 1 1 0 1 1 1 0 1 1 1 1 1 1 1 1 1 1 1 1 1 1 1 1 1 1 1 1 1 1 1 1 1 0 1 1 1 1 1 1 1 0 1 1 1 1 1 1 1 1 1 1 1 1 1 1 1 1
1 0 1 1 1 1 1 1 0 1 1 0 1 1 1 1 1 1 1 1 1 1 1 1 1 1 1 1 1 1 1 1 1 1 1 1 1 1 1 1 1 1 1 1 1 1 1 1 0 1 1 1 1 1 1 1 1 1 1 1 1 1 1 1
1 1 1 1 1 1 1 1 1 1 1 1 1 1 1 1 1 1 1 1 1 1 1 1 1 1 1 1 1 1 1 1 0 0 1 1 1 1 1 1 1 1 1 1 1 1 1 1 1 0 1 1 1 1 1 1 1 0 1 1 1 1 1 1
1 1 1 1 1 1 1 1 1 1 1 1 1 1 1 1 1 1 1 1 1 1 1 1 1 1 1 1 1 1 1 1 1 1 1 1 1 1 1 1 1 1 1 1 0 1 1 1 1 1 0 1 1 1 1 1 1 1 1 1 1 1 1 1
1 1 1 1 1 1 1 1 1 1 1 1 1 1 1 1 1 1 1 1 1 1 1 1 1 1 1 1 1 1 1 1 1 1 1 1 1 0 1 1 1 1 1 1 1 1 1 1 1 1 1 0 1 1 1 1 1 1 1 1 1 1 1 1
1 1 1 1 1 1 1 1 1 1 1 1 1 1 1 1 1 1 1 1 1 1 1 1 1 0 1 1 1 1 1 1 1 1 1 1 1 1 1 1 1 1 1 1 1 1 1 1 1 1 1 1 0 1 1 1 1 1 1 1 1 1 1 1
1 1 1 1 1 1 1 1 1 1 1 1 1 1 1 1 1 1 1 1 1 1 1 1 1 1 1 1 1 1 1 1 1 1 1 1 1 1 1 1 1 1 1 1 1 1 1 1 1 1 1 1 1 0 1 1 1 1 1 1 1 1 1 1
1 1 1 1 1 1 1 1 1 1 1 1 0 1 1 1 1 1 1 0 1 1 1 1 0 1 1 1 1 1 1 1 1 1 1 1 1 1 0 1 1 1 1 1 1 1 1 1 1 1 1 1 1 1 0 1 1 1 1 1 1 1 1 1
0 0 1 1 1 1 1 1 0 1 1 1 1 1 1 1 1 1 1 1 1 1 1 0 1 1 1 1 1 1 1 1 1 1 1 1 1 1 1 1 1 1 1 1 1 1 1 1 1 1 1 1 1 1 1 0 1 1 1 1 1 1 1 1
1 1 1 1 1 1 1 1 1 1 1 1 1 1 1 1 1 1 1 1 1 1 1 0 1 1 1 1 1 1 1 1 1 1 1 1 0 1 1 1 1 1 1 1 1 1 1 1 1 1 1 1 1 1 1 1 0 1 1 1 0 1 1 1
1 1 1 1 1 1 1 1 1 1 1 1 1 1 1 1 1 1 1 1 1 1 1 1 1 1 1 1 1 1 1 1 1 1 1 1 1 1 1 1 1 1 1 1 1 1 1 1 1 0 1 1 1 1 1 1 1 0 0 1 1 1 1 1
1 1 1 1 1 1 1 1 1 1 1 1 1 0 1 1 1 1 1 1 1 1 1 1 1 1 1 0 1 1 1 1 1 1 1 1 1 1 1 1 1 1 1 1 0 1 1 1 1 1 1 1 1 1 1 1 1 0 0 1 1 1 1 1
1 1 1 1 1 1 1 1 1 1 1 0 1 1 1 1 1 1 1 1 1 1 0 1 1 1 1 1 1 1 1 1 1 1 1 1 1 1 1 1 1 1 1 1 1 1 1 1 1 1 1 1 1 1 1 1 1 1 1 0 1 1 1 1
1 1 1 0 1 1 1 1 1 1 1 1 1 0 1 1 1 1 1 0 1 1 1 1 1 1 1 1 1 1 1 1 1 1 1 1 1 1 1 1 1 0 1 1 1 1 1 1 1 1 1 1 1 1 1 1 0 1 1 1 0 1 1 1
1 1 1 1 1 1 1 1 1 1 1 1 1 1 1 1 1 1 1 1 0 1 1 1 1 1 1 0 1 1 1 1 1 1 1 1 1 1 1 1 1 1 1 1 1 1 1 1 1 1 1 1 1 1 1 1 1 1 1 1 1 0 1 1
1 1 1 1 1 1 1 1 1 1 1 1 1 1 1 1 1 0 1 1 1 1 1 1 1 1 1 1 1 1 1 1 1 1 1 1 1 1 1 1 1 1 1 1 1 1 1 1 1 1 1 1 1 1 1 1 1 1 1 1 1 1 0 1
1 0 1 1 1 1 1 1 1 1 1 1 1 1 1 1 1 1 1 1 1 1 1 1 1 1 0 1 1 1 1 1 1 1 1 1 1 1 1 1 1 1 1 1 1 0 1 1 1 1 1 1 1 1 1 1 1 1 1 1 1 1 1 0
49139 67600 33878 1882 21723 92749 69620 22261 15711 38373 47491 65728 99381 17308 54128 27827 84157 4826 12793 26982 67913 18471 82946 9740 66045 90480 9358 6924 70546 38802 71433 19754 99986 63951 74136 66849 50903 80184 88467 29803 57271 2205 76689 60747 47019 2342 99305 4588 31371 5059 27159 42828 47372 25714 45965 87702 40733 82595 30577 39271 26195 92778 77468 98066 25663 17665 52031 63233 57237 74430 40510 61775 27759 50168 26015 32869 71328 94003 41572 98306 9029 91805 59680 9393 49044 33771 83156 55513 40921 41420 92651 97443 2780 33883 58619 94365 20470 62727 63700 61808 27642 3397 52863 45026 21323 18660 76849 57799 24280 51206 55081 62019 10679 68332 76570 58803 57241 92014 40872 94191 53636 80947 71175 64917 52770 50474 19033 57559
49621 4702 37585 64325 83403 63511 42709 15333 61333 28172 15421 20760 43335 57644 23278 57398 89320 92019 48560 84377 43208 26780 86558 5887 48906 5152 62703 44813 1735 76483 4879 47508 32368 54733 94650 97595 66506 98785 44221 43096 31806 73133 36299 96998 50507 35032 86926 86240 22493 73754 22920 17001 98389 88137 17861 39749 10030 85120 78794 73096 62409 60482 16599 80104 13331 78648 5131 16641 38029 19041 38801 21596 32485 86505 73127 12965 37984 84918 23711 25537 23144 93617 65859 78042 25516 80128 3620 73457 68889 46575 90268 62615 28223 3457 56991 18397 50567 41256 74991 35342 131 97451 15207 98578 9147 44067 40830 29502 17226 87263 24897 45915 879 7827 20454 25311 34459 27853 12099 78186 60994 65713 62191 88200 88489 13305 93533 51067
80463 34571 54498 46710 35294 83910 77685 21306 76207 28947 57108 73910 75387 50441 87594 92311 69875 70470 29378 80395 61635 63763 47011 44815 55067 4106 57107 51263 50143 85784 56089 95275 52152 99958 89087 93940 37185 45941 42495 55456 22630 15622 14804 35758 51882 41252 96936 43166 34142 43606 73933 86855 88760 87486 51691 20360 49403 94913 78337 36171 10008 62125 88438 83160 17347 89749 615 62177 68965 39096 41864 93199 51255 32139 90698 94831 20754 28936 75295 70961 81829 80258 8647 98701 31383 73302 14884 45404 64771 55730 71215 17681 69575 97754 35219 82287 88487 80779 65682 97365 10175 28006 13108 94757 95871 7154 77434 80771 78347 72281 33191 14615 52337 78950 80193 16878 92762 40689 15263 27701 27576 45633 67777 95316 80176 37533 92089 10022
96257 58151 74701 46266 1457 82176 6790 65789 20353 46060 69218 11102 86854 36220 64725 92171 40473 60502 29323 555 76231 69944 15576 62054 72243 34049 80852 3146 77967 97476 28307 23024 50004 10170 6308 15725 56854 30877 34672 9531 72638 78059 18657 49660 32008 64654 201 34261 96734 21466 29815 57048 10154 41077 61316 43380 52363 64783 84662 20715 28658 35349 46469 12572 88826 64383 33018 41822 65791 38845 25475 17905 93162 23547 97424 98116 16352 3032 96414 10304 7586 8301 27694 59737 61520 57321 95166 38614 33035 37906 72280 52790 80948 59130 39990 51397 30597 78115 56405 83284 40713 78684 90940 17310 75175 69436 92252 13885 19479 65248 27010 11400 86869 71549 99301 19585 40222 37709 3163 89463 82445 22252 44798 95619 31408 51435 63863 99334
18972 74808 82371 7344 37373 92869 58888 45541 21813 33784 87795 59532 50852 80162 19348 42105 69762 29956 43743 1526 21581 64392 93597 64734 26834 95495 59319 26099 16390 9108 85255 52988 12185 60637 32629 57027 83403 58924 84124 69 55630 87847 50062 10914 24559 42603 51906 22917 50652 68522 44807 46560 28476 53884 57255 14751 11668 37484 86041 63614 82637 57260 12286 51041 60138 69661 36399 40409 24895 58109 92389 82739 22338 38213 3023 89946 1365 53626 99142 19341 85963 51621 40266 12550 58484 3389 65133 5765 67127 54929 81475 2904 61108 69652 9129 20083 53930 14565 58258 14796 23316 42896 53433 57419 56232 71832 45593 62562 69727 77286 79483 37591 30529 89691 79600 79398 92014 20188 29680 90217 23159 33132 43937 88675 15117 22793 46077 55522
52376 76215 47487 24547 91797 42229 87054 29386 31015 91262 19277 62581 54229 41246 57724 81421 3547 34838 37873 29039 72769 94020 48195 21334 55447 95743 77534 30387 74477 74671 70320 953 5602 23976 32068 1761 81319 95727 7527 3596 59692 12729 87825 77213 80477 50287 51162 3172 89722 82632 55537 92516 55266 78108 5341 53301 57435 60511 47445 93641 97259 79139 899 64397 64872 59364 38379 48034 44375 31489 71390 28275 61416 7939 14927 95871 18241 90345 48698 14250 72261 88910 71356 42248 52419 73408 53042 83949 81407 20458 16399 43927 950 61125 97905 17917 87676 88655 7816 44770 46235 87013 59874 12563 45823 77295 47134 59664 51293 38748 20506 35110 49177 34286 23098 29078 10439 97202 44492 81209 86376 85652 52909 47995 65619 39388 16013 80212
49680 37118 16401 46344 59453 67278 57362 79113 5689 46657 26200 66392 68013 39447 82285 46979 43169 4069 65222 14503 74197 38121 50804 68994 12407 12640 66456 91175 13530 39451 29896 75132 97935 20021 90054 15011 16346 48659 6182 51988 64729 43729 16777 34567 61102 21244 89870 91853 54028 69140 30683 7741 72232 89759 23049 11748 6252 72994 79051 63761 64633 82180 55694 47237 98310 15270 24444 95093 21134 34496 37191 63484 99381 11673 40250 2685 71499 72724 52334 10448 77249 84407 23857 52132 76083 34680 81067 52059 18540 88836 7519 86822 2052 4944 20383 38933 691 71580 8321 468 35536 64727 33836 7537 18200 33127 60102 50713 88370 85647 11880 88520 57098 77877 68631 59015 7958 87296 45716 29102 42478 1069 20118 10519 13936 68993 6507 85960
37425 94271 4900 87567 28243 79577 93023 73265 91746 31264 36122 14364 43923 88886 55639 59641 22956 52320 14538 48371 64178 29104 30409 62052 67039 74228 36472 51648 87332 49277 41096 78099 38265 72085 94487 42006 25220 11492 29214 89550 74044 49697 96244 90716 11518 48878 76742 47232 42619 79897 41150 93336 20224 87196 32933 34570 81261 74739 73919 23517 24283 55496 19330 98556 84825 38982 8364 93083 48913 43805 73039 58159 28042 58579 24182 74515 28923 32005 79588 72155 24496 6924 13701 65146 5680 59645 47848 6172 63745 51414 14780 62617 86137 23934 34887 76926 10038 55370 56041 12581 34215 16150 53568 15217 22597 94516 27995 80968 16581 93845 21281 32603 77046 27040 4770 58623 27656 11940 69896 21515 17702 97876 56033 75909 90888 46566 34804 74958
39913 51331 31622 48427 2316 17672 64556 95597 4802 14595 72805 91293 10091 66413 8030 94501 53846 21300 67906 17150 15997 95736 35292 92309 47475 44452 21874 12671 29158 18833 98421 41494 55639 88567 29473 43953 63790 17070 19708 75039 48632 79403 19651 61705 3930 17824 21258 60984 88816 12878 3779 59209 16108 72586 79310 52425 21080 33210 49493 75839 96376 83267 29540 91873 73006 67097 78272 61696 34539 49393 99580 71091 49101 51673 25487 98544 15175 6587 12685 50492 76126 11725 39922 4541 31274 74454 91268 65697 62165 43390 63924 32049 49289 59526 86431 43701 88920 31070 91941 33911 12172 67908 88224 5664 50024 36033 23947 2219 98851 35047 57566 75757 15499 83637 98785 83516 46847 26848 78517 93069 10610 23525 4202 39566 80378 47330 61868 75017
40444 55142 18070 13343 82645 57473 77294 36611 14756 97783 9728 24828 9661 57505 7828 1339 48685 27970 64143 47059 22718 5220 9079 35227 60710 55400 63710 42841 74945 99417 83058 87362 8900 35074 46907 20741 87860 51454 28052 16591 78727 55055 96367 68606 66965 71645 23647 20326 91257 30416 90161 49214 14911 20319 86229 44260 34353 2952 23510 65456 77662 26024 33989 25638 35110 2617 64675 2725 49040 30447 92988 55206 17855 75187 81114 65762 73117 77984 79143 98475 41439 43204 51945 43542 17597 16132 93629 70695 52 44200 38906 40632 55311 37096 84670 27469 85912 86788 86897 5805 98916 45784 53929 68835 41770 56851 17955 27728 62802 42101 89025 46447 63968 32945 43428 23150 51618 84449 46420 97248 85068 19918 43640 82543 59484 14652 24274 71141
47617 1709 45409 2220 98398 87734 14266 34457 97027 88350 64241 47484 61678 35236 56117 80486 74026 93410 54006 70098 92835 56428 15323 7902 47539 2285 94799 64176 55232 99711 95084 33026 14006 94304 6095 54071 10799 11351 90770 15504 66335 7321 76145 40630 31200 24779 69112 2513 95074 56603 62028 60596 25222 74634 58324 10223 80115 9734 52832 45660 79551 88005 59871 18404 30038 32109 86371 63780 97862 42733 23952 30348 88916 13720 21198 65162 36649 36393 25949 64595 40937 89663 68261 79229 7383 63524 27304 56895 6889 47384 75936 42422 57280 26619 45650 49235 82855 96672 85673 65584 41780 4633 87055 83571 3242 68398 93580 89670 9821 7743 15990 54399 89128 37164 26622 44903 72478 82634 76158 29760 23153 25271 60926 53595 44250 30000 78705 51223
49440 72543 39993 17630 83910 82560 60386 25162 37246 90783 91873 25418 4216 16211 64664 67711 4086 41761 60399 50564 23502 93111 62364 73719 87132 27449 997 55452 90789 94939 67251 6600 26860 7596 69622 30112 84448 41383 49229 37872 80658 36611 41959 17893 87589 24818 8130 7548 61049 45553 2067 65506 22137 8115 18585 79057 63261 99761 64653 91742 72221 71773 5410 85196 46890 49936 43543 59785 64926 2603 78555 15462 98759 37823 77490 47844 94167 31860 90142 88677 45961 61432 16914 20534 27187 38818 55891 6877 70144 55540 78056 73167 41513 68000 30112 68154 78057 57007 52184 57038 1366 37339 53032 4794 85580 16915 31413 94949 44305 41748 33259 28395 17474 15438 97782 30624 17398 35511 59465 536 40774 499 67763 3351 77871 49656 21343 87302
75091 58382 64122 5721 57451 10521 33895 56732 92186 26761 98095 10350 44697 74446 1372 75923 12545 29001 70485 59552 18673 17688 62341 48276 93100 63120 9135 96383 26403 85608 87289 45627 18856 68113 21061 72769 29279 28840 60363 38531 22088 60895 85099 60445 76626 9504 33133 59659 85773 64331 26068 2126 76473 65146 70050 32212 53975 17763 67397 57070 21027 3743 66311 61374 79073 12639 68195 55049 37732 93539 21691 47926 24290 54048 99134 8483 25862 58838 13064 49079 37197 36120 6552 90323 82026 31876 63741 95018 8392 70783 92777 73843 88672 28891 55471 58535 61962 35518 58963 97466 93952 26835 80582 37589 42094 49363 24130 41630 17915 31805 79742 47945 87888 62259 75685 87781 72404 44338 99522 81702 34261 46443 95844 31794 42384 35989 55766 27166
9222 44694 93125 97551 85333 83334 68674 90121 45891 14859 26619 23358 55719 70357 78870 5955 16987 11190 29250 94804 40616 5217 50737 38320 90730 68334 2093 75559 44661 75139 30853 64222 64675 45161 52450 43302 4048 54560 44231 45195 8269 67192 14715 92570 97954 98179 59980 35837 31079 65017 18267 51338 3861 68266 46031 63623 19895 5941 26763 70453 1783 41502 44952 30234 98675 71656 46564 66895 51121 28423 34606 98026 8422 69419 63483 79371 23380 60343 89586 97989 40055 18696 7817 13991 69025 16649 78366 64898 17823 74521 98927 22780 72459 75279 11720 5941 95799 12272 4195 2395 93454 34658 73810 92346 43100 82350 53097 3958 52707 59746 78036 24672 73562 70627 2797 59362 54625 96121 69215 71710 80456 6258 31133 19355 90952 86034 11769 55776
88005 85310 54528 61445 3467 22148 29600 55923 91119 73685 12695 75288 78692 94051 31610 98137 66856 27364 1345 61777 97214 3779 61997 78478 40823 56305 50578 4673 39616 33361 84095 11156 82898 85598 23058 56507 51376 72994 12335 94499 13439 19962 18347 43291 76494 12237 92559 38683 31091 91346 75530 41366 13934 55809 73939 35663 27678 10712 44612 76312 31301 71765 23517 39470 6903 75395 21318 33498 19701 35973 18922 34140 40641 15817 77271 12892 1646 27598 62409 8396 92410 92839 13281 93482 30423 21388 98787 16207 35555 60374 30941 3912 93409 69038 99348 82778 71207 25346 34770 48720 22561 61304 7698 74072 94613 78015 54107 82506 38397 46948 19068 10426 18359 23710 25074 16718 1834 90308 13504 30031 65718 85215 73262 61937 9569 39634 24552 98985
63433 28847 81088 38202 59452 40730 65489 83344 95443 72142 50683 21716 31500 93992 213 93324 61696 24331 95986 93600 78637 55417 95738 36863 29949 90592 56088 91927 17158 9774 40110 63906 90458 36737 69519 5154 8794 19167 44088 8328 24929 9142 70898 77815 2996 91336 79601 51522 67228 52508 29578 79368 76485 75709 34443 20010 75803 77944 77552 52226 11810 85726 24797 95076 42066 26850 36621 24171 3331 95224 57414 47081 84486 42838 14488 37296 17219 42479 84012 97914 54029 20470 98530 44840 47013 96094 49582 2354 93787 39380 27593 3926 92699 63671 46977 22617 8803 3051 42274 54555 66614 18128 56373 71668 4048 95005 43942 7802 86670 43760 67393 56311 76485 90785 98921 6792 1478 64058 4723 4213 76619 95167 98132 84774 65511 2048 46707 47724
18517 57048 77850 45838 24396 61814 9402 59853 72333 74632 14927 76150 74378 46645 35585 10154 8044 79141 65202 97729 53645 42700 78060 11837 87414 58394 5241 43600 92215 18305 62995 73548 74059 27 72205 76893 43664 89564 42582 33375 41957 63588 78056 65124 66549 3117 19397 44252 29436 90146 78246 91295 62325 19101 13437 78245 53141 54458 24233 59998 45857 14271 15193 63362 69867 98999 67230 70583 88183 86829 39252 48186 33645 69099 10542 92175 30647 60767 77418 94567 59752 20207 60061 30204 11739 67316 860 54293 8973 69516 50947 65393 62546 18831 18643 87997 24120 27121 15585 15195 20391 11897 10700 41429 755 31829 15002 79577 90698 77036 65898 14266 36460 28469 9809 25274 23518 980 5364 52278 87086 91561 33613 38604 45467 61305 5651 91651
41841 47652 63680 74672 13599 19362 67730 86604 67606 91062 44074 85045 72251 88400 13401 74770 28435 64207 18825 64766 13341 97320 9851 31573 10619 36318 49888 21739 80154 69258 14520 57365 19902 41902 29544 14257 52380 57272 56661 87543 89222 13605 84506 23390 96161 5984 55158 90495 30693 19460 67910 81689 14936 32556 74896 11286 86385 24038 98771 90414 58017 76105 54613 49924 34193 27654 39171 16718 49231 54067 64371 84339 886 48846 68721 37360 36985 152 86990 9755 91670 98825 23633 42690 35515 6882 39360 52687 85248 19599 28777 18343 14789 69097 83958 67229 76398 32709 21602 70976 4645 72309 32899 27097 75759 40657 31608 33195 8930 58071 57828 87718 64831 69379 78656 91617 29258 88112 22273 39623 48384 4100 61368 76069 37641 24956 11724 16451
96255 2763 67034 51176 17445 93228 57948 28335 84828 55217 82364 61967 48923 6059 4146 97562 59776 15051 77613 67603 13506 9750 1232 12364 97809 97552 91172 6366 56636 14040 20670 91369 54067 87771 39457 48555 67242 77550 22212 46329 51561 20177 84812 28640 76894 419 4058 30609 83572 79667 88578 23280 3598 10138 42378 39059 43541 41736 59618 56126 31403 59194 77359 73234 7424 54660 4932 34506 39447 7873 15601 22678 99613 91031 15100 66435 3817 97662 44938 68995 25899 34150 98196 38647 14349 53163 1537 55034 66947 34431 59016 68982 10289 31584 34807 5317 81173 47545 48701 79866 24540 37138 43828 69613 23530 63474 38108 65067 43328 61243 52878 66358 62310 25737 92646 18035 81523 34532 59136 48698 11958 6968 25201 26739 4666 59323 19569 31117
80499 64977 98881 89646 22514 68963 9921 3502 86766 90763 3966 65832 83424 18173 44765 93796 17317 35272 39353 20727 36441 29607 58950 11231 18441 57773 371 50996 75692 99042 71228 90406 34424 76237 16725 63877 59342 91935 65734 53174 41115 25712 62078 51436 38503 64419 87351 69625 36793 39684 11282 52927 95878 9882 52734 68429 74604 81866 13389 14013 52667 9135 78213 58725 50718 20153 63548 47718 42047 88287 88079 36235 64120 69630 45674 16583 58331 74380 86898 73709 15614 3697 58574 39146 93115 95092 36589 75722 9597 77165 37620 93596 37384 31841 52147 38453 99075 8455 10825 79667 78390 21049 11400 95788 99645 86636 99233 42710 38429 65648 56154 80727 35982 71653 17246 39385 39388 80253 90215 75159 14865 39874 85184 53594 82728 15001 94298 84907
47740 12720 94835 96462 49775 63164 93203 47454 12556 78395 72884 48509 17772 79001 11035 76241 44804 45970 23406 27251 91876 31892 72955 2126 64434 36385 17942 51923 18358 35065 97 35963 44957 1804 23617 76082 33464 87648 77421 77592 44121 66936 19894 52219 58432 66785 25395 49330 14389 20345 43668 81950 95294 45333 76882 13747 42537 18844 38793 90168 28288 90098 11066 40584 6583 71856 54309 55430 89370 77302 78883 29584 72598 22630 54501 77631 17237 13361 16235 45150 64407 5405 65380 18325 16400 39200 61063 31277 39836 88063 29116 39594 39748 8964 52550 7273 81561 26623 59384 24385 4922 16618 11757 89708 46439 8620 82141 48375 70200 18570 75763 55989 80913 39915 4678 86800 25995 5008 41431 2563 98942 87919 67110 98601 91467 17160 2118 72530
24843 74034 82401 29238 23016 98483 61975 28075 56583 77421 46888 12574 42437 50245 73690 21124 6896 66677 44014 28020 22111 10367 40337 98204 10699 76126 46782 41817 10719 42116 39100 96005 65588 44691 64786 88597 50719 90038 78008 67546 91761 46759 64945 40192 40618 32957 2464 22854 44417 90498 59045 77719 4974 14222 50691 39409 62838 9949 77168 90252 54643 97154 71397 32190 44703 97121 79145 37144 4107 51634 14126 58532 50692 57942 64321 28868 60155 18093 8164 84763 75543 36888 33101 54050 21992 63608 86627 21065 95559 34135 6505 21174 10369 52299 55312 60725 80831 81155 36364 750 33448 51225 53485 86919 88075 23 52651 34506 52259 14420 64947 32484 53853 87967 73686 84058 61457 60008 71357 60257 95430 6034 72087 55092 41589 5178 89916 19931
29919 53197 36746 69195 26525 74457 13773 94184 1470 73489 51421 68466 7453 97122 51558 96453 64571 44070 90737 1642 4844 42269 81552 40587 34863 32657 44566 76196 6964 66173 90787 72702 87103 61153 17984 79688 87140 54730 9582 39084 22070 43826 95531 77183 7929 22138 15870 25453 83729 25063 82583 85009 6157 18373 97947 15817 68904 43177 46830 6369 56541 95954 76243 50995 3980 88316 5135 50762 97399 62758 27083 30263 19322 36437 10393 10011 83894 6667 67338 83217 64923 56232 84749 59923 9121 18544 50202 4422 41951 99615 81359 82513 62571 72044 17223 92181 57198 38467 59932 34506 84016 64250 13975 38847 6095 63163 86774 69910 51566 92223 89252 45894 89999 80989 39707 42370 84454 71951 97659 56250 98326 77781 36436 97870 71318 38579 572 70273
7588 44333 34006 19861 39404 76106 82208 51328 71050 36264 86491 23139 32078 70730 81212 19543 68423 36347 73554 17594 94765 75411 32829 5333 74985 12686 50080 97848 22577 29004 31546 47050 52572 52005 75362 9813 36759 73511 92609 31702 29643 69938 31583 7855 70934 41216 52424 24196 917 99179 25471 48986 95111 45813 87369 42478 36159 85838 11503 89352 47163 1235 56614 28375 81082 38904 81474 24976 33414 21408 66668 94044 12026 87983 80336 25700 65186 5803 74370 40455 90801 95411 32502 28309 34098 29208 17812 50779 77393 39069 12310 17362 71840 91167 10660 6096 98409 67810 12542 33575 99318 17539 15705 36939 30599 11988 58936 48758 22871 21586 15444 9927 31911 16054 45934 33469 59157 26454 5471 24098 57631 25197 3724 25524 22192 96352 12379 68231
64658 22636 40844 34358 67008 98357 21862 10150 95720 62627 69498 21125 34602 56360 45340 86266 86589 88599 87938 50267 12313 6249 34320 81603 35173 94523 72003 806 49225 40495 59213 17664 33383 72880 38762 94503 49146 2736 33235 74513 85261 63676 90063 50374 74169 39332 69861 96743 10059 89359 66161 86451 83630 49641 55355 51968 72338 44207 59353 26907 63289 72384 35691 95281 28817 73457 30184 49164 2792 54571 63663 73874 20993 91232 86311 35147 13537 17457 89115 19071 91381 70010 61546 45560 83748 67726 56754 68583 51388 96474 83975 16280 46110 90868 78184 80065 27853 84851 27775 22341 42670 94207 56435 57532 46564 28979 9638 15390 28670 84142 53977 18447 45186 38839 77243 56938 87440 46583 7498 90028 79556 66985 66135 36114 24335 22211 60475 35861
47581 76504 61189 1711 99057 28651 46168 97709 3236 66421 5254 11386 13245 68568 95495 14761 59768 26756 60710 56583 54982 41442 45391 24518 59046 21460 97708 31512 60476 9101 83184 32250 38774 18453 88188 29796 37847 66164 94488 49597 14021 30323 68104 20711 25069 44632 15985 77182 60712 4615 55952 57992 34895 99026 57735 69243 50201 50827 55131 89514 28844 13305 97724 73756 249 54697 46586 3862 81884 81086 8684 89477 61999 85629 41623 7545 80691 20366 18130 56799 34908 65805 68508 82605 16988 3596 3142 22358 41798 74828 22048 97500 89135 20373 16370 21518 28343 49592 15882 8548 5554 78283 50317 720 2107 99971 61617 16166 92867 12095 29017 17746 2318 99101 93193 40845 52801 57002 64784 35471 88199 91301 31244 79762 85132 77679 58725 67793
89656 41865 73547 97699 87376 38068 32771 44395 78045 27248 46493 97724 33007 39175 21068 64280 54342 80672 49456 37103 47827 259 17264 34264 34920 51388 45573 23104 35194 66050 22851 13368 84956 40777 25678 66782 39054 29105 87512 17026 40092 85513 37857 71147 84741 5914 15503 5388 80060 20736 92669 77605 40180 54284 72287 79252 65804 84555 68577 30558 15857 23318 44071 56791 991 99269 616 88686 72828 9522 78317 63292 47604 39376 30814 81669 53366 31624 16831 22295 94354 89354 83404 63241 69393 75710 41195 46647 42029 43387 46153 62146 42367 6516 22355 22748 78130 89078 25150 64449 60318 5243 75204 93826 34474 28865 44309 17125 5431 90284 77708 54801 24956 74340 74640 91446 23645 47560 42815 68516 80599 98355 37972 70990 27667 19730 15076 69139
79377 83859 25766 89446 90603 17748 98542 55680 88818 89094 4545 27811 45299 77450 76252 53675 56552 77768 16724 27584 47387 86676 25435 30370 26390 30987 42516 46566 75027 14406 24327 35353 62334 5148 71909 65142 99885 67260 5974 17567 60871 92666 96875 16415 91424 26700 93454 32665 36488 32340 44805 23452 82432 46309 15434 16781 69748 44540 76558 19227 49431 3336 50009 23777 40511 95764 68977 1892 3681 83493 48106 17044 27948 37603 29514 93262 28412 69401 7975 84712 86269 89588 6190 19922 5400 78275 83280 47009 79679 61314 57761 88053 65719 47762 90438 70211 29909 74687 13301 19632 47238 30206 18695 70308 66012 1662 79270 43776 3693 70795 65042 38820 51785 92537 16832 5915 68182 30667 32657 43828 54482 73087 99908 91613 57006 82707 17442 18622
5486 44086 58728 62759 28744 76991 41375 17616 70510 62678 96398 41260 92375 94087 10587 16078 64354 61906 994 77872 85170 5044 55868 87013 85636 61028 99054 81842 2516 19620 21732 56781 3124 46320 30593 23432 10571 7803 14211 42665 83996 50190 30804 17551 36955 94334 96678 94096 42497 8734 24398 98497 91843 77255 85548 63446 5939 83120 4264 87990 59556 33866 79938 39015 76436 71281 68128 64931 5344 85762 20932 98087 65342 47181 84426 74286 28584 66802 100 2106 92951 65238 49738 62975 82296 3891 61590 60954 73278 7531 70638 40105 40285 31035 97884 71620 91757 70278 60991 24663 83773 20975 38882 1148 96657 21858 93387 97146 95680 87705 45788 52298 94079 58360 28989 21460 27037 36845 60849 97246 36903 2866 93438 40737 73308 37997 34058 22312
84934 1383 43028 78329 16361 84057 41093 11015 51917 9 70711 77105 80062 1127 26554 56146 73902 37435 21288 75642 61970 38397 24061 19486 43462 42889 40139 2615 54186 83175 39740 96592 12667 75508 99375 83853 27151 4690 73990 24615 99857 45978 10239 63512 86302 3259 3026 19153 77151 78040 34616 13210 21556 89230 80798 61553 82773 37527 92435 11142 95875 52640 90430 18483 79647 92416 36666 4715 98472 23383 8819 26849 60818 32657 99884 56238 93056 43285 462 92062 4650 74352 9405 41993 5919 88833 15557 52178 99344 27212 86262 60884 87249 33378 32189 74813 65223 48022 84700 29162 62008 58763 87469 41868 51920 71863 40047 64129 61004 23276 81013 77768 78415 6924 91016 6050 57292 80042 84716 37164 96261 68272 81501 17985 84086 5474 95321 44069
82059 62129 13829 1887 90215 67464 59937 52703 30342 8714 40869 81098 88218 79565 41234 8371 59513 41477 20033 25828 71392 4174 46540 97069 2264 44650 68237 43906 9116 53511 69445 37716 1267 48869 78125 1423 79855 59073 9666 90253 91330 48488 8991 13740 16244 19963 58820 71118 6864 75541 81328 84712 7998 11101 93792 11412 80406 4309 58134 72447 12432 26220 20005 38135 54029 25109 79210 21217 68604 45281 96029 93504 82113 27977 78151 53787 3463 2178 66658 39440 14947 47993 71775 28607 6059 39267 51585 52611 64117 71095 23942 72079 71580 68837 33946 98007 61603 46991 7475 19005 59664 3423 88537 28677 47351 7409 35029 67958 38828 24126 73308 32997 11844 79126 72910 15011 70094 86393 8572 2290 4033 27211 36764 55220 57967 2630 97936 89966
90868 83820 90574 34998 76077 95025 64843 48432 13230 13850 96079 81000 22352 31668 66 924 10662 6238 65601 24699 89578 71263 78395 543 98997 17307 53058 56600 18402 39680 14163 15604 23945 61176 33578 59917 91596 95815 58488 40957 92006 88549 7196 8049 16384 18491 1283 68627 35056 92548 37357 86005 91563 12058 39896 98294 85368 67541 25781 33193 48856 77834 41513 15644 65910 3505 9618 29558 33767 5973 27804 65571 6258 34723 95453 19680 64950 42566 41464 81796 57475 10211 10173 50159 45468 9023 97633 22448 67780 46952 50366 83887 43423 59147 23227 85253 75597 82667 4442 39114 19247 23450 61609 21229 99730 83110 89297 31782 7461 63396 49701 43523 56452 12428 23162 24058 14603 15383 55028 54868 68205 85929 78139 63547 84430 31086 57570 77664
11786 80111 66633 77964 4133 83868 27697 36304 7654 5663 37896 46542 80325 64403 76841 85014 62873 50650 73697 87208 53067 75136 13175 37000 71387 12838 70594 37158 55042 2436 98933 3357 33047 99532 13883 52596 65293 7186 85974 28557 52392 65558 6467 57437 49034 69632 48974 67994 17751 77035 69267 41562 70895 19845 87021 72176 812 78231 90947 30174 69983 8970 3103 60613 49180 38853 85549 59752 80383 53003 68471 21936 96469 69995 73103 99773 24529 85160 99702 95682 101 22778 82534 46716 66507 58224 14061 32409 10697 16045 40699 80057 10652 20559 82167 52825 80270 68182 52782 61009 80352 93539 50297 15418 98459 49464 53453 44854 47118 71523 25649 20876 23049 88137 22567 20851 10237 7906 39861 21241 48137 80793 87163 32787 52397 52792 8225 95357
80329 47263 67554 51206 6502 37460 6496 20670 81185 16143 87370 88757 53991 30567 88009 84679 4557 7605 74856 7351 17480 55813 27777 9 11899 19661 89093 79902 93910 42460 36194 58677 71484 46717 78065 44073 23152 3746 46253 32978 10271 54689 63492 45024 65069 10749 58969 9735 19048 40350 69115 69202 35731 15996 11852 48063 65793 98244 63698 31025 16789 72370 32665 64478 33420 93544 64240 91080 38990 6066 50607 42015 52530 99174 78300 12649 17868 3397 50601 52333 94989 95519 22305 90784 83029 76834 47872 8079 74405 84378 19942 89325 79330 12845 30405 32905 66630 16513 19782 88598 94343 84689 58559 30877 73916 63519 11199 54230 18636 73979 19007 84919 96759 81407 86661 59490 52889 98952 30498 54224 75893 31501 30184 74277 71854 49307 58823 64574
69702 21238 35433 29398 40294 64952 93812 11591 9670 36494 43274 54388 28405 66356 8302 13994 74638 19160 5610 37510 7100 52135 58562 76906 68846 4099 92327 39510 85145 51014 12166 35332 75017 77183 399 50447 80577 78456 35748 26550 49173 40617 60396 5285 41153 39585 63472 68386 37976 59215 20375 38149 82682 62329 27238 68313 91728 10360 38588 65854 37407 7173 37570 34806 19291 51844 98617 53600 88778 70517 15848 7342 74049 83386 11321 36842 47210 15861 68199 46469 37921 19670 47427 32040 85745 59301 60027 89353 54100 75016 87596 59288 49991 58145 77565 14103 56596 31312 55147 1599 62523 39022 89809 2335 61457 83926 56682 36854 46229 45379 34172 83971 16260 34930 45067 42481 11629 21578 74744 18894 15013 84329 52811 80921 67297 31959 71743 54811
53167 64366 54427 1122 60747 49014 18141 92023 82758 73855 46455 48871 30829 7449 94923 96186 43775 87939 62030 97641 27200 77415 56552 64872 92785 88957 46798 52559 51575 453 89513 53171 99858 82354 8651 6472 58662 33395 9770 77600 63695 8426 54466 18487 74499 13271 96097 92752 88495 14147 6767 26752 19856 92311 38230 98482 77663 33029 98143 81396 57039 60424 76602 38056 99839 98971 53600 52295 77514 91578 79911 79429 64511 76171 49681 19799 78738 74118 61306 97659 71611 75644 17170 74138 142 28568 72503 32157 74612 41889 45832 61068 47757 68874 12929 54707 49813 3194 56232 53428 97047 72806 20818 68479 23386 4437 67295 94851 88468 43107 44837 42505 54108 21042 98712 99783 24204 47898 38159 14198 7355 98112 13229 81232 5823 10963 85366 40406
6048 35453 59028 66506 58972 43689 6382 98213 92412 34490 52651 7433 40015 70057 71632 35156 40656 62418 90752 19931 37711 32360 8108 60427 70939 5977 54840 54056 24448 36227 92399 74851 79809 81185 59367 44954 27877 12604 99592 66472 59009 41266 83174 89770 37138 81541 72483 55228 92496 33520 58676 99004 6803 8938 24239 53891 86923 25058 60559 88307 93523 31495 14350 23235 97991 43063 17149 99725 67192 56511 73916 61776 90911 80688 29226 53633 83133 84114 89185 99717 63276 8101 34030 1752 85789 59122 52271 43804 38219 29461 64034 87975 11570 62491 81135 23598 84032 90565 63888 75388 32913 62321 95861 4988 73256 87273 40461 77690 38006 25770 5394 91341 55616 25409 70806 68591 60271 43893 63309 93581 82522 35795 9544 17079 77087 28447 18193 31550
56656 79286 35838 53423 59907 51993 97552 11601 67136 39402 23935 54427 84145 28935 22956 1903 87410 17621 69809 51912 96381 76185 95155 6666 54863 76356 30199 74377 21731 59901 77231 46113 30460 83205 91714 68723 63892 59733 9909 26867 24225 3303 44188 3388 87014 17444 78615 62130 99690 55406 28660 74420 67470 46532 56639 46678 48610 83972 99206 78593 12436 31649 96161 10051 83246 48043 81782 78161 80993 40321 62223 2315 28029 7090 63039 19583 61249 76747 77882 3721 47476 76779 2731 59426 44953 71384 79300 87954 14075 12760 80750 15826 44270 32376 17123 87072 68050 56704 1393 9219 48734 62944 34565 60329 8943 48939 46432 15798 75802 64205 99170 97176 57069 39861 64564 34801 85806 3643 33899 14279 90579 5418 89824 57020 30885 74037 15977 12849
27520 98452 62063 4483 73062 32166 29826 61270 22983 20982 65604 42060 94200 25924 75914 82083 30972 57674 96701 5869 4639 90933 44089 67688 29110 59905 91670 61986 29937 85603 39510 68368 50708 83780 46160 18239 42830 9087 42217 36692 8057 52171 21223 32885 20505 34968 69547 47044 73760 55671 86056 42382 77126 96236 81704 46137 57267 51897 67708 60310 30226 48980 12328 23473 6906 67966 42788 7953 19392 19276 48760 38509 83895 32159 20397 27512 91130 68363 71429 10658 11246 13698 98350 61160 42907 73705 84272 13941 87990 77297 59717 59553 13472 56247 70618 89517 42455 59865 58742 55092 83536 62462 40062 82291 59177 26405 31991 30198 66526 58953 25550 35330 8491 92003 73872 58670 6200 27111 29268 52049 17960 77075 92554 85427 47904 37865 85825 29829
1458 62200 60333 98835 56652 96711 70550 74212 85651 78818 6552 43324 72501 21537 45265 62498 7427 10026 26353 72133 9515 66568 2865 59614 1740 39984 35751 22809 54523 15990 70394 13351 95294 10001 45821 36762 50365 34324 98421 78225 60994 78525 58703 87031 76784 56058 62442 48847 88012 30312 50136 45459 64418 20138 95005 64625 88329 88604 31502 61687 80803 15179 56125 59430 80679 7945 52017 287 82266 7362 20609 87021 44729 86658 59054 43540 7279 72557 82193 8272 51674 375 95182 41823 33177 76988 9375 48036 43664 80347 91834 68715 38727 32599 13831 91273 92281 26329 48961 63346 79366 49143 87180 40659 11283 80596 30090 62551 88462 66649 32230 74283 12439 67268 53805 9660 61737 59041 68049 11465 17335 63237 56465 43355 50719 81969 49936 18012
21440 30478 91784 46611 8745 30761 74225 48837 41910 94400 26308 60312 95571 59566 73401 73554 11892 52971 36074 59040 97260 41240 19946 72575 67797 57090 19476 68698 42690 31677 37610 85604 65269 60312 71610 16955 18185 81740 36995 13660 95650 34962 43246 33991 53851 29663 28369 78483 71785 57280 15322 15675 81491 843 72969 13020 23933 75483 73976 86994 84817 55753 15175 11176 31413 5243 38040 8498 54539 53478 3734 8928 32010 39977 75329 78753 83575 51736 73410 7252 34706 4965 75332 19187 49579 12155 21050 32237 32206 34289 89131 54755 49304 37776 34368 72549 45072 38537 46057 69326 27790 13942 62810 78457 91211 12655 43347 81890 76297 25548 30573 44015 69780 82350 64043 80025 11888 33806 61181 8059 48439 20725 81399 6263 98973 36809 55633 49045
58739 95530 75889 37091 98246 68296 89359 90031 99213 27722 7302 62764 39868 73866 38715 68850 48630 24093 75506 56576 40159 74178 8094 53804 89095 39665 43418 39458 16243 26093 75368 34164 38669 12090 35150 64870 47552 68256 16460 6305 95040 3739 49041 98828 67749 5247 40860 418 95884 48872 34506 43969 53208 51023 4684 79024 90988 19584 77585 54689 35134 29377 88335 32487 65086 40347 26325 5223 97105 93373 57666 42392 14259 10267 78339 68004 78170 81511 35554 75003 47901 91124 2987 96006 42901 35331 91745 62561 22582 95744 92165 93963 82321 28491 99002 76482 78864 13856 26614 56437 61412 3685 93906 48528 58477 6043 71579 89337 5105 13221 3709 5468 66660 44356 56223 96852 37892 11940 88641 78969 77372 70939 46423 88049 48258 2905 74791 96891
2508 20235 92057 93775 36694 48018 10219 52447 87634 84014 83773 44700 34496 59233 97834 83624 1283 52912 79464 86618 45602 66000 64068 95530 42348 88695 12478 34074 58538 87194 97420 37978 96936 54782 42409 45499 63375 65331 68099 12743 75091 96105 46142 47041 21736 86486 71442 43743 31222 2069 12154 38774 248 66899 55083 22359 70906 50372 35337 29086 98734 85623 18556 11612 3867 81299 35589 36185 30227 53261 43261 21227 4044 87131 48522 39941 96219 46397 80313 3984 31650 44402 50738 72096 82328 91065 65311 60679 80423 31304 9350 77983 767 32248 76833 14056 94425 61290 90013 72868 17149 74465 78460 68144 66153 9917 41814 28434 24409 58365 30394 71450 6180 45400 37095 28754 19512 36632 46022 10628 98869 39714 92788 22693 93774 94863 23795 93965
16356 18096 42079 38807 90679 14491 59780 18123 32158 42447 72564 79590 36463 82536 11776 52195 60891 38252 85397 1974 56719 66944 72791 38303 85033 20989 31910 46519 98392 46608 76491 43538 39252 51309 20537 77767 37960 48525 30429 41396 11770 61853 57507 74461 50286 12547 44508 48676 50284 1881 37997 42439 98686 65023 69308 91744 86614 28371 88587 66132 40743 61358 73976 55393 74607 87965 3496 88384 96693 45134 39298 11000 28267 12360 58327 78115 55561 19806 21190 87168 8207 8172 8937 12112 91155 39426 30787 77009 37119 4010 90490 24311 93739 39510 24487 60457 13361 84543 88758 9793 60601 81914 32133 50422 51058 5968 822 52047 77868 22357 52509 94640 63121 80755 76060 77421 33393 71231 14735 31553 89009 39201 74093 94986 50878 30691 52670 38135
5874 51205 46348 42027 65338 32087 77394 48193 42697 28633 40316 43116 30429 38842 63815 51721 25145 78043 7014 33919 28767 88911 48302 72416 8330 27266 65188 20606 42695 70636 48778 48817 94539 73625 55947 45543 80702 49545 84849 90441 81924 25788 57136 67782 19375 37445 17028 67207 6853 52522 90191 61014 90607 57131 77388 4877 22349 56980 13840 39812 51494 42659 27118 96682 61529 54461 86214 27115 45693 52181 89850 71958 49626 43655 82536 11862 66905 30131 59567 19638 44651 3518 68530 91141 31304 66133 39146 612 56833 83046 36656 14698 7808 8345 88162 68555 10620 88029 46290 14690 48084 60957 32110 52985 10479 30201 77087 15757 37679 98251 40821 541 29859 47371 57613 32250 28616 70923 47663 81782 68595 27968 16803 37614 34559 87420 49850 26140
67025 57383 28755 64196 83701 80643 98171 82171 45982 83935 51878 8912 48118 44430 52819 77181 82138 95693 33552 37177 61045 74999 63030 98782 27210 32777 94525 74092 60265 25992 29883 21948 9616 12199 15779 54608 972 90278 48161 25838 23898 11345 34959 86736 7193 43248 88574 60996 11407 61834 31122 14462 34998 21024 63118 42309 57233 94001 49927 12211 98180 64202 43828 10531 18737 49055 62908 28308 41060 23137 96328 10672 21270 15668 11660 84752 38193 5239 99713 28863 9705 47072 75496 23083 85220 19067 55379 4107 91844 1187 50000 63398 30202 38969 46035 58344 12585 57520 8200 41190 67777 11224 6576 34847 37292 63738 57147 84474 69006 72550 1907 49085 87416 84748 45311 39315 59642 16964 28344 29954 22224 99143 9170 65337 6474 55024 5892 31862
74 3092 76930 53076 41821 21627 84125 39081 53392 91541 91063 25200 37251 51870 94568 86858 88323 20603 41817 67002 29614 78338 58796 24331 51849 23203 75644 40883 71154 59557 52423 37874 75150 67904 38655 3067 36020 63428 25252 81362 42553 61947 63044 30697 17466 68886 33451 2948 96470 12346 27941 59875 19776 8814 97172 30689 10674 13292 96870 15117 81548 60316 10750 57935 24768 12942 43426 14089 75784 35778 66510 13613 57466 74911 77157 12072 38665 90283 86693 9385 10788 43798 11540 99969 4445 25945 64649 35314 54247 55091 73744 51787 1841 92540 83111 16287 9794 89176 70895 70986 31466 64176 11069 31829 95152 31693 30135 8194 92977 58114 62789 77908 87130 69648 71248 30984 84942 34687 75118 56549 11129 84435 16589 68375 71492 15891 49890 8655
32413 10018 97233 63389 25794 55015 22771 93040 49370 10942 12102 25449 6426 20602 35033 85283 95629 51262 79068 20503 49784 81786 10274 80935 42732 71870 76734 17148 4555 15287 40549 47097 38815 55379 10115 50281 97449 99024 58738 44595 79295 78508 99225 1751 73897 84929 1220 23585 1944 20158 96629 14527 76464 9694 43651 32011 65256 22487 48047 665 75912 33629 36243 60423 30846 64340 5331 26733 43117 89627 4108 7638 70711 31242 61794 29524 98005 79447 73081 76208 91877 65492 45171 16578 12058 21085 35910 32926 3298 66594 35100 59046 14969 21693 44396 62924 22217 36380 11501 86844 67598 3988 21408 68910 42560 47401 31508 86604 42559 93320 66653 24865 91448 26856 78579 71069 21143 15627 57451 95575 59821 35042 78652 924 44860 72558 52307 40563
94288 69589 69602 37543 2226 42189 68784 49851 53714 32952 47428 30307 37130 69459 10876 55188 60603 35181 93186 17266 46291 12805 42172 77611 54072 16661 9181 69110 52792 59041 90498 50399 47982 6245 95018 50540 79750 73434 16440 53691 82879 40774 65087 51813 11752 90657 57453 66948 45812 80761 97328 96877 16670 90143 25470 35090 32230 36119 98154 93473 90655 3545 9673 64467 16141 12502 76369 26241 2700 19715 32898 81444 96932 46222 9421 50154 31258 51149 60766 39805 5468 58859 94638 2596 46944 73417 72633 22333 32599 82995 76532 68843 41861 80504 51838 81143 23370 92118 18394 54187 6530 6691 73347 12362 25620 70822 4053 44978 95469 19981 38996 55015 61448 49784 54433 80816 8835 86376 68074 62281 61734 381 11864 86190 49830 66940 57216 6171
22578 55704 2833 48315 39782 33101 38908 14954 90158 28642 91756 25953 10965 31129 91879 2547 63210 46150 21655 86205 70224 15291 95567 57080 58321 34715 22240 47365 1209 83413 62101 46836 58891 9760 44630 19410 11258 19305 91620 92647 89603 33456 62973 29930 70825 53278 49474 30824 64036 7256 15714 75655 26849 20198 32084 52070 75457 58737 37910 27444 34282 94288 30094 75560 27553 71029 86687 90548 89152 19577 81828 39038 78050 37845 84585 76924 61211 55900 65974 54563 81345 46279 36737 25687 7897 25218 12518 863 52219 98965 69429 37443 60100 71163 85047 81957 8087 44236 85041 28562 42364 47209 65519 24474 35354 34459 85967 48902 60795 83563 12321 83745 81552 8152 82230 32993 40680 23329 59074 19547 43002 94109 84954 32433 90208 12822 29327 85346
96875 4582 6172 68527 41064 65700 11792 71425 41820 92600 41825 50831 97549 13044 31858 92724 14957 30996 33683 25733 54199 10288 87246 55153 73848 53074 2408 24044 79680 33785 40934 47353 13030 51895 23568 55746 57211 45535 79413 37457 23234 30673 28196 19356 35861 23619 88652 5509 74223 41076 95008 94339 27876 3202 11577 69344 91285 77263 24265 76264 72258 44018 97094 20421 90925 47422 61859 50952 29093 454 53270 76439 60563 66357 80813 17727 62648 88737 88254 69468 99161 94564 72737 30195 25497 31525 83882 18363 4152 33353 6841 34551 92081 85119 92872 39328 28256 444 97335 19582 34701 39646 69817 76811 42094 5773 82810 44016 24178 44773 43381 19503 75605 9424 20902 15398 81603 97240 47979 82548 63527 22659 30485 19509 48139 58262 88238 48524
68458 89069 20412 56393 33129 20631 91650 3133 71044 60414 52620 83491 22392 99636 69854 92170 6760 20292 27204 10092 25783 80304 67865 14516 70085 60051 36676 64912 20648 99987 36712 83947 78386 99293 15802 62400 20069 91334 56418 42978 29867 63454 71673 39381 92221 78049 4245 62340 60630 9359 38837 26771 19822 43135 29263 73153 22325 44901 41368 93447 76603 24346 91899 90732 27583 92506 57195 25575 53970 17904 23310 20339 48940 83643 59631 76329 28696 2175 55614 47465 38997 59371 84765 90315 36822 17249 73836 47859 90998 53587 22549 83511 9966 99247 48055 7606 65852 81964 6195 61355 59762 18259 38092 35780 53818 52997 48994 25002 3892 52120 28864 10351 86996 48895 30850 43361 37134 89514 59885 70993 26943 85490 46788 50315 10945 109 697 62662
46499 70778 37687 22663 45416 4480 78742 10813 47112 90767 91013 31568 95508 54791 26401 12458 23987 22191 29367 69710 36518 74563 84959 64073 1445 76274 96950 44795 31955 8223 2422 12658 30858 99263 81930 92885 71572 31539 65173 37953 60704 56809 54594 48327 44178 7021 47788 73023 21941 86213 7560 24308 1747 42544 70813 86119 3714 1266 76290 17329 22642 41896 27602 51784 3464 21566 64364 15222 92733 65429 7014 38601 58280 76160 21337 83053 66344 80647 55744 40482 34794 18518 60703 29060 33623 86947 34991 59854 22175 58860 81850 24018 42256 34275 29858 13191 74253 606 16145 20292 2002 82270 79569 86486 47787 96564 78248 79160 68089 90085 23712 2360 74562 86042 13543 80108 24912 35319 69614 70902 1421 18735 60389 88371 66569 15658 13290 68459
95642 31650 90939 72144 30425 8893 9316 70557 11828 45743 96669 33078 3837 47721 85784 44298 54185 88277 92906 43428 23552 99735 19458 3216 86229 69066 422 75700 63337 67381 90401 56530 51766 41235 998 44243 86917 62741 30051 5756 65855 71400 87180 89636 58465 76886 97579 41838 25317 66169 31459 99750 40211 76246 60950 29077 48545 6592 49262 70139 79906 44065 97238 44248 92592 19410 63801 83333 51471 44431 23853 91041 33297 50460 46927 45891 41160 16726 86312 73059 71469 33442 16047 28081 44867 39273 66531 53468 19996 29137 85214 71742 94985 47339 62399 44140 81155 24100 72329 44501 84627 25465 30901 66195 58342 65587 2934 1800 87778 12761 7614 30195 2203 41846 74389 64144 33333 29336 90571 62147 56398 42583 75171 31456 55772 93364 88643 10252
85604 62117 27963 68817 59905 95840 17001 91358 47737 55808 88451 6408 31385 64200 52820 33527 40663 56798 93143 12494 28710 80486 4753 42188 49925 27495 64389 939 51167 67080 52530 96023 64425 77197 17145 69804 63336 2967 44145 96016 37548 54011 22717 87689 52729 32025 18304 17294 94484 75826 26828 20651 39919 41052 46716 79945 19009 74434 25583 53881 61954 37198 2024 12160 71477 94855 42287 62969 42938 19238 40810 37822 68419 55155 1633 15159 87730 45122 69149 70434 94646 87513 94860 93190 19861 88147 54450 92158 4759 23343 67271 42669 75298 63910 87011 34796 38014 9683 15971 58753 21222 91983 10100 80328 19471 41936 64780 80875 6645 30202 89882 31582 41947 83498 58277 21981 46269 78288 42679 47024 99550 3759 59320 71789 50499 35716 36655 99187
43503 78888 35855 50552 33687 25920 36545 17718 34673 55978 49895 64798 93842 71734 27122 46361 1330 80753 93759 46470 24484 84191 98680 63823 59529 83882 32593 37404 13504 47063 30136 89946 82916 42766 29829 20357 36369 2739 6555 71530 63205 29121 39885 32087 74661 96397 52453 29025 46909 65265 80726 19949 62692 48606 62666 8337 82675 67666 68398 59472 43217 68961 31532 28067 88114 4252 84741 28104 10679 98327 41343 62265 73072 29152 18271 80868 61674 7620 18088 94393 25279 41750 6669 22891 22652 38541 38378 11086 89896 8172 30089 89577 93054 76979 92183 41901 47451 40898 50369 70326 71335 73288 57567 61958 19871 27108 25173 93998 59907 15583 94774 75190 44697 32714 37548 83065 77404 10346 85843 78717 9545 28121 52223 57012 43482 71626 2592 96049
13262 43113 78696 14310 97398 73012 92031 20203 71098 95768 62654 56142 13408 30927 75905 42799 2395 63053 35480 13599 76082 622 80370 23948 88815 2620 61349 76021 58833 36167 22601 34286 84238 73097 49477 62909 45879 14021 27009 71373 44414 6305 48367 80891 69515 301 47811 87593 21994 65908 50270 61629 42351 71013 3251 96111 57632 46555 59706 8688 30986 35756 83566 18069 20729 21004 75974 83282 53291 45602 33032 98875 11298 41295 41370 25296 35971 22901 17966 35678 7104 67560 42844 37853 21263 5401 32864 88788 62851 64397 34115 26609 60517 46005 32485 31790 51346 47601 13113 34952 59790 51337 33379 8873 77404 3824 46413 88726 35520 38883 32136 52630 68013 78912 47559 90804 83689 11345 64925 7760 58261 56283 27923 2654 39616 82350 3376 84583
4242 87409 67979 34650 39902 60928 58848 10615 45048 60241 5901 19361 88816 54237 34806 91115 81113 84020 86082 49389 84920 14239 16233 89997 41729 55889 90846 5157 84518 94635 23655 11566 94052 59115 83749 34257 9605 67309 64401 5960 49746 11050 31456 12416 64137 98504 18328 17867 17922 79422 90742 73425 58993 99634 97876 26160 17736 51605 12738 65588 90748 71447 76267 12539 15868 14600 97051 95356 74069 43788 98941 54083 97733 1855 368 39773 2846 67919 67671 15150 14807 23343 84808 69744 61390 57041 38671 97802 15896 74229 32595 95004 10213 37572 40988 7069 33234 25060 23443 80810 2945 64671 39978 76338 28721 30415 69699 6504 8631 50157 12186 17089 88235 15477 6488 73392 92780 12343 9661 81298 16387 44159 93892 17192 47881 18716 34535 53584
79089 96179 56290 31327 76806 66862 50858 55508 15420 21295 88390 14605 4123 19771 97968 54708 91265 54482 12538 85134 42104 96916 35528 15955 7263 58763 11764 35733 25095 63444 940 57235 81859 23925 85127 77043 74553 53676 65622 89248 23993 72505 56215 63731 95655 84373 97357 78532 81286 42260 61349 15811 65190 75731 59664 38612 29061 52649 61030 67745 49172 98093 14492 44192 82632 40137 28563 93594 12359 9413 14545 30188 93464 82047 70814 96441 13299 96911 51759 44823 13354 7395 77959 22739 1126 35854 3762 18700 80679 35308 1218 1633 54884 50249 3967 94719 30197 60429 76730 51865 11333 69084 26542 85912 2852 35209 52720 86527 3965 33175 97605 90616 36476 75669 36849 29270 36441 93665 55418 2057 91298 12067 66955 20866 47128 92080 90104 16507
6511 91595 24160 42282 90803 49491 94339 85003 74850 30603 66207 94451 29202 64840 2373 65734 81008 81535 20977 15940 57249 98814 70969 76004 1695 111 33598 42793 56032 38587 68901 96917 63760 32824 17465 37337 82270 20107 18500 18266 26337 75247 99531 69871 83063 2087 76404 96811 49350 99364 74460 52475 98854 38429 80416 61185 70552 62925 15296 54348 3158 67147 75613 57708 18863 30003 69005 85088 17691 63732 18989 95173 15612 48908 23891 62795 46614 60236 85788 5880 88802 51834 85921 76047 41182 8107 74024 35345 24249 30638 90195 37450 7838 17964 28238 53410 58264 718 20861 40720 21469 17963 54024 33518 64841 82515 10203 68820 30263 11364 81822 46753 18335 1527 3725 96884 94850 31260 49465 67312 611 3296 91819 58426 25740 48549 15749 91716
84123 94437 53676 75643 68884 87258 42810 27244 44793 454 69918 8657 61549 57083 81922 74729 33821 2503 31640 85513 73196 19397 23621 55243 71580 27415 15904 64180 88664 10879 60098 22944 76527 52842 82549 38589 28916 57582 62766 10601 40886 27965 55438 47012 85001 2805 37057 41652 35043 97153 60645 80923 3393 79591 30087 99499 78240 42492 96656 65237 12984 91783 30820 70525 68373 31907 57845 29375 71960 29466 71187 23850 35869 98004 5659 97862 78400 40663 55289 23723 28856 95655 91869 48388 88039 68940 42435 68226 52197 26149 32430 43062 52212 30065 36492 14893 21360 77437 14764 85992 71754 81792 13992 24719 38610 51589 6870 46576 218 6295 45157 90002 60607 72709 53657 15599 43724 52742 27307 40065 29856 41003 67584 38954 28531 89650 6582 72886
31149 94974 87266 43099 24864 39018 3003 59607 2285 40366 18530 72630 90328 84122 20419 40661 72904 37006 35845 9982 31952 74835 37748 3262 21732 49447 64371 93734 73522 14446 54479 37520 13024 79439 87013 52668 95769 40721 10408 31844 57920 7254 74813 40030 28896 96501 2834 6377 91674 65631 22845 53452 95121 8185 2583 22918 2238 99301 2404 82561 85454 29338 52501 14735 27490 54463 92185 22355 94418 14650 97901 99380 52050 70291 27411 64661 31545 84311 29476 97174 15857 26803 17101 11027 9412 69950 33649 66755 37068 39418 62405 53317 45195 30714 48561 75608 95637 12556 10900 91722 92565 55030 88232 6033 64079 76932 68684 78098 6307 86241 45735 80527 48043 98543 94642 70079 26089 72475 98820 16307 46054 40439 98642 7366 26520 45509 89660 38859
70510 72595 95458 52684 71090 74507 76005 89178 76843 20849 87038 42291 42910 37930 50318 74308 80870 5465 70016 1830 94311 44610 97608 95456 87679 76120 63191 82792 15600 93963 14649 78905 31856 37178 51853 219 2047 56134 76452 1438 96849 91667 62260 86302 69940 97896 35432 7377 60375 62999 75258 6699 73573 67152 20440 56283 13877 92123 19688 31403 79916 75465 11630 70252 98736 16561 38970 56150 46763 86246 50618 3925 91424 9358 79879 50228 61673 24195 70017 42759 67496 4054 53997 7715 36448 40260 33481 9292 10998 44442 32520 87188 55077 67986 44743 3865 76762 15403 69941 1208 59997 81677 68605 9967 13258 11117 51514 52735 26605 15059 18262 98843 61332 18071 80297 48352 72077 63013 80440 98566 64217 8715 98594 92353 26147 91208 1987 59501
3045 58273 40313 34081 21891 20044 82071 65739 5479 94361 59332 10296 79639 65971 14678 36080 35625 41297 55711 76145 62325 47220 28054 54712 47843 81863 60824 41145 83534 46527 83715 35693 61565 28597 66319 26275 68823 45013 55904 38403 66976 55040 58375 34645 78282 47347 28979 43867 50273 25936 39149 42644 80913 39503 17030 33029 17164 59140 93179 86880 85748 22423 36079 94318 98796 51710 66258 748 85644 63403 6862 46694 13090 84894 36489 93120 46708 72115 56705 92555 6199 46864 44374 39991 29142 93256 30714 15252 38240 10069 10673 67218 9504 52117 77324 35444 52975 76336 10318 92065 59735 39839 85223 5839 32813 60948 36823 72953 96725 59409 77593 51386 49151 26376 64012 25067 22122 54112 33603 99653 54074 12605 37857 75151 24521 38605 2711 46678
409521 93657 736403 1251494 885074 1380286 1011971 1235657 300456 585872 42503 824492 647246 1223655 453667 432658 126850 393361 230565 704314 1023359 892111 1028729 293156 472502 822500 707753 178817 1179652 1022975 50481 654418 651550 1551896 727803 1088554 928730 447967 367146 95524 1371860 60426 998127 739037 400585 3412 1201182 311174 32776 1606429 211265 755696 1293776 900396 919520 54755 1037376 1212760 224041 807649 573460 669264 639830 935552 664915 581175 16245 893693 383021 916659 792805 622759 381559 800732 291837 585692 1059341 726745 1445552 522919 740907 193101 437121 500471 478044 569200 828558 27375 898365 1333959 807918 35584 1080519 658271 732761 1079260 362904 1215355 864089 231114 1031406 747652 1525928 232393 1183459 153742 915936 814624 8801 46842 350123 1190189 66686 752252 354939 1280971 1167225 983344 154458 489392 1183330 695237 1217409 931057 960794 649290 273211 642351
