64
0 1 1 1 1 1 1 0 1 1 1 1 0 1 1 0 1 0 1 1 1 1 1 1 1 1 1 1 1 1 0 1 1 1 1 0 0 1 1 1 1 1 1 1 1 0 1 1 1 1 1 1 1 1 1 1 1 1 1 1 1 1 0 1
1 0 1 1 1 1 1 1 1 1 1 1 1 0 1 1 1 1 1 1 1 1 1 1 1 1 1 1 1 1 1 1 1 1 1 1 1 1 1 1 1 0 1 1 1 1 1 1 1 1 1 1 1 1 1 1 1 1 1 1 1 1 1 1
1 1 0 1 1 0 1 1 1 1 1 1 1 1 1 1 1 1 1 1 1 1 0 1 1 1 1 1 1 1 1 1 1 1 1 1 1 1 1 1 1 1 1 1 1 1 1 1 1 1 1 1 1 1 1 1 0 1 1 1 1 1 1 1
1 1 1 0 1 0 1 1 0 1 1 1 1 1 1 1 1 1 1 0 1 1 1 1 1 1 1 1 1 1 1 1 1 1 1 1 1 1 1 1 1 1 1 1 1 0 1 1 1 1 1 1 1 1 1 1 1 1 1 1 1 1 1 1
1 1 1 1 0 0 1 1 1 1 1 1 1 1 1 1 1 1 1 1 1 1 1 1 1 1 1 1 1 1 1 1 0 1 0 1 1 1 1 1 0 1 1 1 1 1 1 1 1 1 1 1 1 1 1 1 1 1 0 1 1 1 1 1
1 1 0 0 0 0 1 1 1 1 1 1 1 1 1 1 1 1 1 1 0 1 1 1 0 1 1 1 1 1 1 1 1 1 1 1 1 1 1 1 1 1 1 1 1 0 1 1 1 1 1 1 1 1 1 1 1 1 1 0 1 1 1 1
1 1 1 1 1 1 0 1 1 1 1 1 1 1 1 1 1 1 1 1 1 1 1 0 1 1 0 1 1 1 1 1 1 1 1 1 1 1 1 1 1 1 1 1 1 1 1 1 1 1 1 1 1 1 1 1 1 1 1 1 1 1 1 1
0 1 1 1 1 1 1 0 1 1 1 1 1 1 1 1 1 1 1 1 1 1 1 1 1 1 1 1 1 0 1 1 1 1 1 1 1 1 1 1 1 1 1 1 0 1 1 1 0 1 1 1 1 1 1 1 1 1 1 1 1 0 1 1
1 1 1 0 1 1 1 1 0 1 1 0 1 1 1 1 1 1 1 1 1 1 1 1 1 1 1 1 1 1 1 1 1 1 0 1 0 0 1 1 1 1 1 1 1 1 1 1 1 1 1 1 1 1 1 1 1 1 1 1 1 1 1 1
1 1 1 1 1 1 1 1 1 0 1 1 1 1 1 1 1 1 1 1 1 1 1 1 1 1 1 1 1 1 1 1 1 1 1 1 1 1 1 1 1 1 1 1 1 1 1 1 1 1 1 1 1 0 1 1 1 1 1 0 1 1 1 1
1 1 1 1 1 1 1 1 1 1 0 1 1 0 1 1 1 1 1 1 1 1 1 1 1 1 1 1 1 1 1 1 1 0 1 1 1 1 1 1 1 1 1 1 1 1 1 0 1 1 1 1 1 1 1 1 1 1 1 1 1 1 1 1
1 1 1 1 1 1 1 1 0 1 1 0 1 1 1 1 1 1 1 1 1 1 1 1 1 1 1 1 1 1 1 1 1 1 1 1 1 0 1 1 1 1 1 1 1 1 1 1 1 1 1 1 1 1 1 1 1 1 1 1 0 1 1 1
0 1 1 1 1 1 1 1 1 1 1 1 0 1 1 1 1 1 1 1 1 1 1 0 1 1 0 1 1 1 1 1 1 1 1 1 1 1 1 1 0 1 1 1 1 1 1 1 1 0 1 1 1 1 1 1 1 1 1 1 1 1 1 1
1 0 1 1 1 1 1 1 1 1 0 1 1 0 1 1 1 0 1 1 1 1 1 1 1 1 1 0 1 0 1 1 1 1 1 1 1 1 1 1 1 0 1 1 1 1 1 1 0 1 1 1 1 1 1 1 1 1 1 1 1 1 1 1
1 1 1 1 1 1 1 1 1 1 1 1 1 1 0 1 1 1 1 1 1 1 1 1 0 1 1 1 1 0 1 1 1 1 1 1 1 1 1 1 1 1 1 1 1 1 1 1 1 1 1 1 1 1 1 1 1 1 1 1 1 1 1 0
0 1 1 1 1 1 1 1 1 1 1 1 1 1 1 0 1 1 1 1 1 1 0 1 1 1 1 1 1 1 1 1 0 1 1 1 1 1 1 1 1 1 1 1 1 1 1 1 1 1 1 1 1 1 1 1 1 1 0 1 1 1 1 1
1 1 1 1 1 1 1 1 1 1 1 1 1 1 1 1 0 1 1 1 1 1 1 1 1 1 1 1 1 1 0 1 1 1 1 1 1 1 1 1 1 1 1 1 1 1 1 1 1 0 1 0 1 0 1 1 1 1 1 1 1 1 1 1
0 1 1 1 1 1 1 1 1 1 1 1 1 0 1 1 1 0 1 1 1 1 1 1 1 1 1 1 1 1 1 1 1 1 1 1 1 1 1 1 1 1 1 1 1 1 1 1 1 1 1 1 1 1 1 1 1 1 1 1 1 1 1 1
1 1 1 1 1 1 1 1 1 1 1 1 1 1 1 1 1 1 0 1 1 1 1 1 1 1 1 1 1 1 1 1 1 1 1 1 1 1 1 0 1 1 1 1 1 1 1 0 1 1 1 1 1 1 1 1 1 0 1 1 1 1 1 1
1 1 1 0 1 1 1 1 1 1 1 1 1 1 1 1 1 1 1 0 1 1 1 1 1 1 1 1 1 1 1 1 1 1 1 1 1 1 0 1 1 1 1 1 1 1 1 1 1 1 1 1 1 0 1 1 1 1 0 1 1 0 1 1
1 1 1 1 1 0 1 1 1 1 1 1 1 1 1 1 1 1 1 1 0 1 1 1 1 1 1 1 1 1 1 1 0 1 1 1 1 1 1 1 1 1 1 1 1 1 1 1 1 1 1 1 1 1 1 1 1 1 1 0 1 1 1 1
1 1 1 1 1 1 1 1 1 1 1 1 1 1 1 1 1 1 1 1 1 0 1 1 1 1 1 1 1 1 1 1 1 0 1 1 1 1 1 1 1 1 1 1 1 1 1 1 1 1 1 1 1 1 1 1 1 1 1 1 1 1 1 0
1 1 0 1 1 1 1 1 1 1 1 1 1 1 1 0 1 1 1 1 1 1 0 1 1 1 1 1 1 1 1 1 1 1 1 1 1 1 1 1 1 1 1 1 1 0 1 1 1 1 1 1 1 1 1 1 1 1 1 1 1 1 1 1
1 1 1 1 1 1 0 1 1 1 1 1 0 1 1 1 1 1 1 1 1 1 1 0 1 1 1 1 1 1 1 1 1 1 1 1 1 1 1 1 1 1 1 1 1 1 1 1 1 1 1 1 1 1 1 1 1 1 1 1 1 1 1 0
1 1 1 1 1 0 1 1 1 1 1 1 1 1 0 1 1 1 1 1 1 1 1 1 0 1 1 1 1 1 1 1 1 1 1 1 1 1 1 1 1 1 1 1 1 1 1 1 1 1 1 1 1 1 1 1 1 1 1 1 1 1 1 1
1 1 1 1 1 1 1 1 1 1 1 1 1 1 1 1 1 1 1 1 1 1 1 1 1 0 1 1 0 1 1 1 1 1 1 1 1 1 1 1 1 1 1 0 1 1 1 1 1 1 1 1 1 1 1 1 0 1 1 1 1 1 1 1
1 1 1 1 1 1 0 1 1 1 1 1 0 1 1 1 1 1 1 1 1 1 1 1 1 1 0 1 1 1 1 1 1 1 0 1 0 1 1 1 1 1 1 1 1 0 1 1 1 1 1 1 1 1 1 0 0 1 1 1 1 1 1 1
1 1 1 1 1 1 1 1 1 1 1 1 1 0 1 1 1 1 1 1 1 1 1 1 1 1 1 0 1 1 1 1 0 1 0 1 0 1 1 0 0 1 1 1 1 1 1 1 1 1 1 1 1 1 1 1 1 1 1 1 0 1 1 1
1 1 1 1 1 1 1 1 1 1 1 1 1 1 1 1 1 1 1 1 1 1 1 1 1 0 1 1 0 1 1 1 1 1 1 1 1 1 1 1 1 1 1 1 1 1 1 1 1 1 1 1 1 0 1 0 1 1 1 1 1 1 1 1
1 1 1 1 1 1 1 0 1 1 1 1 1 0 0 1 1 1 1 1 1 1 1 1 1 1 1 1 1 0 1 1 1 1 1 1 1 1 1 1 1 1 1 1 1 1 1 0 1 1 1 1 1 1 1 1 1 1 1 1 1 1 1 1
0 1 1 1 1 1 1 1 1 1 1 1 1 1 1 1 0 1 1 1 1 1 1 1 1 1 1 1 1 1 0 1 1 1 1 1 1 1 1 1 1 1 1 1 1 1 1 1 1 1 1 1 1 1 1 1 1 1 1 1 1 1 1 1
1 1 1 1 1 1 1 1 1 1 1 1 1 1 1 1 1 1 1 1 1 1 1 1 1 1 1 1 1 1 1 0 1 1 1 1 1 1 1 1 1 1 1 1 1 1 1 1 1 1 1 1 1 1 1 1 1 1 1 1 1 1 1 1
1 1 1 1 0 1 1 1 1 1 1 1 1 1 1 0 1 1 1 1 0 1 1 1 1 1 1 0 1 1 1 1 0 1 1 1 1 1 0 1 1 1 1 1 1 1 1 1 1 1 1 1 1 1 0 1 1 1 1 1 1 1 1 1
1 1 1 1 1 1 1 1 1 1 0 1 1 1 1 1 1 1 1 1 1 0 1 1 1 1 1 1 1 1 1 1 1 0 1 1 1 1 1 1 1 1 1 1 0 1 1 1 1 1 0 1 1 1 1 1 1 1 0 0 1 1 1 1
1 1 1 1 0 1 1 1 0 1 1 1 1 1 1 1 1 1 1 1 1 1 1 1 1 1 0 0 1 1 1 1 1 1 0 1 1 1 1 1 0 0 1 1 1 1 1 1 1 1 1 1 1 1 1 1 1 1 0 1 1 1 1 1
0 1 1 1 1 1 1 1 1 1 1 1 1 1 1 1 1 1 1 1 1 1 1 1 1 1 1 1 1 1 1 1 1 1 1 0 1 1 1 1 1 1 1 1 1 1 1 1 0 1 1 1 1 1 1 1 1 1 1 1 1 1 1 1
0 1 1 1 1 1 1 1 0 1 1 1 1 1 1 1 1 1 1 1 1 1 1 1 1 1 0 0 1 1 1 1 1 1 1 1 0 1 1 1 1 1 1 0 1 1 1 1 1 1 1 1 1 1 1 1 1 1 1 1 1 1 1 1
1 1 1 1 1 1 1 1 0 1 1 0 1 1 1 1 1 1 1 1 1 1 1 1 1 1 1 1 1 1 1 1 1 1 1 1 1 0 1 1 1 1 1 1 1 0 1 1 1 1 1 1 1 1 1 1 1 1 1 1 1 1 1 1
1 1 1 1 1 1 1 1 1 1 1 1 1 1 1 1 1 1 1 0 1 1 1 1 1 1 1 1 1 1 1 1 0 1 1 1 1 1 0 1 1 1 1 1 1 1 1 1 1 1 1 1 1 1 1 1 0 1 1 1 1 1 1 1
1 1 1 1 1 1 1 1 1 1 1 1 1 1 1 1 1 1 0 1 1 1 1 1 1 1 1 0 1 1 1 1 1 1 1 1 1 1 1 0 1 1 1 1 1 1 1 1 1 1 1 1 1 1 1 1 1 1 1 1 1 1 1 1
1 1 1 1 0 1 1 1 1 1 1 1 0 1 1 1 1 1 1 1 1 1 1 1 1 1 1 0 1 1 1 1 1 1 0 1 1 1 1 1 0 1 1 1 1 1 1 1 1 1 1 1 1 1 1 1 1 1 1 1 1 1 1 1
1 0 1 1 1 1 1 1 1 1 1 1 1 0 1 1 1 1 1 1 1 1 1 1 1 1 1 1 1 1 1 1 1 1 0 1 1 1 1 1 1 0 1 1 1 1 1 1 1 1 1 1 1 1 1 1 1 1 1 1 1 1 1 1
1 1 1 1 1 1 1 1 1 1 1 1 1 1 1 1 1 1 1 1 1 1 1 1 1 1 1 1 1 1 1 1 1 1 1 1 1 1 1 1 1 1 0 1 1 1 1 1 1 1 0 1 1 1 1 1 1 1 1 1 1 0 1 1
1 1 1 1 1 1 1 1 1 1 1 1 1 1 1 1 1 1 1 1 1 1 1 1 1 0 1 1 1 1 1 1 1 1 1 1 0 1 1 1 1 1 1 0 1 1 1 1 1 1 1 1 1 1 1 1 1 1 1 1 1 1 1 1
1 1 1 1 1 1 1 0 1 1 1 1 1 1 1 1 1 1 1 1 1 1 1 1 1 1 1 1 1 1 1 1 1 0 1 1 1 1 1 1 1 1 1 1 0 1 0 1 1 1 1 1 1 1 1 1 1 1 1 1 1 1 1 0
0 1 1 0 1 0 1 1 1 1 1 1 1 1 1 1 1 1 1 1 1 1 0 1 1 1 0 1 1 1 1 1 1 1 1 1 1 0 1 1 1 1 1 1 1 0 1 1 0 1 1 1 1 1 1 1 1 1 1 1 1 1 1 1
1 1 1 1 1 1 1 1 1 1 1 1 1 1 1 1 1 1 1 1 1 1 1 1 1 1 1 1 1 1 1 1 1 1 1 1 1 1 1 1 1 1 1 1 0 1 0 1 1 1 1 1 1 1 1 1 1 0 1 1 1 1 1 1
1 1 1 1 1 1 1 1 1 1 0 1 1 1 1 1 1 1 0 1 1 1 1 1 1 1 1 1 1 0 1 1 1 1 1 1 1 1 1 1 1 1 1 1 1 1 1 0 1 1 1 1 1 1 1 1 1 1 0 1 1 0 1 1
1 1 1 1 1 1 1 0 1 1 1 1 1 0 1 1 1 1 1 1 1 1 1 1 1 1 1 1 1 1 1 1 1 1 1 0 1 1 1 1 1 1 1 1 1 0 1 1 0 1 1 1 1 1 1 1 1 1 1 1 1 1 1 1
1 1 1 1 1 1 1 1 1 1 1 1 0 1 1 1 0 1 1 1 1 1 1 1 1 1 1 1 1 1 1 1 1 1 1 1 1 1 1 1 1 1 1 1 1 1 1 1 1 0 1 1 1 1 1 1 1 1 1 1 1 1 1 1
1 1 1 1 1 1 1 1 1 1 1 1 1 1 1 1 1 1 1 1 1 1 1 1 1 1 1 1 1 1 1 1 1 0 1 1 1 1 1 1 1 1 0 1 1 1 1 1 1 1 0 0 1 1 1 1 0 1 1 1 1 1 0 1
1 1 1 1 1 1 1 1 1 1 1 1 1 1 1 1 0 1 1 1 1 1 1 1 1 1 1 1 1 1 1 1 1 1 1 1 1 1 1 1 1 1 1 1 1 1 1 1 1 1 0 0 1 1 1 1 1 1 1 1 1 1 1 1
1 1 1 1 1 1 1 1 1 1 1 1 1 1 1 1 1 1 1 1 1 1 1 1 1 1 1 1 1 1 1 1 1 1 1 1 1 1 1 1 1 1 1 1 1 1 1 1 1 1 1 1 0 1 1 1 1 1 1 1 1 1 1 1
1 1 1 1 1 1 1 1 1 0 1 1 1 1 1 1 0 1 1 0 1 1 1 1 1 1 1 1 0 1 1 1 1 1 1 1 1 1 1 1 1 1 1 1 1 1 1 1 1 1 1 1 1 0 1 1 1 0 1 1 1 1 1 1
1 1 1 1 1 1 1 1 1 1 1 1 1 1 1 1 1 1 1 1 1 1 1 1 1 1 1 1 1 1 1 1 0 1 1 1 1 1 1 1 1 1 1 1 1 1 1 1 1 1 1 1 1 1 0 1 1 1 1 1 1 1 1 1
1 1 1 1 1 1 1 1 1 1 1 1 1 1 1 1 1 1 1 1 1 1 1 1 1 1 0 1 0 1 1 1 1 1 1 1 1 1 1 1 1 1 1 1 1 1 1 1 1 1 1 1 1 1 1 0 1 1 1 1 1 1 1 1
1 1 0 1 1 1 1 1 1 1 1 1 1 1 1 1 1 1 1 1 1 1 1 1 1 0 0 1 1 1 1 1 1 1 1 1 1 1 0 1 1 1 1 1 1 1 1 1 1 1 0 1 1 1 1 1 0 1 1 0 1 1 1 0
1 1 1 1 1 1 1 1 1 1 1 1 1 1 1 1 1 1 0 1 1 1 1 1 1 1 1 1 1 1 1 1 1 1 1 1 1 1 1 1 1 1 1 1 1 1 0 1 1 1 1 1 1 0 1 1 1 0 1 1 1 0 1 1
1 1 1 1 0 1 1 1 1 1 1 1 1 1 1 0 1 1 1 0 1 1 1 1 1 1 1 1 1 1 1 1 1 0 0 1 1 1 1 1 1 1 1 1 1 1 1 0 1 1 1 1 1 1 1 1 1 1 0 1 1 0 1 1
1 1 1 1 1 0 1 1 1 0 1 1 1 1 1 1 1 1 1 1 0 1 1 1 1 1 1 1 1 1 1 1 1 0 1 1 1 1 1 1 1 1 1 1 1 1 1 1 1 1 1 1 1 1 1 1 0 1 1 0 1 1 1 1
1 1 1 1 1 1 1 1 1 1 1 0 1 1 1 1 1 1 1 1 1 1 1 1 1 1 1 0 1 1 1 1 1 1 1 1 1 1 1 1 1 1 1 1 1 1 1 1 1 1 1 1 1 1 1 1 1 1 1 1 0 1 1 1
1 1 1 1 1 1 1 0 1 1 1 1 1 1 1 1 1 1 1 0 1 1 1 1 1 1 1 1 1 1 1 1 1 1 1 1 1 1 1 1 1 1 0 1 1 1 1 0 1 1 1 1 1 1 1 1 1 0 0 1 1 0 1 0
0 1 1 1 1 1 1 1 1 1 1 1 1 1 1 1 1 1 1 1 1 1 1 1 1 1 1 1 1 1 1 1 1 1 1 1 1 1 1 1 1 1 1 1 1 1 1 1 1 1 0 1 1 1 1 1 1 1 1 1 1 1 0 1
1 1 1 1 1 1 1 1 1 1 1 1 1 1 0 1 1 1 1 1 1 0 1 0 1 1 1 1 1 1 1 1 1 1 1 1 1 1 1 1 1 1 1 1 0 1 1 1 1 1 1 1 1 1 1 1 0 1 1 1 1 0 1 0
39925 81744 59619 81332 6461 5552 55070 72397 97497 28875 85342 4136 38025 88670 73847 31700 3696 97212 34128 79000 23219 62242 14417 40908 40369 2459 20200 89648 54019 55553 32045 55468 40230 23634 49420 62599 45416 10379 35775 19534 57778 14639 7140 53158 95542 97581 61986 87624 20729 36596 4590 37823 80348 22510 21418 70583 9032 92745 23064 18556 768 7589 33101 96486 32330 54370 56789 55443 26735 32923 5914 90800 90710 96935 10941 29812 96827 89115 45632 98841 84125 30842 73359 46158 85028 68167 52594 98005 96758 94950 46991 54238 18802 55559 93298 49380 14205 35180 47540 18681 15346 62300 12546 20844 90909 45175 54609 12393 42560 38133 64532 86308 64082 60164 2170 36107 14423 70951 27776 10766 12990 62264 87262 31239 28885 38405 89944 32097
22663 63466 11286 89181 31698 10581 17885 70699 35658 46452 66174 17950 16462 4540 19171 49526 58500 65237 25124 32994 36296 48668 82174 23886 89385 43436 16217 18770 63751 40069 76655 39542 23367 48836 80832 34816 72599 55853 91848 54709 55803 5630 210 65998 95297 41637 36806 1762 69723 1001 59708 75517 59105 44631 81157 67050 1213 90658 77392 60648 18715 54785 38902 48701 62298 63442 20828 12176 96239 74586 43411 88463 88351 29872 78582 19138 37879 41033 56788 12857 8883 91981 24041 37957 85871 57291 55422 74409 3311 79381 35490 70300 34624 2526 11856 58001 36104 53484 55426 53297 28802 47762 59123 72911 1561 1605 2073 50666 53204 48011 44867 67569 62267 29910 25382 60905 547 12799 65072 55819 31303 63402 94248 71915 41452 66774 98604 83583
65112 41172 21690 29964 2804 73110 13039 79436 78919 64190 88283 17422 63755 84604 93090 42120 15296 41495 34045 70187 63035 59172 47722 42350 43316 8440 87567 54478 73584 95311 48994 94912 67733 97478 53375 22582 90570 40707 5784 88038 43852 17813 34194 71428 8502 5034 88842 96204 10155 59208 34141 15588 65475 46441 31885 81733 46018 30663 78943 83967 34103 79148 87874 59804 3566 66757 47894 15797 1339 83201 38402 63261 12640 13701 59101 39452 34178 74970 66961 95560 26913 13245 44511 47326 58818 28329 80781 12315 32002 64877 10950 56753 65136 89550 77135 71896 26641 5106 28465 75463 85917 49146 60503 64047 42418 76896 69492 39823 97599 61393 52686 59945 20408 60791 28455 95077 29789 48368 27623 58339 66432 4997 71893 73493 21597 58861 98042 4836
75695 2435 3467 74141 75872 47121 56437 51902 51496 80229 1659 62268 47553 59404 35437 28693 41891 17723 26901 33250 69150 33624 85851 10432 2500 95418 88745 90574 20371 9296 14021 18051 12479 85361 62385 67824 64615 11723 58295 65536 60007 31559 76431 45998 68680 94876 88199 43231 60858 89777 25890 22885 63099 45923 37117 63341 36171 12218 7224 99405 53354 66375 90217 70467 29450 25466 6856 2074 36780 46314 52605 81314 52558 1685 40782 40288 33611 67196 59872 61968 72471 99152 43150 19332 35561 34185 27797 30745 71822 21768 30916 93261 26427 31422 52354 85764 52937 67563 53660 89762 63172 38798 12677 47176 68696 99108 13699 52757 76958 44025 17687 2539 85115 62018 1228 74736 66170 11274 78359 6478 98924 24685 84394 13205 16165 9807 32988 78151
62387 46485 64121 35499 94202 58559 66559 67822 78972 67299 66845 27822 5402 51269 13781 85742 75197 70064 3244 93127 43765 6754 76108 6164 70709 45655 96447 86632 26764 35092 97848 19618 83406 14029 54946 69468 60149 63815 11192 5770 96314 80485 24761 64561 36926 91216 54094 43901 51163 1418 73635 4330 82146 89239 35971 51532 19267 78269 46711 50444 48694 9604 47896 82025 73149 12128 90812 6251 82183 33391 58614 9503 69865 32766 13427 26150 57189 23240 58219 65342 87475 73149 71744 66041 91816 2856 91165 55464 98644 19112 87974 66730 91166 83015 1536 67735 38931 28353 69711 53725 1529 87259 84189 80179 74572 34380 78780 72155 77168 35787 87119 91763 4446 3550 43472 76481 5926 15887 13696 1703 4907 24930 68612 29970 20779 18 35663 80076
5297 23899 5696 48897 7026 79304 69632 37446 15581 49596 97172 34667 74314 26155 3786 81520 32871 35115 40853 62252 83299 85942 41049 97086 48857 59510 30263 13484 88226 56765 36461 1720 31074 7304 26429 93504 8029 81628 80378 2144 4975 3137 81270 82944 8762 93974 65251 77934 49005 22625 15468 58490 17451 62970 6311 15087 90835 20940 10163 22182 19566 58438 18364 90663 13669 13064 32259 4892 39307 30366 13739 37054 46855 73065 57709 92738 14709 61274 1395 92233 92833 51205 37536 37885 59180 99478 73528 42619 80093 87033 13927 36696 55813 69505 89400 58044 87305 45081 9855 6740 97789 45633 23840 6598 44848 25969 32288 37705 17903 1434 56412 490 48216 13729 65634 54108 79536 70492 79191 86765 46326 49969 72888 86646 58863 66433 61456 66343
29158 39215 58119 80967 56120 40437 49743 528 46746 45407 76282 92890 90850 1338 20017 4010 38334 17472 75596 82362 30048 26107 93887 52609 91113 51435 71229 28367 56518 50618 8927 19028 31047 99993 57646 47341 41309 28645 90665 27542 9939 73982 22228 69552 26004 64242 81412 91724 82193 17547 13400 11426 63528 76745 76989 25134 85437 69205 54212 86170 53554 91140 36075 32105 27955 63681 47919 38957 22964 18569 58751 87197 57082 8679 78152 45162 84879 6871 18309 66930 49229 626 73350 5547 92340 63010 91224 93833 98172 74581 43192 68423 33950 56273 50452 75493 29419 75 63516 32678 73144 38594 54096 91449 51061 78346 47678 68841 50830 41048 96707 16756 28272 23671 11448 88962 55911 33109 6403 56266 16502 83 68699 33969 40172 55996 77178 35732
28134 73652 52524 58582 14182 19222 53705 16843 36390 44755 58744 71222 44183 22393 48128 54663 71226 81925 44018 46259 78212 6392 48747 92552 15380 58238 94678 7416 47624 90171 33283 65781 30259 44963 12865 76342 63029 36579 36354 31241 41243 83817 17158 10514 26213 45286 45947 88694 27658 93835 7599 65019 91711 92364 69962 22317 51439 6320 30314 16481 22941 9914 52073 59717 72462 25520 70838 80957 30517 89504 92651 74110 52616 51370 70020 82499 87313 21762 44907 83272 64164 41353 44498 94650 24738 24206 76547 23696 39795 37411 77155 17052 36147 43486 27267 87071 6311 20593 57552 3750 9921 62848 1041 90448 27838 36485 71179 48146 46680 91588 26416 76027 54974 26728 47603 50155 50539 24268 40036 31676 49592 84006 22297 16804 3810 54335 90131 54141
51750 27390 20566 84282 73255 86134 26314 11661 53660 28969 41480 5391 98879 36952 4394 78951 93321 98055 34381 28374 96277 75838 52388 88988 41057 94439 404 45729 90894 17581 81641 82847 38142 55381 17513 54706 83793 13330 33160 7168 19991 26031 41446 39213 38607 61325 34339 26229 67972 41673 14967 12562 19107 19022 87122 411 4756 27308 39650 53829 82506 16938 73090 80099 2424 20156 75675 16353 92944 98389 78025 56543 43924 57686 45011 60814 68384 79974 28918 58039 96061 22692 30974 3540 79629 20563 84913 5980 18331 8692 66717 8536 49523 16603 97117 40037 35345 21139 31389 52921 98291 85058 30594 13635 87909 9350 5814 63999 98168 68922 64304 83913 22892 83763 75163 33597 42868 92317 45565 11972 9766 87762 66428 72768 82790 63435 48419 43790
74145 7814 89714 78560 19449 36512 96491 31637 54989 34884 4507 7107 6110 76782 99932 5268 94918 12329 31335 64521 34661 10014 26661 73369 12849 67901 47719 10968 62470 80812 58815 53885 61432 29084 14015 71856 28969 43987 58058 56253 40297 60652 61213 87324 30315 13912 14455 65677 66907 83545 17600 98698 97598 52467 6395 67451 11826 51433 58587 58206 36648 919 57164 67233 37641 87362 63922 89963 16775 10588 40330 86276 63633 39332 21421 24399 53313 49090 3477 38855 79464 77531 91207 12679 78842 46189 95651 34576 90394 17758 65399 46952 60617 8577 47040 13518 85329 36088 52592 30962 20035 16225 83766 82138 41165 43663 3025 23943 26548 72254 76569 22527 58932 6733 22523 97684 98675 166 43292 51736 26659 82579 78404 12886 70737 60094 38790 1039
92927 83425 74422 15366 18375 87656 59306 62973 32908 28955 8949 98212 92609 74323 35622 96372 62663 33761 73207 94681 92731 72642 73951 6205 74030 43357 22671 22441 43701 64892 84461 93473 36053 10764 49675 91924 62346 14779 87814 90159 36873 6557 32818 31633 99806 2007 7552 24974 69545 68358 98535 58270 12555 50614 44029 88262 72531 78759 77744 73008 39326 88955 11394 18808 74423 40947 62065 31342 51911 96829 82747 45245 3396 18772 5154 93754 66370 68008 5849 51790 45365 35686 72805 47898 16208 92328 76594 59380 42215 78885 43426 45625 88577 53466 50381 2776 1426 22105 55207 84719 88660 23308 25720 42683 6818 7392 94992 78539 36600 47604 26410 41182 61323 61766 36506 37729 21067 53188 61896 13959 87099 17301 82416 61647 7813 62127 18603 26710
74537 10605 72958 47133 91687 10930 23012 5478 48997 55951 71299 65203 14855 84381 15726 66212 71070 63073 50520 41102 87471 68092 73336 57591 9729 15680 70402 18488 51050 81443 46964 47253 97563 28736 89198 65358 47374 95876 16034 62175 89976 5247 43012 72583 46835 44307 19958 36656 28247 8045 32371 29209 31704 58227 45541 69325 47302 94780 99280 95212 1626 80505 15918 6435 49292 26176 45849 61123 25743 69248 34562 72007 73993 512 80791 60177 2555 55014 63188 89758 19939 53311 80251 99304 92131 30444 79451 75867 27784 10727 12468 41779 24858 6013 79135 2141 77247 22 62279 22910 44126 42239 4469 47656 13036 46138 92790 61385 66435 18266 30700 31557 16363 60620 38308 63686 9189 17680 63931 1217 61398 73132 99065 28913 57591 15384 61863 57872
12037 89452 70911 80953 29125 29905 26439 59656 95088 71459 29170 56904 71767 70682 68458 81191 30747 89679 88179 43015 57997 60178 36264 31538 60371 98759 90330 74118 1858 16008 23073 19887 5343 86175 1955 33001 58920 39780 1927 75170 36321 91396 10235 98262 58544 87736 91021 37464 2118 7850 54064 90715 16749 14849 34517 31080 78898 14247 12067 66707 16221 88457 87662 29672 29078 37479 51696 785 36995 75244 23506 4790 54410 853 99957 4340 69724 32780 19364 65170 74239 88714 91441 39868 79058 34484 14220 81777 72052 79392 90546 93430 31609 33174 93642 29969 15064 69591 58551 55865 44788 73606 437 21028 54832 48080 49669 88346 33162 23074 15292 3356 61814 61703 60576 96684 715 97363 18437 42084 2665 88190 5965 86053 13728 24896 76471 89815
74817 78473 49887 51848 24160 55032 38139 13814 60557 63182 72062 26314 10621 22235 96569 1352 49396 54039 65800 21738 97731 35045 18017 30278 6969 8010 90890 48989 22479 88250 20844 26188 53076 50523 88297 90542 79693 49197 90062 74777 18895 83298 48329 50634 14288 17784 35706 36740 81016 41022 62211 809 44024 23156 33818 98916 17414 90686 19382 49137 13288 90475 66475 68340 28484 28076 58103 26652 65399 10375 48669 1818 60975 77322 28203 80267 81809 74050 37825 91281 68167 73078 38763 19307 21853 97138 24193 92137 82227 12322 43702 17735 1654 36767 3362 22478 93863 2130 59316 14580 64874 91443 16323 29608 46725 11423 17013 41321 31203 11957 73022 867 62142 19084 6864 52880 3096 87128 50641 70576 68260 72566 27992 89343 70308 79041 6527 63708
89316 40317 86415 99995 13420 66946 25165 2743 43499 94258 18791 66624 50403 24368 77805 85042 40486 39040 10991 92041 13957 34187 6392 34443 88821 9638 72481 64969 59188 5957 73203 75939 83425 77723 79216 11286 46215 51615 59860 27975 52099 7950 43318 45989 95942 46191 12641 61127 67141 67816 37282 14494 52582 95321 57229 11572 31146 46787 57708 17622 3101 11427 99010 78540 45404 65147 7642 93314 19152 15877 34037 47456 39507 19709 40633 14222 95850 78433 58717 8776 19355 91644 5851 15871 17401 56931 57187 3625 24395 71148 8381 48149 96686 62835 31254 1478 20926 1480 3185 531 76324 98836 70297 12300 8135 85020 22650 46567 19377 69219 38063 73737 59009 1188 73061 56506 96348 29559 67565 66029 97935 65583 94565 28175 59188 68414 48554 7986
7566 55351 25053 29854 83085 10847 99017 3006 87343 56324 19522 18555 5590 15556 52490 43825 42333 42524 40194 53602 10782 67697 52383 50389 51914 92311 27691 58137 80298 20486 99089 46851 61696 80650 6196 26333 89753 72614 93692 67940 48436 93195 78162 71555 7419 57032 84325 23118 85603 45118 83234 23295 43453 29682 30701 79440 60097 91060 59407 27779 84842 20280 71274 41719 89593 98132 49755 14195 55360 15477 99102 86095 30894 36173 88747 70041 73593 84814 85315 3195 29332 70091 67396 95693 9059 83289 24053 40415 97586 72255 18400 70671 35224 81849 14544 341 57842 21830 14183 71954 94930 40794 3107 22798 57865 7086 98762 67474 19262 18489 49906 52662 30583 62746 95880 46211 78031 91162 32902 6840 63738 32932 45856 74946 79254 6579 79252 48112
45335 16364 94427 58907 70367 46903 1683 72284 94868 72823 87918 50122 30689 28848 78429 41684 80038 7681 44155 20064 6825 626 66136 25039 73956 84252 49742 75168 77727 68567 42439 89163 21567 15503 38572 14558 41464 68144 21095 73367 35536 81967 82046 79831 26321 71033 35868 37490 73754 58896 57300 16948 77327 15875 61488 88895 90550 11139 72315 78679 59054 17093 8231 66854 29595 41959 23963 35205 91837 6801 64373 60159 83017 49311 92671 93141 77570 13976 94300 41552 6109 46657 88430 50576 98781 29911 43647 19532 56378 21670 42006 48883 99655 87951 8940 517 88998 47264 33164 32946 72588 60487 43040 68855 47701 93624 54807 46799 90739 97779 87629 54152 41510 31300 74886 48150 53775 31076 58907 41475 78070 92360 22651 81610 10602 28656 18374 96613
84082 51441 84295 47427 25203 46797 3537 56514 98173 96512 97119 90133 24621 55938 38167 553 30445 61025 68329 11610 93303 92800 30241 41735 1026 77385 35684 73353 14597 9812 81715 83202 6667 83125 98597 10166 68167 31876 1643 69606 22043 83192 59320 76506 70428 2852 95970 40424 37925 61092 53180 74988 58006 90552 34238 28811 58787 84854 54813 65476 43796 18194 18823 45857 54755 91852 7716 7371 44566 11685 55236 1307 17129 96205 67239 32149 20642 21739 18081 85260 40214 43674 58305 85949 85717 98009 88804 73378 21895 40503 93330 63993 50910 11407 74470 61821 72817 65803 93775 82720 28815 7961 91741 64094 34156 42526 69695 58779 87661 79475 4712 38368 28678 79476 74698 30539 40488 44844 31674 66139 88086 63698 64503 64969 64161 13445 94353 88179
36048 46202 37814 31699 94183 56112 32237 70044 46398 45128 9784 64110 9262 25329 77403 33129 63833 52421 74488 91897 80545 30204 89928 9247 18753 43196 73493 96806 72955 22532 2855 35619 57575 26412 17087 91595 62234 21063 25080 49621 34624 58090 85068 29220 79228 37694 13437 80771 71613 37234 76744 32632 50429 32497 59338 17383 87912 7661 14006 38138 21353 1940 91032 52132 20755 7389 50740 34111 83368 92965 57004 4648 82743 28572 69252 64921 55742 806 25679 30554 41733 94558 44070 33371 42614 65774 62835 85757 92670 56576 88426 71578 40315 56389 96552 98349 85121 19598 44556 45167 21118 85012 99260 31986 20577 4677 59230 4457 30785 88519 54956 24908 23751 5735 57553 19254 48177 26828 94917 74135 99971 40802 9939 56441 2841 24062 5643 28511
58725 91170 58062 5054 51929 79662 44114 84145 97944 34857 83846 97385 22188 4954 67312 54272 9788 41588 74313 25644 37390 43554 59302 86260 82033 33731 96256 35597 22605 223 41710 37337 57182 74877 22860 98202 3584 35475 87237 600 71385 88106 59798 97880 8114 83185 15548 9929 5818 30242 9357 7551 66711 68930 78968 26049 2229 18754 75267 94715 11339 57004 82347 54808 85146 23626 99407 42615 6357 32678 58752 20922 39192 16107 41641 58083 44754 57695 76700 64883 99658 2241 62493 7795 53984 45324 62495 8104 33844 28182 78796 91454 62406 74175 56727 33350 61912 75059 98414 24091 51967 23769 96105 45871 98975 72769 25659 80348 16168 92874 67671 79905 52973 16433 26137 14009 28191 19896 61209 71728 78343 3802 94056 93142 28158 60724 16777 87902
67390 11900 95862 50160 59852 15246 65806 95512 2453 29061 5999 13413 6982 82166 70977 89294 40694 233 59837 8517 27492 39546 11450 41482 85846 78325 27989 56021 9381 30319 98840 66933 69580 71925 37162 78636 79748 40493 77195 73757 28592 67921 60755 97941 36682 58973 80480 21671 76905 9616 63531 28084 91040 53106 81652 80908 76062 49259 55974 8430 25607 31169 55780 12026 56965 74055 9762 13398 38130 30046 58440 56994 31153 62760 43608 96222 78115 8682 42500 81824 75055 25982 34908 45660 61525 24044 15964 50032 65249 78128 23099 6978 87019 8041 45667 9826 34297 22729 56828 62586 36335 16249 12679 11053 545 58009 62268 95246 57078 98689 54212 83011 89539 73408 25596 4872 91139 46057 84558 70699 78526 19495 27874 74437 54516 25875 97862 9002
64416 63071 77258 38751 38295 64474 10553 31796 69288 72546 26218 33746 43015 25839 77287 1496 7050 4631 45514 4534 95764 42542 59040 12019 79032 25334 91409 22745 27472 47718 21568 95587 18680 58387 83342 88213 87970 41140 43389 56657 80330 94949 86189 62698 95037 90126 6346 98575 19408 96801 99963 79186 94974 91963 9006 72683 18006 35149 37525 98554 11745 76246 6731 83338 17469 75864 92273 39652 51545 1592 35819 13435 72695 57365 71319 6762 51616 33208 98960 73398 60424 50984 33991 33170 32478 57931 40727 80625 2345 69961 71930 9119 79586 51242 34227 87522 95629 50040 16218 92084 19598 1696 79729 21373 83340 9062 32556 82070 39035 6219 20859 67414 62203 59301 97230 36942 40568 34007 66868 17465 35438 88901 50450 42390 33536 80962 92124 18077
7388 54144 40807 4249 614 54459 53194 50314 54543 91828 20755 54164 20262 95561 80592 960 28636 29798 50501 19942 85760 45777 49327 23566 45131 5973 65637 84533 42032 50631 24244 30886 25007 59934 52722 23326 56395 93712 41103 50914 84851 10286 28298 3831 86942 86636 84344 68424 37616 93645 32831 65452 73690 95065 99086 4647 88211 59684 15378 42246 55084 74784 52187 14747 89729 49758 46676 48462 22289 52877 76679 18817 16585 2742 84941 36472 65597 44454 27607 9562 32094 40856 86694 67586 1152 24895 42978 38766 18391 59493 68768 52414 82819 26441 28712 14999 64689 7139 35203 89745 27301 50167 51144 65304 65301 11222 48323 71972 24386 74417 84292 24639 14912 93720 53670 68213 89490 51644 26333 87562 75989 2388 7938 27838 65176 34940 92164 50417
86985 22710 23535 24277 35507 51440 6745 2152 92577 56145 29229 47462 70169 70777 97245 33276 6409 54466 50627 57604 85702 20579 26926 96444 41977 18006 66296 34991 485 9776 29949 36274 22747 36265 3049 10047 15081 4143 93355 49401 84645 92353 14099 83015 20513 25034 18409 44347 3827 91039 99590 1655 85173 75842 32005 34954 26829 3020 41942 67167 10658 16368 98745 29407 73609 62136 28235 23573 54824 17817 12245 89909 45709 61200 88236 41871 54331 53665 49903 99660 66476 53418 26502 90410 83351 82955 51711 83790 73354 68837 10090 60336 41567 2158 76999 26701 47371 65496 4824 30514 3950 26331 49042 50420 86502 41333 34849 56974 11239 66047 38580 21584 29144 46205 50497 33469 39704 12827 24467 49489 45538 67140 96326 52802 76786 73955 54449 43060
81723 99627 38284 28453 86538 17718 89603 37397 27944 50723 35261 73389 9383 45208 20751 87486 47002 95839 25205 85778 58414 79524 2873 81113 44447 64726 76528 42017 63121 41501 31377 91731 54332 13321 89542 23340 42719 94450 83872 25099 91593 56297 96899 56696 33075 38291 36919 29007 45644 51614 72690 33756 66586 7814 80035 35076 99452 307 92169 72424 86343 85591 65858 28141 7904 75767 47141 75288 42013 62562 68016 40691 17475 31910 69531 83623 65578 50418 71431 89079 17116 86053 94457 28126 61106 92795 96865 42243 30105 251 27370 99934 33651 82435 98273 29211 45547 8344 55050 98022 99536 17648 12561 78651 97900 76924 60520 40935 85685 78447 85969 82999 57525 20215 95999 85068 62396 77470 55087 6497 2823 64781 3075 67748 23077 16284 72524 28556
13408 27455 16895 71724 71394 45337 95373 99978 90741 27781 51026 82065 67562 97255 31660 93659 13758 58707 72959 38426 11991 63918 71549 71147 40694 49439 97903 21117 6569 70443 61908 91286 25834 82704 30241 31466 47950 28704 61583 69255 88947 92364 24079 82847 50583 74908 28577 88010 94372 21171 55091 40232 58079 11686 41370 14803 77731 63303 48314 50963 44338 86162 82365 62796 95449 67401 30948 86200 31880 43968 14707 9180 50336 62660 13019 31187 96013 22364 35993 52276 24484 76540 62336 4589 67209 94269 79861 84741 85238 68857 10407 39277 61644 69912 36656 87805 89698 67521 17419 40874 31319 756 33662 17024 94177 81179 87298 56078 76156 91218 91285 32048 85003 39695 67213 37580 96187 67620 76985 50525 61236 99920 98506 91706 24310 58205 42092 20860
15289 99394 23120 3065 74367 39871 76569 89572 40765 60993 16312 9891 36603 31136 67459 36826 85105 88943 51227 11054 92381 67518 13283 35854 37367 16990 52612 17738 9770 39445 8188 90102 92812 73357 12302 98047 85362 47429 96377 20536 10172 94078 10576 85874 46714 10328 51127 15093 55956 11285 31925 20268 28156 82990 32155 46713 86090 26662 49983 84544 90787 32778 13770 61518 48087 84481 67059 33304 32404 64147 6232 38364 43987 67344 229 75646 58148 50045 65381 27000 68950 42348 24392 61147 98352 30917 17187 87435 64337 95294 24816 616 6392 54555 34007 87374 37033 31894 10255 81894 26274 80425 29340 89746 47065 11955 49803 58263 82122 66726 67974 24125 6269 94177 55223 51243 30590 55784 10459 2513 27691 88389 26539 88726 35309 39206 41598 96366
73940 20062 62074 98673 84244 87206 59687 98230 28804 88981 22288 97831 79183 37530 6835 90833 55220 35309 45919 98543 65995 27237 72556 18326 36554 61630 49931 95386 19264 4413 10492 61479 6264 17738 88976 48298 51249 77738 79757 64698 94808 5109 73537 40139 17087 18247 65324 67322 10302 35561 10568 19963 12425 66572 65630 93091 57426 63223 73735 62289 33874 64130 62726 61378 34714 3526 91314 30805 77716 9980 41228 78834 78027 6421 98286 59113 21123 74194 93815 47853 52754 44669 54543 85270 19387 47186 49401 42898 9320 71331 85802 59460 9318 80311 9230 60998 85129 36928 35789 11696 90021 66310 66046 3247 22801 56912 93122 13038 32761 30223 48206 79633 24696 96554 32034 35024 7327 62262 6694 59304 95653 75038 13871 82949 16854 88465 97965 85030
56997 2722 6325 1025 88046 90754 65197 87379 94580 18957 88495 35960 27625 97276 71874 45448 19990 14089 82444 42760 52655 52270 76876 41683 38222 29349 72441 67749 20809 76111 37508 2006 41251 52170 8394 1473 35300 58839 15706 28278 83523 63110 17982 87121 41289 27641 50780 72379 59591 21036 84817 23552 23028 90892 84112 46515 31828 98830 47631 1243 85599 10551 33878 95501 26631 79770 736 58650 66005 42466 16134 78794 11334 62919 12426 67495 77603 67538 14681 69346 57872 15874 79061 42395 19997 34429 27474 20207 68799 37810 25165 99314 52034 68877 84567 6928 34494 78280 92203 3518 84955 62520 40425 24288 61215 97353 35614 80902 91020 1050 6923 97892 12147 24050 5840 84234 73187 69677 95187 59092 54133 92535 65511 88710 67330 53025 73757 85884
52954 84121 79439 30400 39303 53066 15368 93101 60935 29432 72378 75802 76825 32496 50798 80030 54528 96358 27126 31082 4137 39266 96064 97748 55149 24648 48968 29491 93986 57302 52502 53397 88752 78176 10417 45410 17791 24555 49183 88177 8146 11212 59652 66042 39483 79166 13265 5969 40213 66867 72446 13466 3588 97538 86512 21473 92585 34366 94327 86371 93922 97602 12470 28036 81990 3821 24236 38185 17643 61085 67589 32810 55186 25129 86602 74704 56217 14261 38041 78994 33368 5284 88996 41978 93158 21535 23165 43051 13173 86891 89800 32072 77563 45157 47323 67044 33819 10236 77784 8454 93850 49209 16834 92869 87220 99867 82459 30478 86669 82407 19111 97880 41371 89279 86292 36977 12388 87675 94858 32081 78896 29153 33963 88355 72321 92531 25199 62934
98044 48004 44642 32917 63181 24051 13671 6366 61420 57238 61127 91835 1408 9910 66486 89499 1323 46759 24422 8350 5651 67264 23735 23086 12644 37214 37159 80152 3848 56474 50851 800 25882 13514 1988 94749 12191 21126 95771 57368 77663 11075 58501 99945 89744 44073 86492 73264 32405 79635 53303 58783 79617 86796 81966 58843 64236 58493 22815 25868 13104 74380 16765 11713 97044 47768 52020 13960 84617 42569 84507 50105 47099 20855 54256 42609 5659 57182 2579 22021 11884 23645 9601 16660 11858 38779 75433 55469 48838 80950 28642 45119 51714 93059 49070 65249 41375 26472 383 94056 97400 20061 38169 47963 95618 3744 70036 64067 68551 88053 30184 79064 88668 56210 95447 10401 77139 27798 32247 33678 84917 37108 81083 43407 93118 74701 59735 27236
66134 24290 27018 56820 93228 19132 20663 46456 60210 45671 3602 42897 86796 91349 35108 11536 83704 34063 50696 43931 34723 50441 78446 23277 88239 15229 85446 65016 72572 64098 40364 53585 25150 75315 37502 86320 45547 49980 1315 68841 93942 97549 43735 12666 47580 98322 57502 37411 64410 18347 30984 79883 14062 44983 25155 23732 29239 47203 37626 46400 4429 10805 18783 79012 58703 92164 68866 64914 87806 4382 90674 9517 33994 99893 13851 83450 16162 34978 46001 5443 9894 47351 61058 85337 38864 35294 91836 52061 47523 98433 84094 66610 52651 93947 93631 51132 53983 98516 72023 2763 12715 37078 65709 26900 27098 38742 90734 55035 62620 95795 74654 99867 71034 62795 29390 14993 16046 81899 41734 66305 96590 84686 50335 24473 35656 89703 99709 63279
75312 41472 34033 30776 54592 78395 5196 94939 9414 56402 40682 45737 47841 95612 43565 28495 57823 10563 10726 35999 57385 89807 76859 92526 30013 30597 49350 57825 95617 61242 88755 63313 50381 30105 48022 87905 30149 70551 78847 75796 26990 21359 21584 37438 81551 2630 23512 84782 33293 49181 22882 50924 27377 94429 99738 53903 70261 70455 53689 63646 62617 90644 59209 21518 70278 55738 76761 82758 97788 96060 23947 29641 27408 91485 31045 16145 35449 72802 22880 26758 55248 66163 53731 91643 79522 69445 82233 5160 33093 44986 24714 22984 39079 37787 43234 13579 73770 74465 26961 14142 81580 5809 76123 90852 52483 46728 74928 96435 99515 63499 59049 36380 84097 53613 87984 43797 56609 11091 23249 86265 52654 71643 72533 13196 35731 97115 86114 83827
48339 86069 37894 86654 84307 9123 48490 25159 1602 5859 82429 18198 89310 87713 42881 6626 1392 80970 51395 83043 68766 91300 92293 67573 26072 39117 99343 23403 84749 57413 2825 94045 82834 68308 17728 33146 69882 81270 5722 481 70065 44910 52872 46547 51247 46023 19898 94014 57789 66994 2444 83213 94650 75391 37221 64353 42633 7857 99204 13058 38143 68462 81878 25619 49764 36232 53909 84750 88346 67867 8877 23859 66208 80787 17259 44035 4876 55432 66372 81930 36852 50166 78420 39556 80892 45778 77830 30715 12103 46771 98524 51276 91596 58264 30060 14816 92911 39289 58802 60665 54830 29799 60515 64889 24363 46002 580 41488 16347 88614 83636 1182 36453 46779 58973 89708 24686 81207 39692 86473 49652 37292 54457 22004 52379 71125 38362 5304
73078 59714 7648 44620 41970 88038 81569 26856 1078 79285 24701 69922 73528 90690 40089 17914 72724 88534 60127 17400 65138 68685 30467 16670 25070 53316 71607 50653 24390 20066 32084 71281 17376 13818 58221 44922 90400 56937 93961 36284 69549 62630 12649 53960 14656 95910 29509 58019 22687 62459 5792 23280 54969 56638 57381 2217 37045 25343 706 70966 72575 52636 71380 59663 35174 4283 10585 55387 2560 8992 31089 20744 49593 10230 25412 11128 39024 41476 80540 52269 38690 75612 13563 70814 96878 56189 8190 4751 86896 33752 43213 53205 73802 73627 68505 10478 34412 61780 70254 29199 98701 4285 91396 8504 83276 86987 50763 95943 37807 11760 49187 11070 52136 56902 26323 79134 88682 80565 91536 39793 65185 17563 51974 68614 48337 88990 67407 49182
13742 80017 15654 44309 99532 34378 83626 52409 89025 80100 32600 98253 68655 36209 83688 29774 32345 4716 14534 63441 52811 45573 6338 26563 51067 16244 59002 38229 18858 6588 80791 16758 63194 35876 95059 99723 26758 87057 16163 93614 59256 36204 76579 66470 47326 13548 41944 61023 82324 46718 42067 70228 77870 72740 70813 38385 98868 39664 77641 86850 75830 15482 67082 70505 45057 26355 98633 326 48371 83747 24086 50265 64366 86338 47703 85149 96539 89592 47442 98417 95617 32638 41373 64155 81593 75012 47496 79866 34415 60342 99735 48757 23241 83233 31982 9458 83460 14071 58676 91927 23387 59010 19804 23691 37835 5742 76351 98507 78400 12041 21031 83313 88438 43693 29946 53476 24452 66049 57485 86502 30438 25862 38082 54700 65241 43319 65701 20858
68325 56468 47495 32478 21787 10422 83159 31112 79168 65053 78101 8301 50258 98722 7041 97603 49701 65805 76346 19094 52817 13515 25108 16434 78560 99504 55594 38164 90468 88120 51601 24691 53882 2094 24579 50871 81179 53852 25381 16830 30587 39157 66927 48026 13655 35517 45973 61067 72569 77648 12551 30760 22139 33549 15094 8819 74702 4569 2178 89938 4914 31103 38224 43175 13444 54030 49076 83161 49522 36538 80417 98466 2397 98176 54020 43441 82015 39743 33739 53107 63768 76220 51296 70738 14261 14231 80861 91545 83275 76197 19076 94973 15152 70046 36046 76041 91940 71936 87795 65095 46826 52778 56152 5790 73107 14924 97518 8887 48209 98473 330 24258 38139 54731 74976 34408 96430 28714 71253 56431 53293 55926 10176 57812 51373 6435 58858 81162
4780 10462 97044 65212 54062 92589 53101 87785 97341 18115 34004 8002 33245 36955 34192 40171 37997 21425 72143 40903 90645 5192 93317 78811 44711 11130 64151 43956 75123 27116 95491 34292 55057 17056 18493 1039 30666 56706 94297 8841 5782 2199 90199 55365 59875 11717 93534 8958 75955 18430 4257 81021 89751 60262 25308 59165 23483 77366 54274 77817 18404 1640 47023 95996 26731 24870 71716 31908 85949 73960 67681 9946 47003 46893 61298 54296 43015 28296 53326 24390 10591 75867 2807 84962 33032 22676 62843 80989 26657 97074 50078 80969 56711 83033 99993 86192 50766 31282 9295 24862 23027 23730 91333 22630 1429 50924 65322 91095 95804 16585 1469 44534 66101 69227 68983 81414 69332 30925 86431 26132 94304 55074 99430 9722 94571 65823 70184 64626
51327 69723 36148 51696 94655 26551 64018 82380 31711 64286 96379 91154 69001 45363 4903 49785 7866 21174 37592 15477 74433 40351 99945 75328 2709 36645 11885 96937 12776 23667 13372 34581 89178 37235 66643 90 95626 72258 12851 66548 18547 47390 87875 77519 41803 21571 23744 53086 29643 27798 69023 83690 17458 2331 1597 21573 65885 77799 19091 72209 36438 83839 13103 75575 94496 37870 35438 68119 82319 58084 60006 10997 94061 24413 58177 55556 87344 5959 13326 3117 32298 84083 25860 31333 75905 57422 71754 7289 95696 30960 91348 62025 93859 57836 49684 7702 28545 43695 17139 7210 92591 38840 54723 98756 65182 39993 3193 61872 99664 13394 65156 51082 29511 99701 32534 41334 42292 91377 89854 7289 1745 45346 93589 67960 17697 59533 96494 64020
58801 12134 99014 3472 74357 67454 98339 75655 66268 5583 63827 77495 77799 1883 610 66621 85286 25007 28374 64299 62844 73004 30473 33469 66169 44341 91655 1764 59507 48235 90173 39315 63950 27208 7187 84983 55453 24898 44908 98991 28522 90142 24499 80770 58856 8309 42097 54953 91845 56163 22481 12882 22813 1361 9769 25355 74812 11207 62876 61805 24511 45569 25818 50211 69882 96805 41556 55773 82012 71153 74699 292 89020 58782 26271 43589 75876 63904 75547 83774 82764 95481 92042 66997 60390 60290 37272 72508 66329 70072 52210 17205 99628 97858 68441 59484 80241 33333 35338 67246 54929 91545 63073 86453 57682 96405 71455 53454 23877 31108 6986 82812 18905 16508 95524 31933 64260 76266 51438 19835 74154 54487 21794 81790 9951 11486 62008 83178
43722 98108 53624 42361 51619 14695 461 90516 40664 70086 58772 16387 14853 70483 94515 42128 33832 24233 72271 70990 55881 85781 50353 95446 54412 17775 83826 73549 93907 89851 76212 6101 38486 69006 26623 57652 14373 78266 73640 45862 70683 53204 30839 24526 19078 60017 28313 68756 19982 64496 67093 44003 84605 99100 28773 59323 35967 92549 63576 89848 74235 43555 46615 50241 49102 94546 33668 58658 59777 72351 94783 88703 15966 23173 51205 1528 95206 39152 49967 58518 67992 70286 32671 45371 87146 50175 67332 66645 27846 23260 86635 53807 90590 68335 55113 45658 74580 27505 46832 24504 71783 9774 11964 50381 17127 43620 86173 45240 98074 22700 8600 75554 1530 57094 31432 55660 73421 33072 90915 10270 65747 49917 18173 43061 92062 69306 4723 48492
55439 19697 10641 4563 47407 52938 48603 24166 32189 92900 65800 63488 24563 379 85743 84640 29072 44305 47698 316 66482 20639 48510 56370 651 46452 49692 21747 89284 18000 67333 76136 53693 53689 86432 63815 76159 20390 31927 27005 75492 18254 58605 70406 44822 37597 43927 59335 19882 45970 66976 48505 4452 7475 45859 43312 28739 26557 21278 3490 6254 67901 69564 55199 36520 3503 74087 4920 23026 67727 19699 73373 77978 8937 92380 55650 33234 34918 94208 79612 11222 25066 91889 62574 73786 53114 63862 89338 48317 51696 74078 22553 72597 7545 69130 74139 95897 53443 16056 42318 90157 60631 13581 35539 66572 5287 27368 35856 61820 7890 41391 31977 13854 4663 2990 82869 99776 66639 20152 36740 38845 43257 30059 20039 14764 49689 76777 65163
71328 70149 27901 15822 1781 4462 42509 45102 66393 49135 87079 56195 49365 27754 8228 83249 26164 89324 8557 77477 75575 60371 82610 80598 22898 4633 10774 12466 21204 77880 16343 51692 37131 52508 65658 6946 42566 61332 57667 90395 94399 83578 9109 99374 37500 21848 82530 17440 83033 80533 30120 3021 12705 27311 65653 53936 68972 71565 74278 27009 38582 32090 32885 88417 69228 69256 90217 81060 93166 94789 16009 94881 71159 27568 97629 99210 7617 24676 57393 41257 61701 51034 36461 60034 24320 90849 79531 30249 16491 43166 39657 55039 24335 12406 62065 34432 21843 31030 6398 24473 10503 34422 54957 82914 47390 90463 12908 14157 5267 81583 37369 97614 53282 29345 27864 92796 75142 68453 25250 20746 5000 82331 35498 9439 2397 17280 9506 92528
79751 96003 79256 2421 8992 19049 91202 8810 88284 31745 17867 23187 43283 46676 14618 21341 56753 82432 2845 78110 99493 50658 34378 99267 52605 41860 13424 23432 89790 14543 67615 17642 88780 62489 30547 15044 85535 96899 5370 4482 46084 41249 10531 59651 54069 41741 88977 33728 27964 33326 82111 32780 68991 32265 3006 92110 48582 32362 46063 54079 67161 99977 75901 19110 47907 65364 93721 95002 49867 58515 15861 88358 76347 10390 68119 32846 57738 63069 21886 49171 32674 65587 61015 2975 79748 6253 49137 57752 53159 40105 42960 72067 48162 50866 23197 74434 97352 58282 15898 57474 60815 27282 13885 83165 59672 33094 80056 62576 86978 67181 39845 76017 24976 74117 36361 21405 12438 24769 74410 63550 17949 82322 24065 73495 66219 82526 68033 68481
56519 48199 16089 32094 11650 27349 96087 81715 52272 34759 41218 31208 80271 6180 33705 19313 53342 9525 53120 80663 61195 36001 20879 97391 35883 63589 47454 58411 86784 97078 25976 68260 34717 99950 67715 3290 65316 5509 84109 49733 21443 32521 54821 64657 49650 73603 24553 5630 51315 6085 5833 37499 57821 76987 39944 65192 61651 4683 68742 43444 22666 77955 78225 99532 8012 40740 87352 90558 33860 9540 75879 76566 34261 74031 49668 55012 43731 64444 47178 17416 58589 43401 2071 36965 89007 84028 82381 72415 21151 6952 20767 76050 16285 93805 3645 21776 90218 76996 63034 66424 41613 52837 66049 9296 69841 3349 29516 97866 59751 55771 30193 54567 84308 31097 12210 6728 83869 70180 16430 72817 41271 78404 37424 95265 70405 17714 67252 81870
2460 39137 20245 42040 21258 82380 99002 90276 9696 3250 48774 35167 73279 93566 99355 10716 66008 58593 76311 66897 17049 69387 49792 47707 63263 77448 77652 86845 30542 21535 30854 468 88813 79554 1846 42718 71989 20712 56874 28133 51097 82098 72498 93414 60731 53768 4147 97309 4784 2172 34119 11343 48591 27472 51651 63990 81419 64913 10212 52678 86104 22350 68327 90927 87117 8721 60487 39236 24537 72809 96464 71611 36050 49096 18210 23095 56983 95868 21698 70157 4916 66641 86076 89893 23598 12814 12081 71289 43786 58426 60696 36621 75363 1525 56617 11811 92815 28895 46530 86550 90774 61398 80897 92372 95125 57116 5596 34666 92714 53514 25255 59064 10180 47335 34817 8795 27905 80472 55361 38953 45582 19930 67590 28895 42746 31377 81489 40079
69484 36704 18867 15729 16976 54874 80409 79545 18341 4603 28326 23486 28117 77544 16728 80839 35046 73400 6199 69507 72425 16019 34942 72137 61741 65610 78214 13285 16374 72293 65870 73377 95867 20354 9410 98851 64187 41886 77471 81591 54701 51816 95001 75629 91931 32173 86327 31625 38621 80478 90101 39602 31571 49703 2731 13782 17805 79357 87141 71283 71674 62757 28500 79449 64358 63403 37751 12793 54724 57365 39127 49613 43815 35491 10344 43434 48418 63879 48998 62854 86407 50704 76193 95904 30211 12725 53414 29616 52313 62912 3258 25175 58269 85642 70567 8715 50259 2488 76939 39551 80576 5379 42579 53258 29078 38152 86951 7878 79928 46960 90911 1521 55517 35376 69045 59874 44454 24143 24228 8864 34363 30462 38452 18186 22817 15945 63179 49842
72390 28956 69910 31525 59970 99457 4025 42261 55388 76280 69310 30866 72337 62866 86729 50285 94813 11793 40301 60738 80729 14821 65006 28180 21342 22095 77466 97888 76536 82204 41614 24188 52780 54438 59147 35150 27794 64841 14506 65687 89992 37902 15158 79545 69296 57482 80261 70507 91132 46066 18924 16839 6600 1950 32361 47337 69688 87239 90731 87405 33026 99017 84159 84667 7865 38625 54876 6691 16490 89469 37250 30723 77400 53050 61922 12114 9599 26938 31541 59072 65696 97861 59359 82476 96252 5399 96290 38170 98992 72757 20168 21644 87651 70000 11917 24747 89715 41185 35478 93845 92446 87514 39416 78346 85420 37248 49358 97894 55292 23144 46964 39224 849 7609 34861 69205 83729 79508 39381 51361 90187 27629 50522 38926 7001 60792 21660 13505
49920 89932 24826 58457 45783 51367 27526 36608 2417 43667 39595 87223 884 52215 77731 3686 65584 42796 62282 47864 78519 73690 52593 55662 73579 73954 38661 46170 99764 96901 78429 85249 78245 54156 58734 44025 62620 94081 60134 11203 15878 85732 26381 52184 85853 62390 72502 65005 87577 18819 90375 17508 15230 64976 21274 79284 29468 92270 28546 78523 85660 75679 7082 28542 12921 16898 62509 74075 33278 80541 53271 80738 26873 43278 987 90956 13535 19527 60983 76529 31964 83536 71511 99548 66400 47366 85225 79501 37652 60627 83450 97978 73881 81980 90034 82666 1721 32013 4935 77148 40854 10729 70525 31501 65208 90593 81618 79096 1474 88272 31857 96364 2645 28920 70618 50218 57072 54967 64699 34956 2298 12151 94182 673 69463 82086 42988 84403
51251 39986 52191 41927 47880 17952 23766 83032 50603 82802 45858 12667 60948 50856 68489 17360 20366 4329 16501 26644 33939 14835 3920 41184 52373 93610 253 97765 40829 21907 42059 61365 18196 74671 37868 14961 24498 6968 97154 85058 21407 17341 51805 92622 19525 1009 20090 83623 27794 25611 97825 27870 91164 97214 78005 79093 30725 62544 51611 2466 42859 97147 15967 64576 81852 2453 78593 49691 47495 94300 42951 96975 10471 83071 17973 54405 24261 13997 65093 3305 1478 85051 9497 75416 40009 66560 63162 48447 74560 81267 16841 1855 19562 83030 59088 34236 6164 73062 4205 71201 24541 76214 28193 43647 35537 46014 96159 77195 52874 19424 12626 79560 36465 29625 95031 467 94340 96442 18933 33363 37582 36388 7563 94859 27288 87444 90220 25355
82022 46121 75239 38295 22822 7295 96362 59556 77315 87721 92776 21507 94379 60358 15803 68994 82307 89718 44746 88493 77221 74936 52100 48854 26323 54348 7191 94308 68751 24966 45614 97470 42350 96686 97218 89405 3160 95960 52362 84555 33765 37273 22290 45597 86987 4936 2585 2828 29823 39635 76593 83946 29302 16687 76804 50699 46560 39324 63496 19882 44859 34883 69179 32187 95594 37213 38619 44156 43405 5089 2452 45694 60743 19476 60397 23039 86386 51013 38618 40527 98776 15271 76452 17600 46719 41862 69710 41045 79810 14084 44583 71097 99679 89949 49656 40443 72762 61616 55536 63715 62629 2161 78868 33491 78500 57136 12897 39426 76010 83172 51623 381 40314 46907 65473 6948 76658 12369 82293 50992 87750 97405 55309 92787 38719 59439 36886 69749
77367 80809 4829 17503 52515 44481 95385 86605 58004 50321 84663 1525 40168 70819 45778 53929 30312 19129 25770 94587 78663 52675 47150 93321 72552 62692 47584 91338 64532 36008 53420 5529 69764 46778 27413 87132 58838 32980 7295 39961 56422 89657 69768 1241 48164 79274 38703 18666 90970 16712 41824 86329 82125 187 18431 11200 58256 72906 72600 65994 90497 11567 85410 14547 71338 61567 19636 74359 45017 86963 15616 82914 2456 72572 96219 52278 45829 44073 82711 66611 40612 56865 89712 32201 64760 91397 39633 26924 27516 72650 93757 5489 56058 89547 37955 39875 33542 36008 17929 595 35115 19694 58093 56181 64454 8041 39559 95583 43548 54365 32212 79903 14838 94407 42177 7137 6849 67329 21662 11324 89050 309 62144 72468 38608 18542 84843 35094
20274 75104 2516 846 25553 16970 81915 81319 55693 61223 54607 27785 88563 43627 73678 41388 19795 88967 71723 51284 58413 97799 14137 76765 92195 44236 56086 94834 47145 13230 60410 85130 72837 51959 47661 54169 23052 51665 59488 13090 73913 44129 74685 29898 96454 28000 31991 61547 50604 29641 39071 53557 98224 50953 15607 19732 27079 73010 51170 48967 23797 89116 22011 80922 97550 26323 40802 71999 41244 44199 90306 21576 175 54905 94708 3856 97692 20187 97680 935 50156 6161 67239 83330 33641 98771 25008 76578 94619 97468 2678 80434 10208 20972 85160 34355 96939 27122 61752 25089 81626 14528 21142 85659 73704 40683 70994 86501 37775 42961 53821 14968 55407 35241 74689 64024 43677 82597 86076 55065 73648 32015 68801 67310 92817 44749 34941 69790
48153 8982 68960 68171 66167 65438 62812 37247 62944 93075 16650 60375 17913 79079 49349 86489 39981 99004 76700 32276 82990 50624 11460 87015 49539 64952 24386 76580 65348 96170 8451 74625 26347 98889 95862 89082 59042 36317 46117 12465 76240 62119 13096 23084 20702 92228 92615 25300 41480 32995 60109 87552 37843 96621 59695 96492 23151 49003 33001 49816 10536 63555 97122 74229 15993 53765 86672 52341 38868 23253 54348 78865 72381 80377 94881 80902 56635 91495 58353 34214 56326 70286 52626 8410 1420 12617 11711 55360 15194 32753 86264 44028 55072 83326 13319 35886 8020 29675 25463 97241 53380 19936 12862 68228 49996 4136 84236 7438 27045 15351 73067 59794 1092 76710 30543 77105 2494 76854 14063 22332 83844 41965 66092 81147 69586 39181 55507 16196
72418 68733 57943 69130 44698 77789 54326 40307 58359 35664 14967 1785 27729 95938 18969 2020 32152 65064 4863 69104 40641 62657 242 11853 43741 14722 73709 33264 92571 50202 52606 15582 7385 82796 95322 40889 15236 35648 53458 17873 6778 63087 86842 91035 84374 62639 23203 60979 35653 98161 11279 5424 92245 74040 4996 9134 10318 56828 78230 60878 85160 19230 69538 34584 28221 95006 81018 73516 62085 29496 18505 30735 19508 45334 28686 11101 52913 74658 59944 75569 85205 39413 38999 73101 46477 84030 83756 3905 92528 97510 77198 60328 58620 29997 7750 28647 87660 41035 77516 64177 73792 16928 47886 4504 6580 3691 31333 43290 733 74500 77036 7466 89595 39336 82073 72783 37105 10991 53469 12113 75991 95325 46508 29873 36108 79841 484 38433
39698 65121 47737 66782 26728 97671 41440 13909 47693 94740 20051 56878 2040 46770 12350 58482 26169 36577 7023 21302 10693 51648 11113 6022 29120 50324 56752 5667 1554 96913 78900 62075 43808 82688 21334 54835 78522 91059 63848 27401 63655 39950 18245 71103 82283 45738 12891 69333 12214 66968 76084 98146 96570 48042 79501 41486 29237 844 83524 65684 65779 59346 65099 61083 48042 34577 80894 8170 71695 58611 24659 10290 6659 64977 35586 48738 4462 7441 30516 238 49665 5180 25943 9379 30766 921 71542 48828 94133 27825 72045 80375 54794 16874 93292 78208 59022 16560 23128 18781 94839 57956 99543 30347 44345 10860 81124 93731 49529 60538 662 63798 59850 41183 12701 97675 85693 10917 44651 34434 41333 55170 57159 85430 11176 12075 33636 66084
85967 88620 40874 52726 68659 79126 83437 46422 50129 3637 97105 52823 78027 72878 30606 37978 43042 35820 36542 20053 64213 13677 16580 41041 90544 85428 44481 97216 48341 88059 35653 24451 90548 25960 39514 60129 65009 10533 18921 990 72311 90336 65293 96851 70472 35773 5780 93521 83532 70412 52844 66245 64007 62687 77597 2700 27064 84676 12052 38700 775 70973 20094 82575 74003 74534 40849 21039 72797 10619 72892 96238 50983 79966 17496 74379 94969 12645 57778 26853 59457 7501 48979 75071 94624 41943 83936 2225 60036 65688 70521 72010 14501 64891 69510 83044 93787 48604 11397 28010 53968 20927 19212 95784 16665 88141 92649 93740 67137 16569 7626 89478 63973 51723 78435 98246 24384 87131 8713 4350 5087 81809 52438 9884 62120 84346 5011 344
46367 92359 62802 57339 39113 58394 2070 2164 82004 36292 8260 72992 32703 25959 97384 10641 44751 84454 43027 9572 53239 25314 78221 84901 19456 2253 75036 84739 8574 19499 97473 80335 34233 80572 26552 12396 14315 32244 39843 10940 41163 66414 8230 67768 29515 64828 43746 25087 48000 54150 16815 61076 88989 23593 82111 6806 94896 63669 88960 73275 46898 85771 84357 93745 35784 50938 68009 20593 63969 29398 78705 92925 87359 60906 27739 51061 13973 86785 58444 6321 22093 82516 54997 60760 31858 76916 67842 11846 51832 25480 98271 67006 83293 76612 25068 46491 26705 36975 40519 63061 5232 63050 60475 84864 8976 53653 31533 83328 34498 88738 50808 68285 73185 52052 25064 85180 77832 45580 95174 42256 58991 48702 45500 11733 71827 81197 92912 12323
8675 84628 77358 37469 19710 84507 13636 52654 93183 72840 35703 60065 12753 88947 21874 98788 94116 97255 48499 59610 12528 17274 70767 30030 53165 69287 67678 18536 35893 78743 12660 83317 86343 87876 38948 77679 51920 60588 43397 62733 28696 85636 44810 30461 49607 38465 4427 21343 22429 79899 85708 80750 29193 38346 7603 59896 48719 95113 27924 9562 61677 98769 52043 97793 46969 14775 55722 88352 89817 3765 3892 513 8343 124 9642 98706 89604 98782 1641 91809 9069 63816 7090 68161 56613 73086 9115 24921 39242 66356 59660 60009 42162 88936 91398 34156 68335 85864 16182 55487 23294 45413 16363 33184 54188 25621 1072 4159 97583 48694 53146 16908 14672 49924 7220 50817 9738 43594 22688 13273 95268 16780 2701 90686 11091 86703 71314 25729
96484 68663 67504 9921 79178 4355 46440 7473 60499 43401 25285 79979 4294 53763 60810 22701 88040 28567 16742 8509 26386 13596 43759 25475 15680 71220 35959 98731 70350 81426 19635 21888 17959 71811 26128 36369 80397 67289 70340 71552 10543 96445 89652 4836 25949 30742 35597 84324 88922 49403 70366 6193 66831 74169 82629 8609 5380 43667 79087 66404 76394 99957 32164 87735 68161 68738 58245 10559 85920 55874 39501 33414 2400 57727 82119 55177 34785 7448 19324 31733 9131 44949 48274 24354 23580 98996 32340 95863 99386 20755 63814 93277 57770 74545 82602 1575 33084 48878 69777 27498 97810 62737 5721 50030 59773 34388 39282 84263 32858 10579 99589 38423 7555 86513 4439 5626 95872 61487 82475 34107 10841 14855 36820 36286 9247 31506 10497 76959
82899 47954 2284 77927 90287 75239 47291 51617 78055 97249 86219 18453 62826 80658 69488 92086 63571 79165 71440 19653 71997 45220 6426 65335 35609 90942 9156 94821 80391 85027 14548 39017 97253 72654 36607 62586 61718 17764 23997 93344 43073 43960 20302 66367 89135 74632 59317 28629 30893 2749 13493 88356 91948 67586 91350 15043 8805 87928 8830 5992 28117 45458 69395 49069 21471 78 88372 2687 4734 10966 3105 50234 17408 66733 8297 44521 3472 12011 98581 11137 98498 34420 20444 61617 27192 27677 18352 5896 38797 60649 57640 94162 80114 84419 32255 42960 33988 66216 36049 47929 64210 11209 93840 50630 85573 82964 46769 73822 86910 97825 66626 47736 71245 28761 79937 64215 21849 70935 1352 60173 79366 21234 45688 30631 79781 92300 41963 74890
41944 65230 27615 44962 69645 22894 82174 95067 50937 30612 37110 22458 94613 4027 29874 77933 77956 51272 99786 11253 1668 12360 54872 51771 17462 23087 86620 93112 64191 58595 58223 32163 22202 47693 11815 17114 91572 9371 17438 77913 95684 58123 20151 56854 25362 49971 31935 84348 61462 36040 31801 17291 70704 1272 51408 43961 98754 40634 71636 17740 71190 84742 85808 53358 98583 80066 10675 63153 12764 4206 98504 70728 30286 57352 78494 65901 72345 18224 67362 91574 1500 40326 30712 4746 11302 63713 33147 39118 95001 21482 30284 90892 91083 15852 31633 89 48822 6314 26098 39744 67811 82252 7110 4345 71960 16948 79259 69389 50768 43005 33804 50244 44534 85671 48143 64869 52298 71706 32752 39698 97979 95523 25925 91294 36103 26962 95950 39724
55821 39070 52565 59257 50329 90175 1302 26627 4541 83929 88687 83867 7358 93007 20146 63331 58984 2792 77161 65053 48315 15881 68510 28064 59908 72116 76507 57084 28273 73159 84997 82531 49201 17731 16226 38492 47156 80446 41397 74680 18266 71041 50836 58269 30069 31094 5735 37884 23454 65305 29213 37725 65776 11766 68878 35126 525 12507 27461 61838 22236 31431 97467 31339 32062 37540 7387 84399 85455 52584 77798 38807 56698 25427 67100 27174 1633 10497 86850 50268 47918 78192 19023 98408 49274 91077 91595 98891 40288 93505 74814 5010 16186 35678 14048 57409 50393 50295 82106 80755 69518 75044 74870 11838 64746 76996 24426 74614 2564 83466 91123 80363 74021 71547 96001 64532 64748 70721 1770 77639 14617 69068 93315 43607 23609 32459 50673 89387
70050 11933 23221 9490 19455 30323 81808 73170 28033 38373 22350 14742 35709 16971 84503 67645 20524 84192 14166 23538 31439 92645 89047 90167 22835 21901 11820 82105 84478 78826 36434 11304 41458 90050 6037 94294 11242 60736 54391 64822 60232 20822 65946 52644 9654 60348 63336 78828 72929 32486 11868 33995 58533 54385 27676 740 54911 42556 17123 23033 53067 71891 72627 42821 38241 84317 98643 64115 52165 97352 15348 8925 82150 12199 96902 43806 15822 3321 88019 34718 55465 35232 24015 30916 62854 84601 94055 9860 40433 18384 86034 32418 31998 37400 7036 33698 29744 66946 7643 79150 81918 18459 5515 88086 46363 86343 41729 56512 38604 4654 56550 81905 77866 22822 76056 19200 72197 60551 93510 84111 15523 45980 6907 60486 51285 65611 5337 83932
1272942 974924 1016411 229271 132676 55955 883720 127819 1044456 1074450 528886 807394 261285 141283 877434 928356 519413 681447 1121948 946888 1388361 1172279 598855 788215 711976 1042116 668464 502537 957572 191574 1041016 465730 824284 1091460 577108 1048999 1221826 738336 330359 185799 424253 408593 816461 1209794 893219 382146 717997 116694 92856 921794 759873 1258597 1483040 535953 1107223 411701 677054 971963 1148434 1062404 619036 767880 1003385 1181769 567544 463460 335268 400347 1050839 460968 1123712 15925 55771 989485 426614 900132 255217 629121 895559 660496 43812 192611 27175 581456 16993 102748 1190423 1099052 1185152 503469 34055 1381290 556085 21385 803720 152419 872704 977026 1103768 1127824 1225440 85606 445068 351322 311437 864028 1110138 1153430 428585 324112 705035 1169416 407898 605843 923236 126406 788310 603746 352135 87133 404681 1098281 254936 711797 464409 738156 1474760 864669
