64
0 1 1 1 1 1 1 1 1 1 1 1 1 1 1 1 1 1 1 1 1 1 0 1 1 1 1 1 1 1 1 1 1 1 1 1 1 1 1 1 1 1 1 1 1 1 1 1 1 1 1 1 1 1 1 1 1 1 1 1 1 1 1 1
1 0 1 1 1 1 1 1 1 1 1 1 1 1 1 0 1 1 0 1 1 1 1 1 1 1 1 1 1 1 1 1 1 1 0 1 1 1 1 1 1 1 1 1 1 1 1 1 1 1 1 1 1 1 1 1 1 1 1 1 1 1 1 1
1 1 0 1 1 0 1 1 1 1 1 1 1 1 1 1 1 1 1 1 1 1 1 1 1 1 1 1 1 0 1 1 1 0 1 1 1 1 1 1 1 1 1 1 1 1 1 1 1 1 1 1 1 1 1 1 1 1 1 1 1 1 1 1
1 1 1 0 1 1 1 1 1 1 1 1 1 1 1 1 1 1 1 1 1 1 0 1 0 1 1 1 0 1 1 1 1 1 1 1 1 1 1 1 1 1 1 1 1 1 1 1 1 1 1 1 1 1 1 1 1 1 1 1 1 1 1 1
1 1 1 1 0 1 1 1 1 1 1 1 1 1 1 1 1 1 1 1 1 1 1 1 1 1 1 1 1 1 1 1 0 0 1 1 1 1 1 1 1 1 1 1 1 1 1 1 1 1 1 1 1 1 1 1 1 1 1 1 1 1 1 1
1 1 0 1 1 0 1 1 1 1 1 1 1 1 1 1 1 1 0 1 1 1 1 1 1 1 1 1 1 1 1 1 1 1 1 1 1 0 1 1 1 1 1 1 1 1 1 1 1 1 1 1 1 1 1 1 1 1 1 1 1 1 1 0
1 1 1 1 1 1 0 1 1 1 1 1 1 1 1 1 1 1 1 1 1 1 1 1 1 1 1 1 1 1 1 1 1 1 1 1 1 1 1 1 1 1 1 1 1 1 1 1 1 1 1 1 1 1 1 1 1 1 1 1 1 1 1 1
1 1 1 1 1 1 1 0 1 1 1 1 1 1 1 1 1 1 1 1 1 1 1 1 1 1 1 1 1 1 1 1 1 1 1 1 1 1 1 1 1 0 1 1 1 1 1 1 1 1 1 1 1 1 1 1 1 1 1 1 1 0 1 1
1 1 1 1 1 1 1 1 0 1 1 1 1 1 1 1 0 0 1 1 0 1 1 1 1 1 1 1 1 1 1 1 1 1 1 1 1 1 1 1 1 0 1 1 1 1 1 1 1 1 1 1 1 1 1 1 1 1 0 1 1 1 1 1
1 1 1 1 1 1 1 1 1 0 1 1 1 1 1 1 1 1 1 1 1 1 1 1 0 1 1 1 1 1 1 1 1 1 1 1 1 1 1 1 1 1 1 1 1 1 1 1 1 1 1 1 1 1 1 1 0 1 1 1 1 1 1 1
1 1 1 1 1 1 1 1 1 1 0 1 1 1 1 1 1 1 1 1 1 1 1 1 1 0 1 1 1 1 1 1 1 1 1 1 1 1 1 1 0 1 1 1 1 1 1 0 1 1 1 1 1 1 1 1 1 1 1 1 1 1 1 1
1 1 1 1 1 1 1 1 1 1 1 0 1 1 1 1 1 1 1 1 1 1 1 1 1 1 1 1 1 1 0 1 1 1 1 1 1 1 1 1 1 1 1 1 1 1 1 1 1 1 1 1 1 1 1 1 1 1 1 1 1 1 1 1
1 1 1 1 1 1 1 1 1 1 1 1 0 1 1 1 1 1 1 1 1 1 1 1 1 1 1 0 0 1 1 1 1 1 1 1 1 1 1 1 1 1 1 1 1 1 1 1 1 1 1 1 1 1 1 1 1 1 1 1 1 1 1 1
1 1 1 1 1 1 1 1 1 1 1 1 1 0 1 1 1 1 1 1 1 1 1 1 1 1 1 1 1 1 1 1 1 1 1 1 1 0 1 1 1 1 1 1 1 1 0 1 1 1 1 1 1 1 1 1 1 1 1 1 1 1 1 1
1 1 1 1 1 1 1 1 1 1 1 1 1 1 0 1 1 0 1 1 1 1 1 1 1 1 1 1 1 1 1 1 1 1 1 1 1 1 1 1 1 1 1 1 0 1 1 1 1 1 1 1 1 1 1 1 1 1 1 1 1 1 1 1
1 0 1 1 1 1 1 1 1 1 1 1 1 1 1 0 1 1 1 1 1 1 1 1 1 1 1 0 1 1 1 1 1 1 1 1 1 1 1 1 1 1 1 1 1 1 1 1 1 1 1 1 1 1 1 1 1 1 1 0 1 1 1 1
1 1 1 1 1 1 1 1 0 1 1 1 1 1 1 1 0 1 1 1 1 1 1 1 1 1 1 1 1 1 1 1 1 1 1 1 1 1 1 1 1 1 1 1 1 1 1 1 1 1 1 1 1 1 1 1 1 0 1 1 1 1 1 1
1 1 1 1 1 1 1 1 0 1 1 1 1 1 0 1 1 0 1 1 1 0 1 1 1 1 1 1 1 1 1 1 1 1 1 1 1 1 1 1 1 1 1 1 1 1 1 1 1 1 1 1 1 1 1 1 1 1 1 1 1 1 1 1
1 0 1 1 1 0 1 1 1 1 1 1 1 1 1 1 1 1 0 1 1 1 1 1 1 1 1 1 1 1 1 1 1 1 1 1 0 1 1 1 1 1 1 1 1 1 1 1 1 1 1 1 1 1 1 1 1 1 1 1 1 1 1 1
1 1 1 1 1 1 1 1 1 1 1 1 1 1 1 1 1 1 1 0 1 1 1 1 1 1 1 1 1 1 1 1 1 1 1 1 1 1 1 1 1 1 1 1 1 0 1 1 1 1 1 1 1 1 1 1 1 1 1 1 1 0 1 1
1 1 1 1 1 1 1 1 0 1 1 1 1 1 1 1 1 1 1 1 0 1 1 0 1 1 1 1 1 1 1 1 1 1 1 1 1 1 1 1 1 1 1 1 1 1 1 1 1 1 1 1 1 1 1 1 1 0 1 1 1 1 1 1
1 1 1 1 1 1 1 1 1 1 1 1 1 1 1 1 1 0 1 1 1 0 1 1 1 1 1 1 1 1 0 1 1 1 1 1 1 1 1 1 1 1 1 1 1 1 1 1 1 1 1 1 1 1 1 1 1 1 1 1 1 1 0 1
0 1 1 0 1 1 1 1 1 1 1 1 1 1 1 1 1 1 1 1 1 1 0 1 1 1 1 0 1 1 0 1 1 1 1 1 1 1 1 0 1 1 1 1 0 1 1 1 1 1 1 1 1 1 1 1 1 0 1 1 1 1 1 1
1 1 1 1 1 1 1 1 1 1 1 1 1 1 1 1 1 1 1 1 0 1 1 0 1 1 1 0 1 1 1 1 1 1 1 1 1 1 1 1 1 1 1 1 1 1 1 1 1 1 1 1 1 1 1 1 1 1 1 1 1 1 1 1
1 1 1 0 1 1 1 1 1 0 1 1 1 1 1 1 1 1 1 1 1 1 1 1 0 1 1 1 1 1 1 1 1 1 1 1 1 1 1 1 1 1 1 1 1 1 1 1 1 1 1 1 1 1 1 1 1 1 1 1 1 1 1 1
1 1 1 1 1 1 1 1 1 1 0 1 1 1 1 1 1 1 1 1 1 1 1 1 1 0 1 1 1 1 1 1 1 1 1 1 1 1 0 1 1 1 1 1 1 1 1 1 1 1 1 1 1 1 1 1 1 1 1 1 1 1 1 1
1 1 1 1 1 1 1 1 1 1 1 1 1 1 1 1 1 1 1 1 1 1 1 1 1 1 0 1 1 1 1 1 1 1 1 1 1 1 1 1 1 1 1 1 1 1 1 1 1 1 1 1 1 1 1 1 1 1 1 1 1 1 1 1
1 1 1 1 1 1 1 1 1 1 1 1 0 1 1 0 1 1 1 1 1 1 0 0 1 1 1 0 1 1 1 1 1 1 1 1 1 0 1 1 1 1 1 1 1 1 1 1 1 1 1 1 1 1 1 1 1 0 1 1 1 1 1 1
1 1 1 0 1 1 1 1 1 1 1 1 0 1 1 1 1 1 1 1 1 1 1 1 1 1 1 1 0 1 1 1 1 1 1 1 1 1 1 1 1 1 0 1 1 1 1 1 1 1 1 1 1 1 1 1 1 1 1 1 1 1 1 1
1 1 0 1 1 1 1 1 1 1 1 1 1 1 1 1 1 1 1 1 1 1 1 1 1 1 1 1 1 0 1 1 0 1 1 1 1 1 1 1 1 1 1 1 1 1 1 1 1 1 1 1 1 1 1 1 1 1 1 1 1 1 1 1
1 1 1 1 1 1 1 1 1 1 1 0 1 1 1 1 1 1 1 1 1 0 0 1 1 1 1 1 1 1 0 1 0 1 1 1 1 1 1 1 1 1 1 1 1 1 1 1 1 1 1 1 1 1 1 0 1 1 1 1 1 1 1 1
1 1 1 1 1 1 1 1 1 1 1 1 1 1 1 1 1 1 1 1 1 1 1 1 1 1 1 1 1 1 1 0 0 1 1 1 1 1 1 1 1 1 1 0 1 1 1 1 1 1 1 1 1 1 1 1 1 1 1 1 1 1 1 1
1 1 1 1 0 1 1 1 1 1 1 1 1 1 1 1 1 1 1 1 1 1 1 1 1 1 1 1 1 0 0 0 0 1 1 1 1 1 1 1 1 1 1 1 1 1 1 0 1 1 1 1 1 1 1 1 1 1 1 1 1 1 1 1
1 1 0 1 0 1 1 1 1 1 1 1 1 1 1 1 1 1 1 1 1 1 1 1 1 1 1 1 1 1 1 1 1 0 1 1 1 1 1 1 1 1 1 1 1 1 1 1 1 0 1 1 1 1 1 1 1 1 1 1 1 1 1 1
1 0 1 1 1 1 1 1 1 1 1 1 1 1 1 1 1 1 1 1 1 1 1 1 1 1 1 1 1 1 1 1 1 1 0 1 1 1 1 1 1 1 1 1 1 1 1 1 1 1 1 1 1 1 1 1 1 1 1 1 1 1 1 1
1 1 1 1 1 1 1 1 1 1 1 1 1 1 1 1 1 1 1 1 1 1 1 1 1 1 1 1 1 1 1 1 1 1 1 0 1 1 1 1 1 1 1 1 1 1 1 0 1 1 1 1 1 1 1 1 1 1 1 1 1 1 1 1
1 1 1 1 1 1 1 1 1 1 1 1 1 1 1 1 1 1 0 1 1 1 1 1 1 1 1 1 1 1 1 1 1 1 1 1 0 1 1 1 1 1 1 1 1 1 1 1 0 1 1 1 1 1 1 1 1 1 1 1 1 1 1 1
1 1 1 1 1 0 1 1 1 1 1 1 1 0 1 1 1 1 1 1 1 1 1 1 1 1 1 0 1 1 1 1 1 1 1 1 1 0 1 1 1 1 1 1 1 1 1 1 1 1 1 1 0 1 1 1 1 1 1 1 1 1 1 1
1 1 1 1 1 1 1 1 1 1 1 1 1 1 1 1 1 1 1 1 1 1 1 1 1 0 1 1 1 1 1 1 1 1 1 1 1 1 0 1 1 1 1 0 1 1 1 1 1 1 0 1 1 1 0 1 1 1 1 0 1 1 1 1
1 1 1 1 1 1 1 1 1 1 1 1 1 1 1 1 1 1 1 1 1 1 0 1 1 1 1 1 1 1 1 1 1 1 1 1 1 1 1 0 1 1 1 1 1 1 1 1 1 1 1 1 1 1 1 1 1 0 1 1 1 1 1 1
1 1 1 1 1 1 1 1 1 1 0 1 1 1 1 1 1 1 1 1 1 1 1 1 1 1 1 1 1 1 1 1 1 1 1 1 1 1 1 1 0 1 1 1 0 1 1 1 1 1 1 1 1 1 1 1 1 1 1 1 1 1 1 1
1 1 1 1 1 1 1 0 0 1 1 1 1 1 1 1 1 1 1 1 1 1 1 1 1 1 1 1 1 1 1 1 1 1 1 1 1 1 1 1 1 0 1 1 1 1 1 1 1 1 1 1 1 1 1 1 1 1 1 1 1 1 1 1
1 1 1 1 1 1 1 1 1 1 1 1 1 1 1 1 1 1 1 1 1 1 1 1 1 1 1 1 0 1 1 1 1 1 1 1 1 1 1 1 1 1 0 1 1 1 1 1 0 1 1 1 0 1 1 1 1 1 1 1 1 1 1 1
1 1 1 1 1 1 1 1 1 1 1 1 1 1 1 1 1 1 1 1 1 1 1 1 1 1 1 1 1 1 1 0 1 1 1 1 1 1 0 1 1 1 1 0 1 1 1 1 1 1 1 0 1 1 1 1 1 1 1 1 1 1 1 1
1 1 1 1 1 1 1 1 1 1 1 1 1 1 0 1 1 1 1 1 1 1 0 1 1 1 1 1 1 1 1 1 1 1 1 1 1 1 1 1 0 1 1 1 0 1 1 1 1 1 1 1 1 1 1 1 1 1 1 1 1 1 1 1
1 1 1 1 1 1 1 1 1 1 1 1 1 1 1 1 1 1 1 0 1 1 1 1 1 1 1 1 1 1 1 1 1 1 1 1 1 1 1 1 1 1 1 1 1 0 1 1 1 1 1 1 1 1 1 1 1 1 1 1 1 1 1 1
1 1 1 1 1 1 1 1 1 1 1 1 1 0 1 1 1 1 1 1 1 1 1 1 1 1 1 1 1 1 1 1 1 1 1 1 1 1 1 1 1 1 1 1 1 1 0 0 1 1 1 1 1 1 1 1 1 1 1 1 1 1 0 1
1 1 1 1 1 1 1 1 1 1 0 1 1 1 1 1 1 1 1 1 1 1 1 1 1 1 1 1 1 1 1 1 0 1 1 0 1 1 1 1 1 1 1 1 1 1 0 0 1 1 1 1 1 1 1 1 1 1 1 1 1 1 1 1
1 1 1 1 1 1 1 1 1 1 1 1 1 1 1 1 1 1 1 1 1 1 1 1 1 1 1 1 1 1 1 1 1 1 1 1 0 1 1 1 1 1 0 1 1 1 1 1 0 1 1 1 1 1 1 1 1 1 1 1 1 1 1 1
1 1 1 1 1 1 1 1 1 1 1 1 1 1 1 1 1 1 1 1 1 1 1 1 1 1 1 1 1 1 1 1 1 0 1 1 1 1 1 1 1 1 1 1 1 1 1 1 1 0 1 1 1 1 1 0 1 1 1 1 1 1 1 1
1 1 1 1 1 1 1 1 1 1 1 1 1 1 1 1 1 1 1 1 1 1 1 1 1 1 1 1 1 1 1 1 1 1 1 1 1 1 0 1 1 1 1 1 1 1 1 1 1 1 0 1 1 1 1 1 1 1 1 1 1 1 1 1
1 1 1 1 1 1 1 1 1 1 1 1 1 1 1 1 1 1 1 1 1 1 1 1 1 1 1 1 1 1 1 1 1 1 1 1 1 1 1 1 1 1 1 0 1 1 1 1 1 1 1 0 1 1 1 1 1 1 1 1 1 1 1 1
1 1 1 1 1 1 1 1 1 1 1 1 1 1 1 1 1 1 1 1 1 1 1 1 1 1 1 1 1 1 1 1 1 1 1 1 1 0 1 1 1 1 0 1 1 1 1 1 1 1 1 1 0 1 1 0 1 1 1 1 1 1 1 1
1 1 1 1 1 1 1 1 1 1 1 1 1 1 1 1 1 1 1 1 1 1 1 1 1 1 1 1 1 1 1 1 1 1 1 1 1 1 1 1 1 1 1 1 1 1 1 1 1 1 1 1 1 0 1 1 1 1 1 1 1 1 1 1
1 1 1 1 1 1 1 1 1 1 1 1 1 1 1 1 1 1 1 1 1 1 1 1 1 1 1 1 1 1 1 1 1 1 1 1 1 1 0 1 1 1 1 1 1 1 1 1 1 1 1 1 1 1 0 1 1 1 1 1 1 1 1 1
1 1 1 1 1 1 1 1 1 1 1 1 1 1 1 1 1 1 1 1 1 1 1 1 1 1 1 1 1 1 0 1 1 1 1 1 1 1 1 1 1 1 1 1 1 1 1 1 1 0 1 1 0 1 1 0 1 1 1 1 1 1 1 1
1 1 1 1 1 1 1 1 1 0 1 1 1 1 1 1 1 1 1 1 1 1 1 1 1 1 1 1 1 1 1 1 1 1 1 1 1 1 1 1 1 1 1 1 1 1 1 1 1 1 1 1 1 1 1 1 0 1 1 1 1 1 1 1
1 1 1 1 1 1 1 1 1 1 1 1 1 1 1 1 0 1 1 1 0 1 0 1 1 1 1 0 1 1 1 1 1 1 1 1 1 1 1 0 1 1 1 1 1 1 1 1 1 1 1 1 1 1 1 1 1 0 1 1 1 1 1 1
1 1 1 1 1 1 1 1 0 1 1 1 1 1 1 1 1 1 1 1 1 1 1 1 1 1 1 1 1 1 1 1 1 1 1 1 1 1 1 1 1 1 1 1 1 1 1 1 1 1 1 1 1 1 1 1 1 1 0 1 1 1 1 1
1 1 1 1 1 1 1 1 1 1 1 1 1 1 1 0 1 1 1 1 1 1 1 1 1 1 1 1 1 1 1 1 1 1 1 1 1 1 0 1 1 1 1 1 1 1 1 1 1 1 1 1 1 1 1 1 1 1 1 0 1 1 1 1
1 1 1 1 1 1 1 1 1 1 1 1 1 1 1 1 1 1 1 1 1 1 1 1 1 1 1 1 1 1 1 1 1 1 1 1 1 1 1 1 1 1 1 1 1 1 1 1 1 1 1 1 1 1 1 1 1 1 1 1 0 1 1 1
1 1 1 1 1 1 1 0 1 1 1 1 1 1 1 1 1 1 1 0 1 1 1 1 1 1 1 1 1 1 1 1 1 1 1 1 1 1 1 1 1 1 1 1 1 1 1 1 1 1 1 1 1 1 1 1 1 1 1 1 1 0 1 1
1 1 1 1 1 1 1 1 1 1 1 1 1 1 1 1 1 1 1 1 1 0 1 1 1 1 1 1 1 1 1 1 1 1 1 1 1 1 1 1 1 1 1 1 1 1 0 1 1 1 1 1 1 1 1 1 1 1 1 1 1 1 0 1
1 1 1 1 1 0 1 1 1 1 1 1 1 1 1 1 1 1 1 1 1 1 1 1 1 1 1 1 1 1 1 1 1 1 1 1 1 1 1 1 1 1 1 1 1 1 1 1 1 1 1 1 1 1 1 1 1 1 1 1 1 1 1 0
99852 64982 63715 69247 94647 38157 93460 85520 10186 61659 12296 2922 39019 27829 76110 15927 57100 93894 94289 90314 71752 84337 49849 47658 6822 94564 50424 9584 34485 65871 87908 77580 96946 20221 90050 55435 38270 41887 52558 80747 30295 13523 91027 41817 7290 84595 20346 37317 54367 9846 91984 29169 12315 87001 13136 18820 4111 2217 6556 46019 97578 17458 66934 76848 16141 11024 16550 35745 1767 82258 98960 5975 14819 64897 26037 76497 80647 14531 41132 9551 80555 82804 1842 37690 5107 20697 32936 83775 29626 69173 78778 14822 34974 37424 40699 37253 8235 7262 83179 83799 65374 12207 57826 168 72996 81507 74113 13298 99774 85531 49426 79594 90498 27174 67892 26822 96597 39736 22591 52003 8506 22228 6254 25912 3608 96856 20875 26583
13057 90593 76860 69746 43418 14383 65612 15918 66513 84569 72223 91531 64788 97189 66644 30774 46594 4855 40135 22013 32134 33282 51716 74397 70011 52714 99453 70178 76000 44651 3930 74782 35713 4221 3017 2112 7245 65543 94561 85247 79528 94719 83255 68822 26333 59622 28740 85051 84704 21335 74091 56317 87276 51680 34404 56200 64244 46696 28610 98164 13985 50131 46387 4930 8115 37173 30777 55707 89081 2483 38510 41271 8988 27874 51500 9609 57224 28555 44729 24799 61463 26702 5904 54467 45213 7554 92890 52856 31088 41017 61198 43911 64714 66086 40314 89037 55861 18673 32477 94057 70674 10921 12898 25398 87981 50827 40819 80873 88062 54091 45802 73969 7170 82140 49872 70583 72992 98731 76214 19857 96170 5077 52342 37193 47226 12410 40696 14527
67132 70540 25037 34425 37789 17787 37109 55610 46434 78140 67820 69109 52351 45617 42924 99875 78186 60999 32640 56524 67117 24595 61160 79320 38737 59302 55101 75632 52470 25899 31515 96978 25424 38610 32115 83175 30635 37284 73687 22080 59744 84997 77236 23238 56864 70165 28143 80006 99644 71084 26548 30902 71799 38696 76661 99598 20119 48424 25591 58454 65224 99503 2149 54340 36174 62194 98835 4065 45413 65506 70054 49083 20465 36255 46699 84139 96552 27933 17947 91296 33674 78016 81071 22864 85524 29207 33649 35611 18063 67168 67651 86357 19684 69701 41373 61600 62045 47805 31158 99385 30357 75813 21416 29454 43227 95748 38259 80317 12867 20018 40948 47625 69232 58942 87151 58355 94488 96054 58412 67966 90113 35813 94441 5997 72964 98905 72890 78018
94848 57030 54574 86851 1025 26567 74095 9632 29626 53912 82088 56577 66639 61635 82547 64081 50706 10024 97582 50586 60826 47805 25159 11377 75369 69750 57401 34346 60801 86680 9366 16828 53705 51524 18783 56929 14909 94614 54025 37231 88390 43155 62356 89190 96835 56317 43351 23742 35380 25761 11175 9800 78655 97037 40443 50117 60745 6340 25040 40279 90096 64961 55889 23990 24209 68707 96549 8919 74751 43926 96321 12173 9649 53229 15352 97024 42156 8446 21348 53123 25100 28778 86050 77990 96446 85784 34986 23747 80022 67716 94804 1533 88712 48085 60276 42198 60966 3043 31687 84858 23800 63948 39346 65664 19749 87355 30804 25462 21382 99332 96870 16778 88319 46144 97923 66108 41023 51935 80631 69532 21808 93995 45693 95828 84322 48366 57913 98542
74281 51105 19534 81696 76946 43566 9666 85002 42310 82796 76251 77089 49077 21169 7955 69572 72488 49668 27917 58698 44964 50710 52366 60545 88855 18675 75628 52234 46807 37543 21927 71137 47912 88293 22691 60636 60688 40902 7220 35694 93885 99466 50084 82371 88259 77992 70878 47284 94895 37103 33897 90858 8183 83126 56845 58142 47875 39137 71365 81942 25732 49080 24730 81106 93247 26521 11067 36552 36652 71864 2878 99105 83453 44447 55603 36476 67798 96882 29336 49897 29624 67142 81802 65635 25561 48546 64363 13820 67122 1200 41663 94064 79412 52754 70516 27598 46527 67305 93066 25266 82651 22444 36798 48172 90559 25628 54610 20711 60704 13099 53263 75247 65730 50218 54083 49153 69546 25889 23774 40534 74874 70721 34019 34151 86838 35138 30658 63282
79887 20027 90741 41124 23251 6289 27999 75450 81759 11561 43578 55489 71572 25777 69419 9649 37608 42643 44572 34034 21504 51603 72960 11877 44726 57819 56010 8010 97742 79098 99868 42589 79533 34980 22694 24361 27795 79483 33849 51587 21855 62257 37339 45831 91685 66539 64735 27574 43267 73051 75359 83804 70788 27598 90331 14472 68925 13321 37028 98896 11666 23836 69594 55079 21012 48142 24784 85607 51386 83032 53772 48465 65511 98361 95528 67847 1777 42487 70431 2804 50363 18465 57178 80643 71094 49 34923 96837 30284 73466 99439 37283 48868 31570 15510 73260 46126 82447 66488 68243 224 68538 60652 51924 40915 67898 67231 17493 1790 28561 32508 26744 36188 55395 22156 87627 47025 90694 35224 24413 31765 84563 3710 13280 17451 36487 4213 57976
84246 43820 9644 28829 9755 21746 7877 19400 51208 39399 96752 15623 7870 55018 33889 50537 13573 63996 30684 84222 66777 96844 95428 33217 54160 45695 61521 46208 22440 4852 31311 30988 53464 80597 96324 29692 87399 75353 9549 26715 67915 89994 47278 24481 34369 95453 90772 94926 11104 16332 83606 66431 48977 23231 97497 4261 90492 45208 44116 6073 2513 71502 69767 23162 13738 5049 16955 57806 89620 13809 31726 57529 29448 47778 93913 54786 56535 51257 30310 1525 52328 42050 23572 76540 50351 55952 91895 67803 6602 44850 32968 14291 64730 88180 30241 45762 74554 99995 94620 10774 64193 55037 54866 28308 50005 56936 41178 73351 4099 89763 63383 29303 71980 14483 68297 10552 70833 4430 82533 81309 98847 38832 2085 50382 19715 388 8264 34068
39724 56434 58747 62991 69931 38444 94057 23181 27839 86634 9374 50896 71115 9546 28863 96157 84716 62299 8179 70395 31037 84900 98936 5066 69736 67540 67008 80149 25317 14204 96860 43355 39268 48057 3274 92151 88897 71341 55197 25703 2527 21853 9805 68036 61387 98242 62669 38217 65240 35415 5044 55015 420 8827 22051 45213 40386 24607 89027 26933 37015 88152 10615 6149 44064 87046 90745 85917 30283 30084 4855 2821 46671 80002 55896 55293 53272 60547 21412 14571 29489 73112 74684 35397 17103 20212 3308 71432 76838 52383 36480 72593 60940 1619 92761 21263 20588 50181 31938 9204 14934 39455 72360 19764 52622 52497 32707 99244 13222 26897 88292 64707 62232 11874 71908 33015 26973 43182 90906 59169 32985 79110 79859 44609 15117 93724 14106 92815
54435 40129 27063 50204 16435 50222 97543 61116 13512 86080 66043 11851 78345 92683 68834 44206 56426 88512 50927 36039 52889 79849 5410 54912 97516 30663 71450 58486 30446 60707 54700 56874 67476 47133 45478 55244 780 6961 78938 45361 44170 47574 44553 96687 68937 49743 74360 86535 62928 21937 79076 90779 78231 43841 46903 16777 30990 76372 31603 51403 21696 10047 60379 66359 36766 7159 75053 3858 47424 71295 4431 20048 93293 66813 6123 98753 15678 59597 40762 31612 3471 32712 42475 22379 19362 59093 18606 61842 9643 89739 79393 74824 13779 84556 14076 6097 85179 11375 79521 66265 46300 39273 36567 75626 20870 62651 94837 52410 40564 26193 54464 50119 3578 25136 93524 14771 60111 55550 91605 47087 4126 53337 47130 71848 23894 77554 92487 33577
75725 89798 59251 97843 40498 46963 73524 89446 75378 48643 28116 32795 13959 78848 19719 23424 16802 88236 60622 84563 86224 24083 17176 56832 73866 93662 85303 53757 11530 75385 80310 40080 17439 68040 77661 82903 71789 67849 79001 49236 47814 74675 4948 81941 84763 33646 42670 88601 41469 50003 81968 5007 35415 55819 34044 5042 53332 84415 50930 94207 60266 23216 61859 18438 49826 42540 88279 36047 3517 44804 42735 40296 99983 97078 20984 92369 57609 96255 90549 34484 41270 1698 4103 87802 42844 27282 33464 10293 33764 14548 85594 26749 30635 47744 58006 44061 10995 21929 83254 95120 43181 93573 74495 31348 74826 47998 82265 44685 96042 42857 37374 60511 62016 99086 75278 61765 20484 79720 69278 3301 61029 82438 46845 35590 86463 38585 84408 57092
37072 86754 18242 8311 65509 95403 7525 64917 79773 11506 38909 92941 25589 85924 84749 18186 90494 38418 87942 27817 56267 79778 22680 66963 46647 13479 34685 58873 19042 89805 21860 63317 95042 71416 38605 81250 56877 56085 65433 97777 34767 25121 34834 22833 56570 78167 83031 67684 80701 65826 59975 43715 24246 37119 17112 76251 45551 41097 33845 39491 6048 21688 72926 13169 28000 8597 97989 64014 61599 40713 31659 14285 87373 11597 74440 7413 16966 65451 84389 36826 17038 89576 18729 471 50535 63036 95929 68945 75656 63748 27921 96774 36257 42922 96053 65567 90388 81198 98570 2750 74969 85784 43655 66200 33882 64795 97538 14103 66210 38914 7651 82404 89887 67869 7526 83253 5871 92226 63561 91825 55370 4934 1044 80689 41573 19734 13201 11785
33893 92942 9254 13235 9171 67107 37399 81752 98481 35599 44464 36149 72872 80157 36519 72524 21522 40670 72822 42613 16450 76318 79767 7778 36610 15406 5760 8963 26678 84574 23094 19374 21621 83594 7690 83366 99887 79437 44098 75580 92199 8128 84367 98193 22982 23113 16505 86743 12735 88125 35681 90700 68873 39873 24620 28450 39829 46214 53738 12513 62607 78507 82095 10603 63416 14754 95452 37457 43384 63867 22178 68437 50419 61051 48176 89543 19965 18246 67051 89818 28501 45412 85538 21657 61664 90048 93505 9121 13627 24474 82807 42544 9429 18830 32653 42169 71054 13796 36958 91219 40789 77398 92346 83861 55528 13031 4793 11425 92007 65687 96241 81352 18064 41570 33509 65426 25169 56650 4382 75473 9239 52475 57135 78742 10911 7448 94991 82089
17852 97831 26662 53746 21632 4156 90516 23101 42469 8405 97333 70499 37341 86233 98935 30790 50773 75248 46479 80772 53560 1845 92756 86644 19568 56925 26954 70388 3696 93489 93605 62613 61880 80708 42442 51850 97070 83040 65740 16581 97343 63262 14955 66960 86989 71811 98752 2014 5363 53088 27269 26468 29321 85301 95821 74175 94351 2214 76885 37875 35691 54590 9960 82822 82155 64749 62022 87473 26491 93876 42002 3577 30308 4913 63499 79292 70121 15443 38922 56195 63943 36662 70671 15076 94941 24015 17234 98459 43688 43745 90668 31795 98305 65236 96723 51066 73957 63882 40837 34726 91329 56849 11131 95770 8386 5575 6636 75356 17550 35167 74224 30988 83809 5894 668 57031 27967 93406 50784 37963 80121 73802 63965 95555 27289 85082 71270 31425
39516 17677 15656 65281 10471 75187 53736 80508 23067 11238 44352 33797 63016 80004 26074 2108 63985 97721 5778 92393 79095 3375 66904 17564 60916 10014 87347 68771 8314 80706 76085 88664 84604 72408 71195 10740 28477 62395 14304 17049 5522 5668 98641 53637 22439 85231 84039 27587 33428 56287 94395 10318 61038 60189 42055 70389 65640 22098 62403 65852 36563 5348 44394 44930 70365 59280 90699 33259 84825 54496 19216 92978 27125 28501 73113 75059 21498 31943 94090 17468 80849 13622 58594 31964 51418 72979 70777 93778 61360 26597 64118 97495 48706 79867 25186 8303 56497 53531 98768 44264 13485 27534 26244 6351 62532 9670 8068 96043 72821 24481 82814 4870 59573 63154 19343 41853 79434 7582 68794 35187 89122 41434 14649 28469 49294 93251 5102 11497
1492 4839 86400 34105 95103 55871 82868 64492 50459 40237 61543 5230 29466 82824 34188 50198 89196 26637 54973 69863 82909 13700 16626 61955 57028 73155 97244 4165 69608 83360 74632 85113 93902 17131 867 59538 28992 88333 65992 52852 67198 13827 51731 98305 22941 37825 10720 23563 10879 10965 29778 58589 29708 34703 21522 77931 90040 48801 8881 4411 85974 97043 32090 5634 13094 21587 41702 61980 88319 90328 43386 58391 46212 46797 71323 42492 89049 69067 54716 75583 88699 12009 50721 60592 49197 88401 13644 24298 69850 50441 3488 61610 97673 67880 91203 80246 70146 34602 54953 33810 32280 24589 11261 95220 4731 79850 60089 32533 54109 67212 59829 19093 19130 58896 27814 63704 48820 73083 66654 15179 41402 23 5564 33812 95626 7843 21855 29484
42893 78594 67259 1002 45896 32991 31424 84451 51060 79357 39494 40018 29604 29922 80009 44493 7148 9460 15188 83338 97853 6506 12226 81950 64203 15765 55301 58745 29251 37493 26150 21417 24823 93997 50608 26878 52702 51641 89713 6035 67317 83189 69523 37187 78595 56013 24972 16483 18190 83275 85592 79177 3436 29290 43537 99319 68553 70944 56327 74645 88925 45500 10550 5531 3586 51698 73366 82649 33034 26121 2697 32068 39553 14878 72705 38868 49109 87338 45894 1968 28167 2628 64597 33754 92024 7283 19018 6356 63216 13504 14022 86837 88172 73277 89181 9696 99150 9848 80174 7304 5552 78676 30590 73358 3631 70023 30440 673 607 45906 44633 27415 74934 26993 82879 3922 96806 70698 63965 89063 43498 16141 33907 74578 56978 95873 48942 72775
81068 51283 4179 12754 78101 58073 6039 9941 11551 62915 20639 37888 82611 50772 59784 43416 5543 52478 30457 73002 5052 62888 3418 35725 9088 76846 14891 68379 85795 99649 53102 48651 10404 38261 60047 6733 50944 77214 38998 16389 72574 32696 28620 12737 16382 35677 74418 62320 50792 46217 80283 69893 27698 39337 40850 28017 81991 79818 81334 14141 98479 86509 58742 22868 1758 15122 19324 74548 41394 98513 60485 68653 79916 94079 13377 60443 46963 34907 97445 37766 12273 44483 43059 50385 54697 22038 51381 50391 79419 57389 92492 21980 96250 70307 1488 30929 45313 32698 90610 59394 74026 99452 52066 10995 46756 6925 44424 24954 10782 2257 31180 49757 990 76536 98918 95137 71172 71999 20961 80041 7513 51237 56577 58339 46079 22190 65107 60862
245 36011 85963 66896 1184 45256 18726 93272 93946 48310 22928 2136 73263 19321 7968 67862 38301 38083 96911 45634 60935 12848 90472 85490 98787 61597 89592 83132 69436 41517 67336 99896 78416 34144 84453 1320 74554 597 51665 18978 2894 18075 55710 69352 729 71530 42416 971 90953 28577 22256 55577 68745 57057 36955 52934 81204 6412 2602 91780 20827 8129 86394 22828 3024 63752 67553 54004 39771 78129 24884 46137 66423 94242 66080 73413 53582 16950 37605 5521 28105 25654 98795 22171 94246 48966 18417 6866 77542 7664 92080 62635 21354 4695 22033 81659 83319 79962 78691 64597 75144 50082 44593 22381 83644 95021 61477 51734 19170 88825 66703 25349 65276 8198 88314 48345 35796 49989 45162 30785 90113 40354 49552 53450 54188 78090 70231 82729
45742 45168 53868 70016 83210 14273 38002 89508 30620 52702 70431 96412 25548 74598 92180 76602 17905 6452 94213 72439 76631 15748 82854 98132 9154 97820 93421 17959 61475 72032 73065 49335 31662 36798 2033 68226 21352 73672 67940 58860 70388 76513 62502 99423 8545 44002 52692 34848 78192 95341 25511 62566 58847 29225 65706 66068 52526 76486 60363 17073 25953 8593 52835 98833 2166 41058 68327 76661 32593 96692 25378 94121 16089 13745 19882 46947 55710 30201 77964 90232 37811 47244 95021 58068 51358 94558 34221 82969 14399 14796 14448 2995 88176 96033 13875 77238 56429 84297 73350 33786 4512 90276 93374 1816 24232 98509 47949 90302 12005 5154 71534 35281 34837 31182 97900 48445 55972 87494 69625 36381 4210 66962 58151 85615 89634 53953 85837 33077
87506 5448 84106 30702 22451 2761 41572 87258 26942 89975 30552 49970 43658 87364 88290 99828 1475 83374 48496 20643 59019 6288 38645 62846 6458 13770 49640 3305 94311 7178 66076 6210 70903 70914 82947 4623 95801 17797 24655 76935 44264 60850 14879 37196 1529 3017 728 13695 1841 18772 79528 57520 56964 62972 70063 55135 12119 30703 63152 82399 26801 48856 86603 19709 5644 60308 31517 79449 24986 81336 9870 70826 83464 57771 980 88935 72681 28562 77600 9267 80327 53308 48134 38125 24913 4033 35323 286 72376 74223 57886 31887 44327 46054 86969 28099 60042 86588 761 58066 27985 17701 63465 26694 78142 69356 78897 36068 41336 6603 8774 90763 22685 25704 46662 25989 97105 35405 76975 6936 12475 65147 50087 78658 63825 40291 26969 73176
11245 73356 10208 72935 29634 97476 28013 61806 49316 81145 76020 12569 29136 94345 72761 49648 48831 35014 87762 95051 54780 10572 66908 68804 86504 7489 2725 90500 76949 97421 66309 55131 94583 48415 13457 37982 36388 42366 88975 28011 8209 51885 94536 91307 65399 92182 26872 54229 42941 9963 4927 30294 6360 60039 7871 24228 78102 54578 43427 43581 31694 41924 54105 98050 9644 21556 40041 28944 41852 40584 82035 56692 80904 83401 79870 99995 46661 89509 72422 21732 48576 4017 16083 96632 62778 3831 6392 16374 10861 37814 75190 55873 75172 82839 12484 2083 66288 7165 76820 51681 29212 46914 83738 36667 13463 69394 76880 42925 1007 322 96697 50381 69234 74587 64096 97051 98639 79152 67668 60525 67223 97238 75192 95415 9537 8542 32387 7171
61363 71250 15477 78228 44816 51250 73400 49697 49011 69017 39013 76643 43557 63009 95678 18191 4657 85395 69412 51657 47636 8859 46650 42359 3582 21748 18493 59459 70324 98599 16401 73439 65555 68234 85585 47945 63871 91338 20734 83425 22466 6084 59412 58251 89037 86536 67023 74173 3637 14699 28919 71193 66923 38882 34054 9816 92442 98308 38795 73364 46009 28791 39999 30988 51259 52810 68342 81136 73002 2357 96059 95019 56917 83961 9797 36261 93797 68603 59805 90156 74857 46533 15769 72189 35908 21094 24698 20381 64223 6840 37253 36793 38593 78440 58733 87301 67321 57521 96222 19716 56681 35501 95552 19055 41811 14402 12671 23790 18369 40697 6164 84111 6665 98843 75523 45133 29349 18203 59094 71455 96724 63706 55247 53980 27807 67906 92240 23389
33056 68542 83638 19083 82491 15278 36323 87479 45423 13327 34290 5088 33123 49751 87758 69413 57057 23907 33494 22287 47092 5658 57748 8579 63398 60765 61289 49384 14461 39105 14070 21530 11965 89284 48664 96484 29524 40954 79048 43459 13344 96299 27962 95595 70095 64875 55327 54903 69120 90730 79397 80076 25845 78803 15754 22635 30608 16831 83057 89157 89076 13904 14145 70026 83184 68833 23388 45837 30721 68993 25142 36532 5904 47642 39878 20339 50988 21759 23092 98555 35004 26539 76735 51694 7364 13489 25175 31097 83532 76012 24666 64041 97984 97569 65790 59461 38999 70738 36164 19674 21891 11828 86475 99931 10549 80119 96801 49862 47078 74110 20096 92717 49846 70777 6440 26641 99868 70110 70362 65628 92762 92841 3640 57551 51677 41967 12843 88373
27718 10726 23418 24639 92304 74069 19008 14384 79396 27297 85300 94764 85583 39473 53886 13707 84990 87360 89815 4107 95408 89458 70209 30398 41662 2206 93289 71130 7201 69527 35466 99442 64342 77391 32051 25788 53201 13915 53156 94550 19522 58635 9366 26902 84077 59271 74887 42892 70582 19797 77437 90368 2258 45052 15105 48096 94283 32102 81324 6685 25081 87396 33069 6374 7639 60345 42704 60663 93958 30697 57000 48671 83342 20598 41461 40385 78631 50763 49855 21429 61803 82556 22725 60900 99740 74258 17245 37539 58661 88276 77375 62528 53132 52093 95990 41851 46023 38676 80345 63169 46728 75136 77943 66950 20853 53182 31371 34406 42562 14188 70555 71900 79704 49877 95981 95715 29281 76682 52030 52435 19907 1831 34118 15179 94763 50800 62093 45122
77456 59457 82002 5563 22996 63586 72346 59326 51004 19290 23705 56347 62739 84353 47472 3148 39037 73838 83920 56795 38022 22019 50744 83960 16024 35486 98769 94826 37852 7973 45107 18730 6104 29251 21610 21619 74149 38825 11243 51241 55817 72277 59881 52380 43753 66049 89473 59844 1414 35552 35849 14119 69566 74702 63656 76076 97538 861 87006 84923 93293 32553 35893 33215 4413 38885 41284 20852 44231 98363 63626 51651 95985 73590 72792 23752 18555 71628 82544 56604 9844 85570 24551 31090 96481 86963 41551 422 56164 10929 41266 56503 96101 25188 38320 12202 33036 82199 90847 71858 61592 98159 83923 64900 91694 76677 51118 98130 70629 73645 66674 62852 49013 82606 83043 803 98335 33252 29377 16842 50023 40666 5560 69866 73610 84465 59054 4702
80730 36197 94504 69952 85843 96899 13095 25334 51037 85360 46975 40780 55257 3531 83165 25826 28444 39220 98092 64714 97451 47738 12982 99300 52894 40084 84898 1754 95813 19621 42124 4614 93556 98827 61834 98905 2109 22775 99201 70917 28524 83909 35663 81229 31632 86516 24202 98127 33676 97616 48317 45723 19201 55241 34406 43366 99020 26296 57960 19771 60130 72745 7474 32626 68980 42639 76526 9629 37827 96630 5407 42086 75982 13974 9747 235 99948 76297 44937 49446 35797 45442 51126 40271 59957 53291 58605 2887 55155 45048 5825 37673 77346 61208 1823 64330 67252 88374 72734 90347 86658 96904 95745 60160 44235 79370 44613 32764 15080 51882 76636 41099 63994 49969 43407 6891 57949 30125 50716 25498 14586 95263 91419 62296 55852 59586 54602 74015
67507 27805 93556 38472 9079 20682 98012 69920 55786 67893 80938 52682 60367 19929 80954 58418 49842 14517 34364 69875 86045 51778 93236 97034 94306 14181 74423 30514 98324 40655 60920 24117 14940 2169 69784 78716 4965 87971 17846 6691 50499 74874 92763 51175 83427 35407 25519 6749 59140 74321 38808 55896 29917 99200 82402 12259 38467 71028 4935 94968 80135 15181 33284 27296 86596 83432 92342 84644 11045 56233 53558 28468 14338 20390 42305 37275 77041 9068 35327 83348 52610 40186 82048 15872 75060 13341 9935 6072 13214 31735 23587 24024 36680 58415 63289 48643 5730 58535 73071 46062 47952 88736 13914 83222 50489 16262 68439 64971 49917 96685 89482 74251 62412 52932 15679 22282 57114 16313 63081 32371 65596 49545 49048 13413 23949 81175 28311 35328
68104 88520 93251 22266 67637 25274 81634 23497 52010 20863 67251 73321 83864 41139 47129 63741 474 19572 63385 24510 76412 87612 21688 32128 59945 4138 46037 62359 69124 71536 6928 9876 46550 9290 56488 25835 80584 71888 65768 70470 53317 77687 22480 58346 64533 43051 88508 19965 93591 57400 62583 55483 56993 65907 70703 24010 27025 1555 42166 44804 55751 18634 44033 42575 72199 3875 82270 11154 72935 54643 17104 48990 61808 40849 96872 22123 78308 73929 85413 34171 35056 99162 53659 25458 71977 19318 90568 23669 77813 72511 30952 50378 96163 60486 23545 89322 74835 49973 99158 21293 85047 83597 60499 95811 66023 52163 32057 15795 50375 9305 17939 62865 81560 3739 42507 36650 51517 47823 6152 41148 66435 98322 8212 87664 14836 92443 78188 72117
46925 59739 70175 49263 53856 81211 95386 91720 5460 52938 34909 59199 47079 44506 95383 79611 40115 34064 96063 55331 76984 40252 95930 2735 77329 95918 31572 27934 14026 70551 18189 4459 93975 19119 7766 33435 68319 18108 60090 60861 83778 52535 26546 33239 2719 37034 82354 76110 95427 95086 32977 23712 84619 5579 66431 55261 11375 27937 45620 43892 53097 92720 23443 9924 66926 59864 7634 29979 43545 50074 70800 64336 33998 16464 48812 95712 23406 81150 94056 25653 58746 75986 96674 25683 88418 49431 73535 28500 40378 32670 68058 18095 49337 41692 18844 86126 85698 40050 65998 90483 6142 46989 44465 15177 38882 29205 380 35292 81378 97223 83714 74344 2488 98567 7488 39269 83107 578 27176 5343 82981 62191 5266 85365 63796 82926 96905 18173
83053 28183 81678 24758 16415 82822 97585 10397 22999 66647 66493 23699 75352 8484 37448 10031 51044 13609 59732 65597 84688 71339 64493 60189 93618 42611 37715 38105 38999 22513 56799 26479 49254 98339 26670 98862 37784 12619 6217 8043 53539 56449 8333 62484 51710 14315 9696 53212 23206 47378 11090 74160 28075 34098 56200 19219 12937 99529 36863 93934 49573 49098 17084 63263 83151 84715 59695 23023 46399 21042 41862 80942 89043 1328 81067 35466 36396 5321 44166 65917 17231 29013 54502 40953 13026 49249 32179 96881 36023 94343 52724 73079 3412 91894 77259 12100 51472 53500 76122 17314 18374 74153 97238 37231 69602 33595 93258 42136 98494 49626 59591 29020 58060 30409 34422 34733 43863 94000 70437 1453 32578 91145 54385 98610 91305 30005 52903 93644
92016 84919 1442 60157 8635 33941 61237 91740 49608 41858 71725 6578 58937 60193 94303 82312 37819 99991 94292 51011 11826 74821 19329 12858 86123 46196 73212 27859 37568 17271 99415 10558 36344 8344 4610 50201 62488 87637 98625 99961 77342 24616 51688 81041 3968 80572 55509 1542 59499 51576 10402 86176 80446 94484 33276 37746 55180 92116 7472 75440 29197 34656 4993 32888 70724 19381 65993 22710 55971 84713 74359 51684 5202 20344 49310 65648 7537 46170 25564 53127 79417 61673 6222 98878 62553 65843 6533 44998 62860 28761 41551 22311 63112 45993 95710 63750 75390 63313 69502 49823 81596 51091 47275 69336 30981 67906 25263 47874 81917 8743 92127 13410 86556 75745 6896 59447 80470 36482 38006 93899 13766 83432 732 70557 70928 13070 23090 83379
37470 96680 27780 50158 17308 15120 78027 46526 42836 38121 62493 75802 75092 51427 42540 74328 15518 29078 31393 4178 22350 2583 88954 50699 66767 4652 12816 53985 16847 83295 32341 84504 76652 3488 20416 47198 47468 30052 38327 6732 25885 52373 48530 90146 19392 22870 86385 7443 88992 97130 76657 74225 81618 43073 99605 16994 60800 32985 31376 91276 85108 89426 29885 26271 42136 44124 26892 58261 98662 99935 21732 98527 77175 23955 27927 53122 66981 15912 65528 14201 30323 93442 93680 85024 39429 29970 94302 92806 29320 17888 79633 90225 78448 9523 95537 85014 34380 602 69353 47477 92439 13290 92597 66082 44402 61597 32808 69215 65725 777 95023 50411 7900 94917 17511 13477 84001 20796 7724 40416 85699 63442 34755 60404 66029 13372 90904 27354
57670 45426 96901 360 12335 53933 7473 91350 89149 50161 9521 93458 69759 51931 47418 49341 95586 45698 35145 59923 8654 64616 90523 24054 34831 16534 80058 52579 19616 94063 63115 58490 93561 71553 89014 68333 67177 325 13001 15552 15546 42798 99704 13286 66231 73565 98324 55092 19589 36945 42616 85805 83370 61249 90308 9118 18845 28640 35101 73083 18561 63993 86059 38920 82884 7640 4365 80756 3130 51007 5320 95749 66531 87336 65158 45844 70742 24672 60398 58609 60311 65076 77655 68678 75257 89750 61654 90396 49682 25418 39288 65468 76912 11554 82874 7340 35475 34970 68240 16546 18433 81095 71949 65293 69870 87359 70224 6116 72213 78622 97154 81797 47114 51791 82705 82093 68452 97437 10512 42388 85727 34356 24370 92261 28717 65671 97292 76720
96038 84295 74940 92768 79231 12389 30240 51932 43140 57582 44742 82330 99488 97640 59931 30705 83914 79352 7655 63126 31856 28944 71384 90702 42754 80892 61039 80221 59464 99299 27618 32561 95553 90547 6051 77584 12173 52568 25445 91470 58920 48380 15379 21301 91433 23480 57831 89482 75982 88331 13269 45750 8664 55673 1863 76230 77558 33636 12302 40209 47194 2515 89694 21064 86743 15996 19768 71392 74466 93869 99868 48572 95817 28796 24991 65519 99236 20521 79050 43252 24252 9988 89247 69993 31690 73458 58783 24449 90390 84931 62440 58521 23150 58487 91972 66042 93219 20570 7984 50930 45706 37302 97374 71596 65814 46274 8616 49154 8517 24972 16044 84307 81636 42881 63091 49025 59667 39990 43796 81254 12132 58278 11761 97628 30420 44595 4911 51346
20667 86885 17562 85703 55948 92278 70523 31562 47428 97549 56855 42354 52448 97870 87921 23506 50213 84411 26092 82776 40518 12396 44031 76242 90825 24378 90536 73142 85981 40320 85836 36205 52485 69406 63134 81840 52846 30817 52327 83329 14296 13391 42930 57795 35010 93196 51322 93930 95808 75913 32029 98898 92281 59286 46609 40001 79925 90108 85894 94463 39937 42402 20761 74075 82768 72920 96438 90208 50078 4055 39055 29976 20848 94921 66388 74084 37225 78387 26810 90417 56957 69498 87710 5799 14545 67700 86869 82136 88890 65710 78149 91305 13987 51253 45942 97917 7552 59488 20257 71894 32409 86903 27548 94954 33749 59032 88249 6783 78882 7428 20568 27794 78693 48115 11135 55435 11182 65237 37866 20055 51983 73948 50874 15298 264 40620 63720 57402
61513 43822 62530 85248 15131 70540 44528 26737 60924 14634 84094 25084 29500 63878 35020 54792 69164 81884 29314 40733 44704 64157 60634 15407 46387 59710 85675 4514 30689 23324 53299 43699 21228 25743 30203 99983 27780 68638 88230 21968 34533 62121 39432 69508 75570 30853 91741 44862 98376 91939 86712 75841 77405 2077 75138 60092 95815 66515 32129 50865 78227 35370 78161 48395 32893 55000 89200 29935 25061 12959 81219 24708 97237 15068 13297 54852 38531 47170 80365 33553 23499 2911 15093 66814 76990 42407 25394 9478 1331 28006 44843 35975 63537 92985 1735 37684 18389 15236 62511 79740 46407 96437 18630 54618 23666 95277 76885 69801 10488 96212 52108 59804 10699 51688 52351 94977 12189 1106 18431 77115 62961 38091 34732 58046 45750 6658 15442 10001
48369 31934 22576 4190 54174 33678 61798 77234 87078 49932 18894 54111 63957 94342 37913 32334 11279 23514 32531 13458 2890 46264 39369 13662 14903 34637 39050 90553 23092 26553 22889 84000 49557 70526 40829 2852 87498 57405 21462 72796 60147 56962 34068 55472 18880 53367 25152 14597 27136 15124 68986 47610 14155 25828 90424 59639 66128 26220 58530 2941 51593 4997 26597 49177 46072 72123 41596 54109 87300 63394 83814 20401 5019 17009 30731 80231 39325 31544 44202 74378 76544 50254 53776 84664 53084 6561 56819 45250 87293 25191 11121 54273 33972 18241 15765 12270 48162 7674 74443 98565 86473 32777 79473 10276 64314 48619 10480 2698 81543 1302 61982 23511 17193 48367 38556 23476 79021 55581 34465 24328 71757 74420 83515 40379 49283 23239 29738 29733
52155 34042 48227 44408 97966 15229 81558 69251 15586 29652 92936 33899 26307 57324 89484 66890 45786 39578 60358 3036 22888 10075 96037 14139 90319 79342 51929 52396 32668 70894 94764 98716 19273 3671 41435 72984 94077 14518 52355 82978 246 74787 50566 13529 1134 88650 94659 2328 30132 57517 74845 55973 28568 34828 83560 24910 83041 99020 57676 52044 22725 57301 36543 86276 56184 52577 40864 31954 70457 33250 85383 19594 80107 74869 83339 72481 12472 31150 10032 39151 60075 36642 90973 3380 13964 74424 56916 1961 66167 90843 38236 44264 84865 86360 85160 89957 56545 8633 28000 42617 87802 94430 99926 19329 2853 64292 28594 77680 39055 23053 8253 86396 42187 20261 55372 51797 54505 97225 9287 32640 72632 42886 82817 61197 7059 27656 51732 28606
43547 94895 98542 59922 60477 95267 143 3126 74664 99508 23263 85313 52664 93247 61641 13652 865 29957 13134 1615 92193 56662 76270 54206 82336 4465 32936 77522 31525 46531 99578 78199 28149 35771 12376 45335 80172 33292 57338 74659 32148 50439 45693 59984 85646 25076 85246 79310 34762 72974 29636 25168 53097 81646 41091 50224 74961 58382 53250 81334 24910 12490 19820 62294 9185 57075 67418 97435 60501 32377 85270 17209 66715 6343 35215 45529 44168 65191 10002 77501 60039 1119 74631 97482 37604 8742 20068 30802 89713 61817 99010 90477 23141 65396 29446 28639 7693 69460 51418 28177 15651 79301 98766 70552 53066 39426 56483 53774 21385 14853 82053 24665 97715 49339 50984 20091 95561 93600 73591 59869 71562 71649 96906 22749 57981 50760 76507 47888
12980 42582 42773 27768 16953 30795 91584 39318 200 32704 29056 28227 33127 88840 59310 36880 67791 81806 96046 59210 57703 38076 1388 52737 34777 57695 96167 29106 7420 93723 50627 21948 34405 15962 57462 70734 11542 18357 28063 94720 61629 40310 54618 4750 73375 83355 50327 50500 14313 63960 65832 6039 26056 15355 17151 60275 3327 72968 82997 5111 98638 69326 72744 46574 20857 79658 70428 7917 9592 75049 16073 70354 267 37920 48830 33766 12822 34573 16321 24197 51288 89592 55660 16620 26359 69022 57784 35903 20437 43600 18582 83524 90627 20220 32492 28204 44654 36081 24262 73578 56753 37280 13928 88451 18869 52624 79224 19174 17717 5819 9746 19520 19062 12389 72409 67045 66408 64233 7431 90934 54350 41587 79545 1533 94854 38152 23840 33854
19692 67355 6761 83807 9106 63124 92705 45105 78833 68108 95051 20024 92484 42293 91797 80575 66963 91570 41841 46523 44822 22615 4975 59191 62905 14519 53329 8232 63293 68905 5082 21952 52110 61752 61369 16808 80741 36154 80988 4674 98066 13987 48496 13002 23556 37226 98009 7626 70464 30814 93754 98431 88481 3819 42307 52111 89068 22816 84288 30584 31768 58720 20168 96634 9830 30592 42631 53957 76450 94305 58357 46047 29312 97204 99460 7906 60071 68235 63272 86073 97784 38445 66467 45764 42795 7054 32446 18822 64945 1196 81845 86401 65189 68162 7320 26357 73573 36481 79495 46700 17492 71877 69775 49609 34722 24279 96488 93911 76821 38845 94074 66356 11079 86087 13168 91869 45206 28130 46492 97568 46626 56792 48847 2284 35945 29299 30031 24029
16315 74933 97670 3216 95587 66448 56023 85764 87910 48238 96796 40773 44431 99285 88502 2023 46577 24783 31161 27185 17051 15264 46924 22765 77705 95419 90440 77580 81941 76371 59016 2020 71321 3239 80020 72914 90034 90118 83545 1222 57175 19222 381 18586 99666 93632 20673 97509 46356 20847 5223 42859 64597 86817 54640 8459 18010 29613 59855 45352 49783 65629 275 9235 83325 41768 87387 3432 36622 502 2766 45185 92258 86148 51962 63455 74668 6021 65002 25393 49710 67624 14486 11114 54796 10712 42453 84548 2026 38597 36962 93307 85699 73727 89391 91491 35861 22335 95086 90210 57206 82076 51731 81770 54916 46718 58326 93355 3465 15465 63930 12564 93544 33665 36651 5926 91272 40898 43435 85499 189 79892 91770 4344 74521 20985 43540 87032
22734 64117 87679 90934 336 14163 36131 38993 45018 58417 48194 56788 29111 33767 83262 64890 87953 45188 85383 17652 15508 55625 62113 81528 55830 44058 26918 15429 62405 22753 89700 14253 65360 9742 89089 43332 10984 99836 70258 24238 90481 80919 77231 30768 95685 99580 25463 29726 96059 72758 96201 94152 88377 87548 13427 31153 35447 44330 60989 23829 51733 21789 3525 50736 77681 71357 23274 19690 92821 20489 98520 86446 27117 970 64230 12188 67018 12366 3361 50507 76211 13614 81550 29099 25425 90102 32394 161 82355 42005 13408 69264 9322 51395 34105 49064 55117 75840 7599 52334 23233 6991 20507 81628 83339 37481 27891 17858 4290 52110 31979 87008 87437 77340 47426 22819 85810 4979 79082 73268 21812 16574 2650 33991 18011 43896 55780 43892
78883 21509 26084 71056 77727 79328 93600 33441 54183 87116 71780 16674 9794 17692 70603 39236 39886 43682 38431 33246 38876 17510 44 83556 6965 14278 50933 63148 24626 21001 45248 38232 17885 52122 99953 60673 18801 45323 22329 46931 18284 11771 10911 85265 52996 32836 90885 16478 63242 88914 14632 89406 65094 8618 85731 66641 64070 53933 76706 61430 60168 22658 5446 72258 27711 98020 88399 6136 58401 74705 25014 46204 5458 17154 5321 45531 28343 96785 16106 63120 26479 40906 24256 96622 51514 80839 2411 3612 76573 174 31943 61016 3539 58759 25283 91904 37292 65000 92960 52680 13000 59859 48066 55225 38956 14950 33586 35177 14625 91365 19230 22063 55638 9480 50220 73751 68715 67900 59066 77982 15424 44906 36609 58405 89075 43379 26647 80865
41976 67746 46144 5562 66751 48291 11102 99075 27293 86751 38179 84540 25420 20216 79057 67038 19836 10237 3459 18523 10426 96006 90562 93210 6125 50156 47372 35063 64425 33996 79546 27859 8691 48871 45523 14027 22481 74417 57205 90420 92665 58740 33605 23966 73309 42962 16260 81265 97092 5423 1189 9531 65468 40873 77178 86812 53346 86255 28159 54724 26742 46865 41505 22528 44910 55504 6011 70413 50774 14393 38092 23674 43557 13006 83657 45862 18731 81234 11725 37673 3554 74864 68487 91290 90885 23495 33362 11090 58896 17445 23699 17668 28338 70395 64120 86089 74115 19934 8002 24196 33893 41292 80163 2956 50666 1416 48567 29128 16728 3921 8918 70664 50649 59071 20311 49345 46376 67061 82368 63469 9108 26773 41734 84026 9528 8760 69817 87924
20973 85474 22639 51728 46370 91362 81107 32161 22330 45806 96847 42402 55086 18616 40202 653 14483 49744 92147 16366 63360 31123 51459 88426 82541 45395 52270 25971 73992 35970 13623 74060 60577 31350 14504 75296 40075 8192 37956 12561 83152 68731 48072 89651 70098 47381 112 63190 80713 18365 67790 72469 36935 40481 82099 80120 3541 19087 93276 12179 32534 39098 69321 7523 32841 95720 94055 36981 32863 79763 7024 45042 63518 54660 52561 22576 14386 21861 55476 70078 49393 46873 77749 12011 26332 53261 37652 62363 51892 88212 98828 79172 18899 9949 37853 24618 56573 99076 48462 43819 43076 68108 37986 73617 53567 36865 69591 756 24961 34755 22612 73689 62950 53872 91721 26398 64115 36040 70980 35130 66386 17808 1175 6120 89960 28966 21174 4029
96677 3950 75091 40467 86222 39204 76653 12405 15033 29960 14454 85656 23581 76551 98595 36756 94880 88544 17808 12390 76980 40775 88551 70657 2404 4199 22712 37269 44005 28997 61037 55596 29230 76401 55630 80114 6661 91958 22448 6659 62498 90176 12622 33928 93753 21062 38578 83379 88176 38972 27683 86120 94919 35678 58340 79444 38379 73073 91112 64450 19829 44249 2759 31966 43945 56718 28930 82355 42849 7851 28935 36666 89740 88718 41248 2420 68088 28688 32981 94853 51947 12111 34124 85364 26740 4957 36713 65499 92757 6538 39212 19596 58039 25220 92715 54475 97080 92369 33521 44162 52387 36965 56605 28428 68090 5306 675 28496 20871 28833 85443 17683 4253 54051 91683 20908 4636 32999 70020 26035 20397 82661 35997 51978 95332 6285 34516 63846
21338 94188 43107 43090 15013 37377 95411 28669 23970 85178 28801 54556 50474 52677 86794 86475 73468 7425 58062 63957 44501 83770 7022 15819 81001 52970 37662 18100 11402 82536 79333 76838 65165 20322 62298 44043 32332 60287 13734 82954 53564 4336 31769 28971 68935 22662 26714 35317 7312 86130 90092 38547 52129 76687 98380 63175 2785 26820 88546 27331 21271 58945 29542 64434 86677 57392 97929 83214 97477 49988 15550 75207 89054 68719 16816 54665 56959 8311 50936 65099 2550 12444 33061 57823 94870 13688 66283 28050 12268 2967 11982 93566 16694 18742 73438 96978 35240 56534 39467 17425 48688 54752 51406 54009 72982 72018 78029 66786 59680 58218 31203 31284 26661 51415 86584 79608 77464 71194 26515 88635 59751 93857 23807 4075 26999 79806 6178 61122
2288 5300 77133 21024 12707 57729 68431 71105 54853 59891 53840 16978 22219 11491 31340 44852 98950 51165 70238 22700 10514 71958 47276 40055 47498 67577 23010 53336 61263 51647 16190 39180 1755 48669 69815 56806 61981 42800 82474 61264 34119 51538 26265 55966 47799 42409 3909 56066 20269 38239 83436 72718 80019 59291 61480 69594 94468 74848 98804 74045 8355 46023 477 33113 93609 33051 81855 7838 38125 40624 35948 60317 66245 97758 47566 56896 15814 63163 90942 91145 1976 33048 43038 26780 12027 3932 70235 46538 64252 44520 55014 29146 6730 36421 4214 28276 2404 5406 10082 52711 98247 40020 91955 96825 10369 84086 82790 73541 72989 30108 89447 99024 7091 78391 58652 38123 95621 3761 61350 91466 10947 11348 73909 32456 58521 84033 38858 31268
95957 83921 26922 75764 48376 27801 31538 78781 63064 52004 99511 54591 9701 10615 33229 48037 41942 73490 11630 2917 5491 30746 80769 83039 73968 8627 16756 40217 65085 86469 65482 72074 77405 84860 51262 35726 51097 15680 97677 74544 93250 47665 31091 15854 30294 25386 29401 38739 45323 50005 16256 66619 61390 2052 77618 11379 89643 52522 30141 54549 92569 6906 13088 22932 59198 12289 63528 18345 43349 79388 30267 51313 81388 87554 53863 832 96717 21796 42781 27070 25812 22584 63457 55765 14765 69824 16633 3769 14911 28413 78860 27975 89585 61160 4423 13164 36819 34283 70343 79507 97165 43108 78089 80405 88396 1369 15374 57444 66710 3162 26477 67988 65588 16293 89069 14064 42406 30745 29456 85471 27858 42112 44774 28038 8212 71860 92513 66585
2553 82570 74822 51586 11166 30944 83556 98954 98462 78971 16665 10000 98029 18831 74635 1024 14710 26481 89205 67050 19880 36602 49722 14284 47097 45304 53616 60391 29740 86963 39894 79990 1202 29210 31292 89479 55954 72125 47671 43090 84512 61621 14872 10257 64938 93572 89454 40278 71812 7739 60073 13845 52971 52438 29060 58195 58216 14096 59793 36281 56523 79577 59328 21612 44424 44920 72835 42791 52081 45940 1918 56499 49860 42150 18865 60000 21983 81423 96939 73945 22691 67314 86269 94470 57414 58671 72340 2018 4442 14261 75933 2096 83351 65501 28335 74792 29462 7588 36244 58416 11396 914 88153 71859 36454 29418 65931 250 45822 10467 96180 42869 76089 93956 97782 90624 75449 35632 89195 82767 53825 52991 70789 92325 834 55478 67902 409
77932 52510 40292 29927 83462 20853 74274 30023 27711 8240 63632 50593 9111 75112 973 61843 93284 99919 72614 70444 14994 35872 22101 41252 36458 42395 84259 79066 68412 91152 14847 78626 19067 46696 39109 74172 12881 55609 75803 47891 38207 10006 87470 77895 70217 5371 64687 85936 74424 48650 81384 21849 80008 87515 37978 80777 73680 37538 59210 13732 90775 10591 79984 15820 69800 99099 53416 50709 84433 4787 30299 77498 57867 95393 84142 14211 61891 1735 87985 26018 91003 49658 23716 55654 70158 85864 48757 62680 12981 67473 17255 98790 29453 4075 24326 387 42886 85007 6126 69140 25327 76140 71986 78527 32712 81237 31499 36569 55039 65076 48847 38480 2917 7535 11727 31647 99359 26545 84721 7909 2683 52360 67861 23252 2030 69514 6552 32502
72751 3025 14539 54038 25803 12222 44549 58459 93127 60758 12734 53996 3653 67460 40895 10176 65207 59422 19872 48103 81259 12332 70583 48656 4572 84083 33538 29077 82636 17292 70830 93880 59898 27661 51958 6926 31911 82868 87268 70598 90659 23672 90026 28506 32827 18929 29988 2774 68687 35551 95436 67221 91333 1335 69783 40215 31295 55509 82549 10401 34089 85958 69592 29334 78217 28796 69520 3294 22024 60716 52587 62360 84724 63752 99948 83343 54196 10563 32487 80602 63601 90630 96670 15731 21305 91769 67401 11446 75228 83286 74408 97103 44910 86850 62191 55911 91151 39639 88747 95059 79135 52919 10029 47785 73681 1964 98412 19849 74895 81249 5056 11290 66514 39197 60933 68664 37585 19810 47066 62092 17905 77560 11445 8312 7365 53157 81050 97723
52296 55500 47934 70373 36028 41939 57964 69530 8559 96312 96178 39294 35765 81174 47049 13206 86450 50575 86755 6866 67837 5243 32660 29039 65592 27363 91274 56462 6926 99649 55845 28917 65100 82105 29843 42267 18065 57408 50323 23795 82453 74398 32635 17843 20826 55378 68825 7697 29023 26341 59358 14071 9429 31944 1937 37309 80494 66476 52139 38560 44849 79520 60388 5589 89670 42007 13408 87050 92406 3582 87426 25728 41184 53886 3612 4395 57702 55371 33665 80860 57199 66259 66154 96679 61927 63793 81100 91401 83321 51187 98356 39262 1348 34646 96997 33376 66408 9858 27663 97014 88260 59321 82295 55786 32045 48649 63399 63207 37435 22426 91729 80198 40701 58361 85020 1042 80035 6022 27396 47399 51875 23887 95947 24026 94953 61763 63339 87089
28388 81543 82867 37778 19669 48148 2330 84650 22348 68396 60616 20604 45933 44958 13935 94946 97109 26306 28173 91030 627 13867 33046 15077 44578 80300 92901 8604 98828 21762 85115 56034 97221 92878 11375 27629 77609 63533 76937 10311 34855 81236 18423 37763 25778 10365 88382 22725 98408 13585 61033 66188 18497 1665 25548 20617 46326 96769 98510 59911 8056 79473 30401 24199 87677 53330 81284 58851 23127 1590 29469 74520 11757 48719 26754 92059 97535 49787 58354 71884 70347 8359 21343 99055 60715 34688 7958 5092 54865 83327 35489 83856 51206 8549 58504 6615 9345 46476 7838 82298 24990 5420 43325 92334 99526 29016 60919 96479 79534 88323 65157 28287 8505 52844 27295 85749 88105 56175 15408 94480 56219 12324 3354 46833 23019 67624 37707 64984
24174 37232 506 51929 79944 45196 3912 69116 50103 29486 17041 22623 81781 16239 80234 33713 94574 1942 3349 54382 68032 64840 20943 50309 63983 36861 97916 88290 9579 8154 64853 82352 60210 24212 46557 67632 82374 97196 99740 5866 18902 88550 20828 49400 98123 40506 13681 30262 98288 14385 82200 93236 27809 47659 49064 20615 46690 29182 42487 20278 9771 37052 39796 89682 55811 58876 68214 36153 83933 74175 44725 67574 30309 99009 38387 67693 7382 17241 23144 22121 7234 86757 50255 2562 76029 11286 64369 57677 13709 2483 14095 19017 1655 28339 83920 77250 28747 96908 73012 41762 18540 70766 63840 33937 66185 3126 73621 21600 53913 53420 29096 41341 37983 21350 36880 28038 21006 89224 20330 93744 7219 80854 33659 43449 67100 81255 20353 67609
70845 38066 82050 99287 56611 6764 28944 81528 92782 98332 27224 78290 82913 60019 88065 74098 21487 20024 64678 82230 93969 62104 65852 2053 79124 49080 40084 68361 69729 64770 72483 30463 33394 48111 68859 12878 75923 85316 20941 95557 58727 40109 7558 15167 68245 74897 68360 6427 58618 9597 55349 2479 8585 42586 76711 97062 49632 58249 47034 98451 17612 7116 52141 59454 46329 92242 69294 15688 35827 82762 86015 96081 61171 90550 39604 88627 98597 21883 35493 78717 72937 68185 49366 55096 5346 16303 42640 70231 62673 6427 18225 37602 19491 73799 7162 3593 32218 98235 38772 68298 30499 50476 13681 16227 65241 22070 86910 83010 44307 56104 91499 92597 97523 50303 25360 92670 53357 38551 82361 16205 62423 42874 38972 88018 8582 39102 82582 21115
66684 21711 74353 61515 31907 58370 80754 32955 33462 45377 86886 45907 48533 86799 14606 73132 12319 4333 8643 58875 86389 85431 47720 90016 46369 5727 39047 81031 20466 22107 40556 64342 99943 4181 71939 61369 57418 58174 70828 99126 81702 85228 90940 35793 89490 67660 36221 63551 40819 40561 91775 61645 98283 53081 5465 44985 52393 31658 72748 10770 36319 61588 31590 2013 66400 59248 17591 10912 64256 80561 58878 65922 82082 32924 69595 98632 70552 79239 73059 47909 89371 14714 67150 21071 71849 90755 36234 37006 63283 33701 2686 17903 46499 31795 89769 15581 23677 11469 88685 67525 70779 87132 67668 70138 40047 76491 16123 91888 79849 63041 93567 17010 16195 48469 41355 93027 51919 99406 14718 88065 32886 12490 39259 61121 47942 50387 60331 51041
82170 14464 73496 34464 38832 20939 14476 91558 17130 89887 94260 36557 11144 39120 6440 73517 9961 77812 1695 94752 17110 96085 85247 53085 20685 66715 29941 49777 59982 7608 6277 32935 83093 64670 48153 50945 76876 32695 14611 73583 91575 13253 70734 95453 49174 33657 96134 69631 15839 54239 19676 3943 9142 13592 36798 16714 95680 96279 11670 95771 6159 25551 63163 56667 63430 61456 8403 12118 83903 34714 7559 57996 17494 91081 52454 48780 8519 4282 60789 23290 36689 49870 94100 56278 72188 12624 23588 94913 92501 95925 71743 96153 18969 71119 53733 83557 56361 81250 59800 24119 96556 91938 94789 48413 77750 12301 20320 56322 17243 60917 85198 889 5978 91703 82016 38990 33582 24141 32871 36542 36863 68823 29414 89493 76456 31660 80030 7630
4385 40460 63479 42517 85690 64063 16277 73933 66657 53647 37946 16081 52362 41037 97227 85834 17039 90237 35902 76102 63972 22086 86938 39712 95623 37305 91272 4556 8008 7027 75504 87557 39309 50049 5417 68345 85378 55900 13974 18800 32676 14835 12584 70303 14748 60493 84908 46497 84743 10217 62279 10591 34043 97679 32310 67576 38224 11831 65368 99170 36140 54197 14059 48640 72956 81796 35482 23439 75347 39875 27641 98646 79068 3826 17166 64971 59809 17177 25847 95339 21071 26733 22854 76931 35525 75896 85441 3414 26440 60597 93307 66677 88623 23704 75842 55566 58187 23128 99848 48368 12736 50171 32057 50089 70094 76345 97806 3554 72380 76998 72322 65075 41208 4091 64851 53329 79873 42585 47754 56888 58391 55709 20146 45461 5737 12151 13733 76142
91895 94359 60159 42842 9979 90983 46051 14012 84335 85269 2763 22073 81701 51702 46862 5433 70969 16366 29100 76247 47606 56037 9235 59360 84478 55959 84801 54739 34009 49008 24390 26331 84432 62589 34006 7958 27749 51367 24386 86896 66361 79494 94463 92305 45931 39895 17404 20830 8357 95534 81818 4670 40498 44867 59944 8752 78514 25572 51524 73168 42421 35091 4585 41563 64914 2876 84135 67850 3995 84926 14381 51364 60299 38744 55328 62954 94749 84653 69681 54446 22776 24363 61650 92145 47473 27565 8392 63104 10503 42847 12193 54235 80288 67176 63890 60148 58540 53554 36514 52116 92763 2977 80954 23969 93797 46757 60488 92054 85811 16174 56293 1841 90963 5625 61656 44225 35836 3356 68647 91777 82057 80385 83897 62721 90019 73648 92855 23218
15390 72284 7442 18765 67787 25113 16065 64311 31882 26165 58186 98198 14210 26776 36411 49051 29252 28053 69598 12251 41171 46617 85842 99653 17556 44629 6171 39364 9435 449 19475 78055 89689 95622 72035 37554 56171 41197 52185 97428 69404 96289 93731 2812 79235 31222 6107 67599 4255 73729 22527 76082 30058 29766 6996 36690 54562 30348 94129 3243 47261 31471 78881 65876 34274 32556 9441 83942 91834 57533 12031 9939 88283 25848 98036 94968 80003 67955 54366 3568 54530 86965 82159 3126 27844 37606 77161 51014 19136 87363 86550 61186 71030 4353 8104 38419 56437 19298 65108 78386 13982 62361 86632 52510 91919 87678 84164 6623 13216 41021 55891 78919 2228 53659 4167 53131 41544 32814 68062 90695 36622 45377 11468 50839 77671 26836 14237 31577
68966 4852 23689 64859 74261 33786 49652 23041 502 93260 94235 38017 48303 89101 84683 87615 73512 8523 67524 82188 32261 5861 98255 48069 89065 22391 92339 5450 25152 42555 42818 26637 63624 1534 2749 46846 23034 52753 23719 94209 58047 80487 11144 73709 32723 87346 35188 27697 78508 93266 49115 28900 53679 96704 6910 13373 15372 23753 97252 22511 90028 99869 94656 16497 2451 28321 82754 79472 91228 98605 24475 80370 32565 47227 44478 89694 3112 82408 62300 40143 8926 98241 91265 28573 59924 2885 60351 93340 77100 24838 90925 73555 13884 90425 28878 12407 86435 62667 56065 4366 18462 17127 37662 82292 81408 50912 45019 9099 13819 8921 11209 94312 52599 65710 95689 70428 31750 95447 46685 28417 41274 71762 68816 99260 61151 86622 16938 64715
77185 13169 84534 68873 77147 54344 48939 3086 67336 81650 91495 15317 43748 3648 13097 31824 7262 36134 83180 84330 51216 43964 52662 76155 4500 31956 81096 10992 63854 80987 48049 94599 95469 95451 22423 98672 70635 78340 76025 62537 34025 51815 91187 41995 97442 56689 45028 80588 328 32085 99486 83086 66633 67758 90929 81750 40061 74763 27057 84590 81331 38827 54474 93570 78402 81901 66122 88095 79051 40327 96846 49080 45840 6554 1588 46295 85303 16587 58760 35847 31222 62750 78609 69360 40711 40019 45820 94629 83258 69905 15679 84954 15693 39539 60581 82486 23507 42607 97162 99165 28964 1384 16148 6614 93126 72194 66821 69214 30610 74693 14457 81796 87385 64586 69992 86808 90977 26767 61608 93940 50191 56130 60694 7003 14005 45733 59345 79331
826467 1124925 698720 1224757 909639 1244184 668177 1167938 246207 1313377 183001 849177 535828 1431852 466121 1144193 964731 1138237 824267 1426358 359332 149140 42434 1435175 340114 619928 539326 993096 355054 258286 24360 697946 1668204 365545 366622 789297 557898 999694 654076 1476655 175486 1043717 647572 631021 409091 1051113 1187302 1313072 1072480 1087818 1486369 223099 1187816 1162244 1121012 837640 61831 245720 984978 689722 143604 420342 260570 385775 767610 356584 157242 85191 348740 429773 545637 575839 547439 259753 1232912 918749 1104173 971368 1471903 714046 435265 1153881 14155 903957 1317056 897196 874249 1439716 746720 945265 881703 1165817 1346325 513399 67482 870526 1244036 992231 876676 1341569 1358101 483668 72198 907267 1349967 95080 1296394 834387 824210 1010979 691941 1401705 1496207 920619 529285 205907 243437 626217 1401330 749849 1222524 625579 159728 324340 961099 523216 1204786 1034376
