64
0 1 1 1 1 1 1 1 0 1 1 1 1 1 1 1 1 1 1 0 1 1 1 1 1 1 1 1 1 1 1 1 1 1 1 1 1 1 0 1 1 1 1 1 1 1 1 1 0 1 1 1 1 1 1 1 0 1 1 1 1 1 1 1
1 0 1 1 1 1 1 1 1 1 1 1 1 1 1 1 1 1 1 1 1 1 1 1 1 1 1 1 1 1 1 1 0 1 1 1 1 1 1 1 1 1 1 1 1 1 1 1 1 1 1 1 1 1 1 1 1 1 1 1 1 1 1 1
1 1 0 1 1 1 1 1 1 1 1 1 1 1 1 1 1 1 1 1 1 1 1 1 1 1 1 1 1 1 1 1 1 0 1 1 0 0 1 0 1 1 1 1 1 1 1 1 1 1 1 1 1 1 1 1 1 1 1 1 1 1 1 1
1 1 1 0 1 1 1 1 1 1 1 1 1 1 1 1 1 1 1 1 1 1 1 1 1 1 1 1 1 1 1 1 1 1 1 1 1 1 1 1 1 1 1 1 1 1 1 1 1 1 1 1 1 1 1 1 1 1 1 1 1 1 1 1
1 1 1 1 0 1 1 1 0 1 1 1 1 1 1 1 1 1 1 1 1 1 1 1 1 1 0 1 1 1 1 1 1 1 1 1 1 1 1 1 1 1 1 1 1 1 1 0 1 1 1 1 1 1 1 1 1 1 0 1 1 1 1 1
1 1 1 1 1 0 1 1 1 1 1 1 1 1 1 1 1 1 0 0 1 1 1 1 1 1 1 1 1 1 1 1 1 1 1 1 1 0 1 1 1 1 1 1 1 1 1 0 1 1 1 1 1 1 1 1 1 1 1 1 1 1 1 1
1 1 1 1 1 1 0 1 1 1 1 1 1 1 1 1 1 1 1 1 1 1 1 1 1 1 1 1 1 1 1 1 1 1 1 1 1 1 1 1 1 0 1 1 1 1 1 1 1 1 1 1 1 1 1 1 1 1 1 1 1 1 1 1
1 1 1 1 1 1 1 0 1 1 1 1 1 1 1 1 1 0 1 1 1 1 1 1 1 1 1 1 1 1 1 1 1 1 1 1 1 1 1 1 1 1 1 1 1 1 1 1 1 1 1 1 1 1 0 1 1 1 1 1 1 1 1 1
0 1 1 1 0 1 1 1 0 1 1 1 1 1 1 1 1 0 1 1 1 1 1 1 1 1 1 1 1 1 1 1 1 1 1 1 1 1 1 1 1 1 1 1 1 1 1 1 1 1 1 1 1 1 1 1 0 1 1 1 1 1 1 1
1 1 1 1 1 1 1 1 1 0 1 1 1 1 1 1 1 1 1 1 1 1 1 1 1 1 1 1 1 1 1 1 1 1 0 1 1 1 1 1 1 1 1 1 1 1 1 1 1 1 1 1 1 1 1 1 1 1 1 1 1 1 1 1
1 1 1 1 1 1 1 1 1 1 0 1 1 1 1 1 1 0 0 1 0 1 1 1 1 1 1 1 1 0 0 1 1 0 1 1 1 1 1 1 0 1 1 1 1 1 1 1 1 0 1 1 1 1 1 0 1 1 1 1 1 1 1 1
1 1 1 1 1 1 1 1 1 1 1 0 1 1 1 1 1 1 1 1 1 1 1 1 1 1 1 1 1 1 1 1 1 1 1 1 1 1 1 0 1 1 1 1 1 1 1 1 1 1 1 1 1 1 1 1 1 1 1 1 1 1 1 1
1 1 1 1 1 1 1 1 1 1 1 1 0 0 1 1 1 1 1 1 1 1 1 1 1 1 1 1 1 1 1 0 1 1 1 1 0 1 1 1 1 1 1 1 1 1 1 1 1 1 1 1 1 0 1 1 1 1 1 1 1 1 1 1
1 1 1 1 1 1 1 1 1 1 1 1 0 0 1 1 1 1 1 1 1 1 1 1 1 0 1 1 1 1 1 0 1 1 1 1 1 0 1 1 1 1 1 1 1 1 1 1 1 1 1 1 1 1 1 1 1 1 0 1 1 1 1 1
1 1 1 1 1 1 1 1 1 1 1 1 1 1 0 1 1 1 1 1 1 1 1 1 1 1 1 1 1 1 1 0 0 1 1 1 1 1 1 1 1 1 1 1 1 1 1 1 1 1 1 0 1 1 1 1 1 1 1 1 1 1 1 1
1 1 1 1 1 1 1 1 1 1 1 1 1 1 1 0 1 1 1 1 1 1 1 1 1 1 0 1 1 1 1 1 1 1 1 1 1 1 1 1 1 1 1 1 1 1 1 1 1 1 1 1 1 1 1 1 1 1 1 1 1 1 1 1
1 1 1 1 1 1 1 1 1 1 1 1 1 1 1 1 0 1 1 1 1 1 1 1 1 1 1 1 1 1 1 1 1 1 1 0 1 1 1 1 1 1 1 1 1 1 1 1 1 1 1 1 1 1 1 1 1 0 1 1 1 1 1 1
1 1 1 1 1 1 1 0 0 1 0 1 1 1 1 1 1 0 1 1 1 1 1 1 1 1 1 1 1 1 1 1 1 1 0 1 1 1 1 1 1 1 1 1 1 1 1 1 1 1 1 1 1 1 1 1 1 1 1 1 1 1 1 1
1 1 1 1 1 0 1 1 1 1 0 1 1 1 1 1 1 1 0 1 1 0 0 1 1 1 1 1 1 1 1 1 1 1 1 1 1 1 1 1 1 1 1 1 1 1 1 1 1 1 1 1 1 0 1 1 1 1 0 1 1 1 1 1
0 1 1 1 1 0 1 1 1 1 1 1 1 1 1 1 1 1 1 0 1 1 1 1 1 1 1 1 1 1 1 1 1 1 1 0 1 1 1 1 1 1 1 1 1 1 1 1 1 1 1 1 1 1 1 1 1 1 1 1 1 1 1 1
1 1 1 1 1 1 1 1 1 1 0 1 1 1 1 1 1 1 1 1 0 1 1 1 1 1 1 1 1 1 1 1 1 1 1 1 1 1 1 1 1 1 1 1 1 0 1 1 1 1 1 1 1 1 1 1 1 1 1 1 1 0 1 1
1 1 1 1 1 1 1 1 1 1 1 1 1 1 1 1 1 1 0 1 1 0 1 1 0 0 1 1 0 1 1 1 1 1 1 1 1 0 1 1 1 1 1 1 1 1 1 1 1 1 1 1 1 1 1 1 0 1 1 1 1 1 1 0
1 1 1 1 1 1 1 1 1 1 1 1 1 1 1 1 1 1 0 1 1 1 0 1 1 1 1 1 1 1 1 1 1 0 1 1 1 1 1 1 1 1 1 1 1 1 1 1 1 1 1 1 1 1 1 1 1 1 1 1 1 1 1 1
1 1 1 1 1 1 1 1 1 1 1 1 1 1 1 1 1 1 1 1 1 1 1 0 1 1 1 1 1 1 1 1 1 1 1 1 1 1 1 1 1 1 1 1 1 1 1 1 1 1 1 1 1 1 1 1 1 1 1 1 1 1 1 1
1 1 1 1 1 1 1 1 1 1 1 1 1 1 1 1 1 1 1 1 1 0 1 1 0 1 1 1 1 1 1 1 1 0 1 1 1 1 1 1 0 1 1 1 1 1 1 1 1 1 1 1 1 1 1 1 1 1 1 1 1 1 1 1
1 1 1 1 1 1 1 1 1 1 1 1 1 0 1 1 1 1 1 1 1 0 1 1 1 0 1 1 1 1 1 1 1 1 1 1 1 1 1 1 1 1 1 1 1 1 1 1 1 1 1 1 1 1 1 1 1 1 1 1 1 1 1 1
1 1 1 1 0 1 1 1 1 1 1 1 1 1 1 0 1 1 1 1 1 1 1 1 1 1 0 1 1 1 1 1 1 1 1 1 1 1 1 1 1 1 1 1 1 1 1 1 1 1 1 1 1 1 1 1 1 1 1 1 1 1 1 0
1 1 1 1 1 1 1 1 1 1 1 1 1 1 1 1 1 1 1 1 1 1 1 1 1 1 1 0 1 1 1 1 1 1 0 1 1 1 1 1 1 0 1 1 1 1 1 1 1 1 1 1 1 1 1 1 1 1 1 1 1 0 1 1
1 1 1 1 1 1 1 1 1 1 1 1 1 1 1 1 1 1 1 1 1 0 1 1 1 1 1 1 0 1 0 1 1 1 1 1 1 1 1 1 1 1 1 1 1 1 1 0 1 1 1 1 1 1 1 1 1 1 1 1 1 1 1 1
1 1 1 1 1 1 1 1 1 1 0 1 1 1 1 1 1 1 1 1 1 1 1 1 1 1 1 1 1 0 1 1 1 1 1 1 1 1 1 1 1 1 1 1 1 1 1 1 1 1 1 1 1 1 1 1 1 1 0 1 0 1 1 1
1 1 1 1 1 1 1 1 1 1 0 1 1 1 1 1 1 1 1 1 1 1 1 1 1 1 1 1 0 1 0 1 1 1 1 1 1 1 1 1 1 1 1 1 1 1 1 0 1 1 1 1 1 1 1 1 1 1 1 1 1 1 1 1
1 1 1 1 1 1 1 1 1 1 1 1 0 0 0 1 1 1 1 1 1 1 1 1 1 1 1 1 1 1 1 0 1 1 0 1 1 1 1 1 1 1 1 1 1 0 1 1 1 1 1 0 1 1 1 1 1 1 1 1 1 1 1 1
1 0 1 1 1 1 1 1 1 1 1 1 1 1 0 1 1 1 1 1 1 1 1 1 1 1 1 1 1 1 1 1 0 1 1 1 1 1 1 0 1 1 1 1 1 0 1 1 1 1 1 1 1 1 0 1 1 1 1 1 1 1 1 1
1 1 0 1 1 1 1 1 1 1 0 1 1 1 1 1 1 1 1 1 1 1 0 1 0 1 1 1 1 1 1 1 1 0 1 1 1 1 1 1 1 0 1 1 1 1 1 1 1 1 1 1 1 1 1 1 1 1 1 1 1 1 1 1
1 1 1 1 1 1 1 1 1 0 1 1 1 1 1 1 1 0 1 1 1 1 1 1 1 1 1 0 1 1 1 0 1 1 0 1 1 1 1 1 1 1 1 1 1 1 1 1 1 1 1 1 1 1 1 1 1 1 1 0 1 1 1 1
1 1 1 1 1 1 1 1 1 1 1 1 1 1 1 1 0 1 1 0 1 1 1 1 1 1 1 1 1 1 1 1 1 1 1 0 1 1 1 1 1 1 1 1 1 1 1 1 1 1 1 1 1 1 1 1 1 1 1 1 1 1 1 1
1 1 0 1 1 1 1 1 1 1 1 1 0 1 1 1 1 1 1 1 1 1 1 1 1 1 1 1 1 1 1 1 1 1 1 1 0 1 1 1 1 1 1 1 1 1 1 1 1 1 1 1 1 1 1 1 1 1 1 1 1 1 1 1
1 1 0 1 1 0 1 1 1 1 1 1 1 0 1 1 1 1 1 1 1 0 1 1 1 1 1 1 1 1 1 1 1 1 1 1 1 0 1 1 1 1 1 1 0 1 1 1 1 0 1 1 1 1 1 1 1 1 1 1 1 1 1 1
0 1 1 1 1 1 1 1 1 1 1 1 1 1 1 1 1 1 1 1 1 1 1 1 1 1 1 1 1 1 1 1 1 1 1 1 1 1 0 1 1 1 1 1 1 1 1 1 1 1 1 1 1 1 1 1 1 1 1 1 1 1 1 1
1 1 0 1 1 1 1 1 1 1 1 0 1 1 1 1 1 1 1 1 1 1 1 1 1 1 1 1 1 1 1 1 0 1 1 1 1 1 1 0 1 1 1 0 0 1 1 1 1 1 1 1 1 0 1 1 1 1 1 1 1 1 1 0
1 1 1 1 1 1 1 1 1 1 0 1 1 1 1 1 1 1 1 1 1 1 1 1 0 1 1 1 1 1 1 1 1 1 1 1 1 1 1 1 0 1 1 1 1 1 1 0 1 1 1 1 1 1 1 1 1 1 1 1 1 1 1 1
1 1 1 1 1 1 0 1 1 1 1 1 1 1 1 1 1 1 1 1 1 1 1 1 1 1 1 0 1 1 1 1 1 0 1 1 1 1 1 1 1 0 1 1 1 1 1 1 1 1 1 1 1 1 1 1 1 1 1 1 1 1 1 1
1 1 1 1 1 1 1 1 1 1 1 1 1 1 1 1 1 1 1 1 1 1 1 1 1 1 1 1 1 1 1 1 1 1 1 1 1 1 1 1 1 1 0 1 1 1 1 1 1 1 1 1 1 1 1 1 1 1 1 1 1 1 1 1
1 1 1 1 1 1 1 1 1 1 1 1 1 1 1 1 1 1 1 1 1 1 1 1 1 1 1 1 1 1 1 1 1 1 1 1 1 1 1 0 1 1 1 0 1 1 1 1 1 1 1 1 1 1 1 1 1 1 0 1 1 1 1 1
1 1 1 1 1 1 1 1 1 1 1 1 1 1 1 1 1 1 1 1 1 1 1 1 1 1 1 1 1 1 1 1 1 1 1 1 1 0 1 0 1 1 1 1 0 1 1 1 1 1 1 1 1 1 1 1 0 1 1 1 1 1 1 1
1 1 1 1 1 1 1 1 1 1 1 1 1 1 1 1 1 1 1 1 0 1 1 1 1 1 1 1 1 1 1 0 0 1 1 1 1 1 1 1 1 1 1 1 1 0 1 1 1 1 1 1 1 1 1 1 1 1 1 1 0 1 1 1
1 1 1 1 1 1 1 1 1 1 1 1 1 1 1 1 1 1 1 1 1 1 1 1 1 1 1 1 1 1 1 1 1 1 1 1 1 1 1 1 1 1 1 1 1 1 0 1 1 1 1 1 1 1 1 1 1 1 1 1 0 1 1 1
1 1 1 1 0 0 1 1 1 1 1 1 1 1 1 1 1 1 1 1 1 1 1 1 1 1 1 1 0 1 0 1 1 1 1 1 1 1 1 1 0 1 1 1 1 1 1 0 1 1 1 1 1 1 1 1 1 1 1 1 1 1 0 1
0 1 1 1 1 1 1 1 1 1 1 1 1 1 1 1 1 1 1 1 1 1 1 1 1 1 1 1 1 1 1 1 1 1 1 1 1 1 1 1 1 1 1 1 1 1 1 1 0 1 1 1 1 1 1 1 1 1 1 1 1 1 1 1
1 1 1 1 1 1 1 1 1 1 0 1 1 1 1 1 1 1 1 1 1 1 1 1 1 1 1 1 1 1 1 1 1 1 1 1 1 0 1 1 1 1 1 1 1 1 1 1 1 0 1 1 1 1 1 1 1 1 1 1 1 1 1 1
1 1 1 1 1 1 1 1 1 1 1 1 1 1 1 1 1 1 1 1 1 1 1 1 1 1 1 1 1 1 1 1 1 1 1 1 1 1 1 1 1 1 1 1 1 1 1 1 1 1 0 1 1 1 1 1 1 1 1 1 1 1 1 1
1 1 1 1 1 1 1 1 1 1 1 1 1 1 0 1 1 1 1 1 1 1 1 1 1 1 1 1 1 1 1 0 1 1 1 1 1 1 1 1 1 1 1 1 1 1 1 1 1 1 1 0 1 1 0 1 1 0 0 1 1 1 1 1
1 1 1 1 1 1 1 1 1 1 1 1 1 1 1 1 1 1 1 1 1 1 1 1 1 1 1 1 1 1 1 1 1 1 1 1 1 1 1 1 1 1 1 1 1 1 1 1 1 1 1 1 0 1 1 1 1 1 1 1 1 1 1 1
1 1 1 1 1 1 1 1 1 1 1 1 0 1 1 1 1 1 0 1 1 1 1 1 1 1 1 1 1 1 1 1 1 1 1 1 1 1 1 0 1 1 1 1 1 1 1 1 1 1 1 1 1 0 1 1 1 1 1 1 1 1 1 1
1 1 1 1 1 1 1 0 1 1 1 1 1 1 1 1 1 1 1 1 1 1 1 1 1 1 1 1 1 1 1 1 0 1 1 1 1 1 1 1 1 1 1 1 1 1 1 1 1 1 1 0 1 1 0 1 1 0 1 1 1 1 1 1
1 1 1 1 1 1 1 1 1 1 0 1 1 1 1 1 1 1 1 1 1 1 1 1 1 1 1 1 1 1 1 1 1 1 1 1 1 1 1 1 1 1 1 1 1 1 1 1 1 1 1 1 1 1 1 0 1 1 1 1 1 1 1 1
0 1 1 1 1 1 1 1 0 1 1 1 1 1 1 1 1 1 1 1 1 0 1 1 1 1 1 1 1 1 1 1 1 1 1 1 1 1 1 1 1 1 1 1 0 1 1 1 1 1 1 1 1 1 1 1 0 1 1 1 1 1 1 1
1 1 1 1 1 1 1 1 1 1 1 1 1 1 1 1 0 1 1 1 1 1 1 1 1 1 1 1 1 1 1 1 1 1 1 1 1 1 1 1 1 1 1 1 1 1 1 1 1 1 1 0 1 1 0 1 1 0 1 1 1 1 1 1
1 1 1 1 0 1 1 1 1 1 1 1 1 0 1 1 1 1 0 1 1 1 1 1 1 1 1 1 1 0 1 1 1 1 1 1 1 1 1 1 1 1 1 0 1 1 1 1 1 1 1 0 1 1 1 1 1 1 0 0 1 1 0 1
1 1 1 1 1 1 1 1 1 1 1 1 1 1 1 1 1 1 1 1 1 1 1 1 1 1 1 1 1 1 1 1 1 1 0 1 1 1 1 1 1 1 1 1 1 1 1 1 1 1 1 1 1 1 1 1 1 1 0 0 1 1 1 1
1 1 1 1 1 1 1 1 1 1 1 1 1 1 1 1 1 1 1 1 1 1 1 1 1 1 1 1 1 0 1 1 1 1 1 1 1 1 1 1 1 1 1 1 1 0 0 1 1 1 1 1 1 1 1 1 1 1 1 1 0 1 0 1
1 1 1 1 1 1 1 1 1 1 1 1 1 1 1 1 1 1 1 1 0 1 1 1 1 1 1 0 1 1 1 1 1 1 1 1 1 1 1 1 1 1 1 1 1 1 1 1 1 1 1 1 1 1 1 1 1 1 1 1 1 0 1 1
1 1 1 1 1 1 1 1 1 1 1 1 1 1 1 1 1 1 1 1 1 1 1 1 1 1 1 1 1 1 1 1 1 1 1 1 1 1 1 1 1 1 1 1 1 1 1 0 1 1 1 1 1 1 1 1 1 1 0 1 0 1 0 1
1 1 1 1 1 1 1 1 1 1 1 1 1 1 1 1 1 1 1 1 1 0 1 1 1 1 0 1 1 1 1 1 1 1 1 1 1 1 1 0 1 1 1 1 1 1 1 1 1 1 1 1 1 1 1 1 1 1 1 1 1 1 1 0
41772 42818 69014 15712 10584 69770 24320 4790 87064 60650 166 93965 4209 65580 32654 3154 57378 79162 93113 87235 94080 17629 64539 87066 15807 50847 46999 89266 16959 31464 90139 5457 1070 7572 9889 59657 91359 18288 39865 79990 73860 74531 85919 3607 86706 16296 12389 38601 43721 77748 95077 78999 7539 63620 7455 54786 8128 28827 72553 20315 93484 46961 23836 25591 98398 8209 86969 1300 27465 35074 20293 34979 44891 9058 309 39985 80502 67513 310 87705 78433 51567 40346 638 10377 26314 4885 63396 77040 45415 60665 6962 56473 39703 63475 86779 37639 15849 13635 25072 7592 65826 28897 66678 55051 48356 10008 72758 15021 35841 76906 95279 65838 5049 3813 79449 48758 65494 65690 23136 23121 6205 25912 61866 34887 72555 4594 2722
25522 98004 11481 19292 37589 324 76371 99951 63177 41593 64521 10383 64380 78668 90597 68907 32920 6585 70365 7886 41242 5958 97742 27309 50789 33989 39662 16549 39616 81103 46813 63295 70382 19621 58773 86220 92129 19528 56712 33296 22948 64264 92767 13127 75581 27344 77867 93063 30387 93833 71785 45853 15227 93588 29379 64375 88467 4322 71454 70201 51706 96032 67331 41322 63718 97742 11478 89566 80947 47037 69464 684 87780 16221 76419 27477 2055 82859 93452 18075 61848 47561 79757 10968 27822 55603 6684 90841 38943 74940 2683 78467 70977 96425 74396 9056 18311 32229 53445 1817 99123 4585 29153 2910 1686 28024 12144 60775 70741 54978 53507 7938 66669 76283 93378 93131 46393 16868 64924 80794 25189 5199 31271 64171 23092 58108 11181 12277
53358 11777 81952 87253 90284 50908 37798 51765 68050 81692 60230 64187 16735 55104 22130 13933 71738 17897 82193 12722 62026 69072 92432 42755 87760 12743 29991 48036 12452 30204 88495 78612 47689 60184 72427 10395 43496 21702 52022 46915 56559 88653 3049 57035 23573 49380 35238 82591 15570 18291 79610 74543 15289 58228 34881 35486 6420 53379 8970 86966 15647 65089 92991 43380 48949 63157 68322 24184 99691 75831 15029 46246 50870 37486 21467 24796 54521 11653 28660 40422 73586 62251 35231 80224 57554 98799 31532 40762 37162 86421 94726 36276 77906 86456 7936 34322 35598 75469 17795 76710 38261 36547 75606 57303 53146 29904 70817 57352 72761 34358 61225 46757 74412 94164 60658 38962 87025 56554 36948 72675 41788 64926 62223 8286 68162 3121 60029 80803
57970 46412 24371 48502 44337 47107 6498 14079 16283 74638 54096 86836 29437 465 18606 85810 77635 12172 73578 66521 75446 34116 1334 97133 96053 18407 65404 67281 39463 62880 83718 42503 77674 79500 73218 91370 87930 80463 16049 53165 27981 77021 54131 27252 27610 40081 31393 71744 53896 96376 35307 26358 88580 64704 3170 56752 6333 9632 91803 61857 10421 4221 59330 57973 7753 47496 32524 66882 21627 63233 50355 98165 27463 61414 87612 6324 91547 54189 643 51676 96199 67522 90959 90246 91877 11149 959 91246 47816 33193 96201 99023 82371 66502 10512 60705 97529 49342 86404 41190 85194 91180 74059 66466 74455 27687 58325 100 68948 44184 79944 18163 7138 20248 13114 79785 41116 50301 42629 85863 69200 88631 4372 4252 58867 84438 31176 90384
80948 46054 78430 30875 39814 22194 338 361 16215 24988 95425 34709 55239 64473 57138 47672 50919 51 68214 9977 61942 27197 49714 44287 72138 67896 18808 94103 65785 27101 39115 40516 60520 56339 40279 66635 78051 82134 884 26470 10305 52203 89471 32049 10525 67379 70565 49178 77976 28182 19485 93342 90594 88967 25662 28620 34331 57030 77313 13940 62959 97472 11666 7237 46099 10743 76500 30352 8528 81145 382 83829 75856 24129 28141 59574 56410 89197 13331 44563 12024 71937 75962 96595 30254 21660 18676 781 61518 11007 28529 67870 64479 28640 15577 60073 83348 32601 94374 66046 15580 19339 40534 68421 57731 45882 69454 51956 50096 21262 3995 5754 2558 51792 48201 18649 82007 52423 10978 95896 93340 94979 18801 2673 46873 71515 83762 9027
26760 64437 57220 86298 49320 95775 8214 14054 54038 81180 2963 97200 48328 68159 27633 69156 76206 41539 3238 48863 36529 27024 53003 25102 53049 32790 70422 26376 23941 80285 24707 51397 78123 14800 44949 26855 29599 71675 59464 86995 49234 17272 5332 82403 9790 45779 88219 77229 95067 36869 90310 97583 83761 21334 66673 39514 41452 29721 46284 62066 74148 58095 80064 89457 12694 75573 67794 90733 59278 2022 84480 77407 40958 96185 10137 81224 37052 78595 47600 21758 91274 44534 23093 60149 55327 35498 16539 66126 15565 52788 12951 72338 92988 18721 81706 96027 73554 45121 34829 67169 28137 2448 75490 28473 90875 30662 79377 73517 41821 88302 58766 79676 94129 87557 40856 32246 50822 92343 32613 25247 36290 49981 46405 81071 63426 19377 62851 57432
21869 41835 35786 36149 53575 39361 29126 75268 12266 98881 35539 43344 15162 89414 77779 76636 3212 61624 53630 48279 59681 88545 25795 39344 46964 57241 37843 49779 93261 25176 10988 32673 57842 90427 7867 42089 48384 95849 84950 91284 92257 38291 48685 31998 97152 10307 21364 34382 94745 89288 3618 8395 26947 35701 38849 48354 62373 66518 10138 27880 83230 17024 30774 30443 69119 29562 53715 62738 66246 2024 67360 73071 40779 9564 24981 72372 66444 30337 10466 10365 77978 40830 52636 81991 34849 24097 17579 94692 77877 44209 30012 75190 45686 61613 74927 10727 49018 89810 96177 63473 59677 96687 42943 60714 5581 41775 46262 2001 59032 51729 89935 94686 41510 5978 33024 83781 17313 66027 68262 90547 61921 65156 90256 34945 85998 35317 95834 89743
5372 37965 29006 37877 55507 58411 54191 85367 36519 88269 47557 99385 82122 31065 1348 37874 12917 99557 76374 53882 10517 93149 68853 86666 96026 85044 56982 91276 93699 85116 13517 14923 37007 23333 13661 61479 31577 86316 91024 68626 2992 68780 14550 67504 18390 6394 33576 58700 78111 31592 35611 65113 11392 25133 52681 63109 21162 40685 58417 5036 46543 20759 32846 95928 99197 18884 40402 25602 76106 41584 32201 45052 27922 34143 95034 50014 53044 78501 37949 41234 35559 72129 27698 69547 28677 53034 95961 58204 98316 25495 83766 60276 29272 61030 10450 43751 58712 51768 38052 82306 22983 56007 47320 47192 1988 31528 50236 17409 12281 72230 11847 79806 22291 86772 85674 88188 90934 72088 65445 12501 9341 17963 83290 52518 50496 4070 6487 9189
20872 88406 26146 44697 47683 30730 551 68944 41339 56469 51703 40227 65981 76072 84583 55939 43436 89690 3475 91848 16337 3497 88983 51240 54855 46328 83058 31311 72568 11083 79381 46421 4296 49840 10567 64380 66362 68399 68476 66897 17290 73066 72720 21386 71936 34494 95784 34916 45871 8054 95760 79900 73624 26863 259 52531 73266 92740 36421 35939 55411 95906 57622 91040 17586 65114 66190 78406 74273 21372 65830 38995 21232 89272 77818 98286 15473 95347 76895 3172 92799 14677 74698 30369 65018 74006 38173 38118 41617 69935 48978 87211 81011 47325 93769 53786 63750 10578 67066 89969 21124 44609 38721 52256 56246 23042 50294 3650 21858 35554 94898 37683 84438 89742 50931 20879 99368 72224 96395 73266 74757 60147 22974 51597 94847 50647 52049 90670
31280 26336 83615 40796 46966 20412 52146 42436 47413 99141 3317 48865 67545 7141 47410 90565 5471 87565 32064 78836 59934 27058 86745 14301 41699 94033 4598 56794 42889 4289 54053 13237 73454 94228 47201 87685 99560 27654 5745 84147 79268 65002 91903 41339 84960 16654 23881 64535 44339 52122 80591 34487 85165 21845 50348 55846 48999 58301 80057 88979 55700 70234 34407 32483 32087 53969 24248 35017 19061 24512 18942 30048 69423 77036 21809 27027 82006 79037 70818 68167 96389 41891 51280 26772 77965 77828 2366 26530 78742 84579 40864 88529 77691 51359 40892 44892 64660 89469 86276 11774 24963 74423 65600 96233 42599 96897 57871 28121 82379 97125 93732 31338 87757 9696 91502 93826 64835 30252 64249 56978 15990 4437 24515 93984 94587 37493 21178 4858
20138 68446 81516 25964 74802 2110 79169 26222 16087 37764 72139 39053 39750 26289 86170 22170 27543 16993 76224 3817 59342 80584 4539 56243 21744 83755 83584 97304 26451 44851 80823 47647 75152 8713 32269 99577 40435 94939 77167 56351 48009 46781 60348 24721 88998 32630 25406 29657 23960 17759 74572 68215 21722 24017 82735 96570 58708 42844 71004 93810 21509 36938 37932 87459 2258 2602 62233 90226 99203 34324 90139 64918 90954 62050 12342 71424 1120 54645 85252 54157 5406 72719 53816 62550 89325 49084 29922 32206 20481 31069 83172 64237 48361 16816 94055 43447 83960 63945 95522 60123 6464 52195 69917 1938 25840 93648 94825 32165 80509 92207 39578 72247 41137 30712 14430 56673 32117 56958 46683 90651 7385 26205 71271 29907 93614 81297 66042 43519
63571 52606 61928 46650 27747 81409 60713 92366 99913 91906 17824 39101 56934 69910 55039 55160 18670 378 80324 62999 60619 12715 84541 96308 12156 41248 74566 65562 40312 9480 77513 85360 60801 49999 89462 70840 39036 74757 76624 14363 99882 83375 30187 98925 12684 56162 77755 87358 3928 55396 45195 64383 75404 45478 62815 25473 37607 96016 77639 20943 77808 39220 3661 43428 98812 57842 16004 23692 95123 9985 61116 97476 12548 74391 74360 5948 24284 46007 30888 74356 25664 3955 14597 94992 11511 15338 88591 80872 74657 56695 43692 8878 54617 21025 55341 38850 45080 40022 53978 90542 50922 27577 28964 42172 70421 68961 72197 62612 99647 69193 23165 95045 29336 29525 26589 80709 63180 85410 85378 9655 32973 13322 24367 52453 61393 82336 15668 59496
24602 17509 25372 13177 71502 95377 21752 59571 75038 28882 95980 93231 54900 54155 22123 96244 95689 74209 73858 48065 24687 17154 48949 24951 84239 6831 92192 80326 64291 33465 93708 37580 90676 53723 54451 55566 30414 75950 20723 50929 38638 75641 46814 7183 80623 44142 88771 24653 77434 13517 42780 23055 53921 43482 19643 71704 12903 15058 95838 24129 35160 58010 49887 19521 61157 40936 73015 92630 2529 73655 70545 10603 5771 78863 81600 86713 43200 5815 65453 6196 28791 53394 40032 20703 32864 74441 14948 4334 9910 14745 79925 80728 82304 18151 22247 63856 95778 70618 16308 28884 71082 49329 6493 61370 70546 46768 5821 62339 24119 34211 42783 66493 8784 42801 20928 96158 4897 97364 9865 21486 48378 18861 22165 88892 62609 15947 95828 91989
96364 17893 84338 16332 19353 8763 85470 1814 30451 96890 69542 14609 53210 60076 32461 67816 67238 33265 87715 22557 19466 39573 36838 14354 77228 86839 50298 50896 43103 56636 61971 13871 97273 32406 51065 39945 60485 1226 48371 31165 82893 49149 47375 27406 96312 77331 64921 2338 54180 66654 68051 42482 36931 90072 64530 75394 46448 85329 78089 41782 10471 21717 61183 36746 55332 62581 88392 40266 77066 1429 27230 34495 6341 19284 87513 82900 88268 87784 1980 92764 44823 67941 91615 54442 30739 45284 55551 40353 59865 86864 46500 70584 65131 54485 4837 85952 17594 77977 59598 38170 6099 96780 60498 2693 89 62395 92918 79917 94743 71975 34649 49455 16306 38513 99901 30223 1003 28440 65221 24232 72319 83883 56513 81402 9153 6367 99525 60870
39219 49765 18809 67187 33031 71185 65366 34367 73472 95879 234 20387 61571 21723 13534 46488 92929 13625 43674 81245 79150 30430 17601 40696 29801 62535 72702 15290 7908 80602 10949 13293 96601 85438 79791 85665 47502 11465 24157 7385 92631 90883 8724 65007 13766 82525 76015 13751 93906 38729 74318 27535 83613 14308 23415 71786 40764 4151 38929 53783 8043 61894 85412 32545 40194 6956 90839 28054 6786 83815 66386 8229 94412 68019 78535 72353 65124 27581 12367 88067 53193 44351 30343 71440 50350 34092 61584 80268 63391 66776 2235 93570 83330 97705 89791 15187 13270 95399 64355 83174 97612 63653 46623 25985 38989 80429 97460 15447 47922 51305 42165 42824 77005 76110 17887 44604 16917 14107 72319 97779 9091 41609 71587 44353 85871 86454 97842 95367
27140 46187 39729 29293 32671 8972 78057 94463 18364 71997 89856 65627 89913 90503 93860 31360 16563 451 58444 6349 32237 63225 44447 93074 46972 17654 74212 1675 86939 19561 52376 2939 36974 9394 53098 81807 98610 52146 38189 14689 82468 83805 39604 80243 38432 64225 58264 9252 17466 87171 97181 94986 18436 95014 39653 21072 77415 44772 30434 34641 74308 89214 51543 34875 11588 76946 51079 95375 73358 38050 56176 37164 7503 53153 95958 49870 86233 64910 4331 93570 74500 53694 70784 81800 22225 28054 22060 9771 91891 16921 84258 8213 2255 97232 82724 77739 64594 76075 26906 84588 52400 68492 53956 23604 54196 21303 88997 52361 17487 29624 90133 79065 11365 15233 6480 25115 93373 35243 48320 60613 41140 53889 20306 78338 37054 70202 40615 1489
28997 79277 6286 51787 56707 83183 95333 42252 87862 14416 82031 46265 9188 54732 29863 6274 33330 36780 23463 35630 56965 31392 32118 47636 96033 34595 52810 77956 36873 59563 78116 64935 43900 56545 69023 58391 46639 85710 9092 92222 90295 47262 6671 36253 17144 48170 57472 96383 42682 78014 15260 52838 3079 34922 83462 44382 51032 93744 9512 24550 36284 82657 54326 15385 57345 75308 83387 85517 97980 76344 186 17765 2760 11928 12830 85291 43142 90396 1757 77448 52145 67423 27586 65187 69020 87340 67745 3265 41718 72126 22330 31966 57912 6420 35719 34113 97665 20118 10047 42305 97872 23822 89835 45104 56263 8502 60486 4547 54781 76875 82200 12601 60611 48472 6314 62996 51233 60458 72202 7017 25201 65414 99296 56874 1992 38498 96133 17180
27609 76112 78759 47968 98321 85633 94848 45327 16572 15794 47334 52753 43412 6319 47336 23089 16265 78313 58022 94886 6509 14473 46985 22955 16637 30455 88380 44536 38371 8788 38652 54451 25539 4878 93213 8717 1538 61167 73022 60336 95307 94512 35998 80511 91301 58053 32852 26705 68415 69286 37765 24566 34196 22743 13310 3022 50735 78060 1485 52952 39503 86763 89714 24114 27220 25798 56354 53607 92249 55627 22670 79595 33460 327 94695 69632 16137 56352 70951 76270 61565 61603 29183 14783 15851 48265 27727 12761 94415 33196 51391 4736 89204 8900 994 78004 27557 19057 67951 13443 91301 13452 40844 65097 49110 58422 70741 12693 37215 83169 88672 92592 30757 85967 72990 49502 92938 39641 16642 21158 43166 79727 78876 88902 39640 14449 78687 69334
36321 81930 42125 83658 44656 61973 45694 52837 76561 83487 54636 49180 2580 28099 8163 41346 36064 30132 28274 29183 8704 91503 70778 82983 42120 50167 99455 64591 25571 52381 18409 73851 56309 19008 88989 27974 522 14055 95199 15388 41945 98255 62529 70346 50858 58294 10375 99785 29820 29909 72799 26858 57292 57551 22840 36244 93955 91470 15545 11433 34593 15361 89248 54122 88158 6738 11835 47783 11841 85263 38840 80370 34401 43803 20316 9926 26611 64055 9002 66725 13812 67371 65492 90182 11340 69599 94080 4134 73010 24627 91730 59386 26116 88892 49394 55790 32922 72578 78427 83387 57606 27263 18533 92087 76831 11285 24681 94939 99961 22477 33544 67103 59258 56559 19810 68188 96468 85128 39919 99653 53103 68603 7624 10893 77448 3885 79507 14883
95536 55024 49422 90369 32980 51529 84976 78402 81810 94658 75599 27657 95991 62672 5178 52736 44391 56784 64320 11202 35096 42143 47681 80290 69675 38551 30221 49994 16596 24624 91230 51547 39222 58313 23783 21571 24450 98161 80979 65571 19186 96268 46828 32259 47302 57416 59872 36814 63386 31124 51662 92951 70251 66172 97480 1966 29782 92316 37464 63548 74029 98058 18260 145 72943 27304 49257 87293 11433 87698 90569 1256 97803 9906 25760 90648 98488 65106 46531 49006 24155 55341 21081 67926 48512 63477 51979 29514 93668 60946 98097 5900 74868 81692 40780 9597 96216 75469 57643 2348 61475 90393 35109 7466 71488 5221 22911 61650 64512 52603 45231 38002 93294 98466 63576 11439 42580 43246 8518 12722 1589 17515 51922 18290 78900 6536 23568 99640
8228 50443 87313 28188 82830 89671 40935 29969 76887 9801 30899 15270 68278 68717 58208 15348 95307 61062 68202 78147 2831 79509 4238 534 91500 88928 80770 725 81062 85915 80683 28651 34055 36657 41619 70645 67299 80981 17253 19690 94433 62454 10423 59216 65209 37092 11254 41502 45894 10687 10388 84774 32025 22572 74353 25605 77210 44937 15266 13588 11306 11884 49180 51440 84309 72544 96120 34787 21892 66615 28527 13830 50420 46541 37595 2648 15229 56302 21820 54229 57607 61754 86585 65707 33334 11140 60666 35824 27871 6137 67176 97171 79567 42687 88520 59519 53722 84815 11502 97644 99528 97746 89102 12725 16644 20589 98250 79098 99959 29342 33347 82995 40822 65527 36793 82066 28023 66562 59451 34866 11995 36125 6540 39219 56974 58155 34691 70149
26889 68934 57508 85749 54963 10649 4092 3213 61916 20127 11187 14261 55325 17105 8861 49906 97847 61120 32427 77938 13927 67029 45718 89098 4763 75531 52507 16920 85995 76160 25160 61345 70689 41321 34823 50939 60119 27186 13071 7156 81689 48844 48893 4304 27796 83006 79053 2228 86039 66270 27252 25208 9466 73873 84584 6230 12877 28794 23339 26356 52510 59377 43506 21926 6350 97657 56320 48729 63798 91606 45371 63900 77334 12147 11835 97583 52504 25078 41516 38160 92224 80520 73600 51266 38491 62271 42374 48236 16924 13402 12836 37739 45480 56666 4291 48538 2233 66318 78477 96389 41056 79623 89338 3284 19576 64430 61737 97555 10728 79341 92384 25770 9764 524 63347 74644 46711 88876 66428 55756 66293 15690 40785 12827 45502 18777 85042 78358
62389 29539 28955 94072 88624 95182 95400 90610 46588 27305 63784 63443 87296 40938 72837 55899 14570 63178 295 8359 72945 96528 60376 9271 9839 77696 74684 91837 87695 95555 64950 71083 23353 98408 98493 85453 21008 85985 21263 90987 59323 68049 1406 30578 52335 87685 12082 67332 14028 71437 45076 82890 71083 2127 88064 81401 17186 72261 85282 11024 87386 21496 28179 97921 62126 18127 33176 1240 91513 94519 33537 22783 79041 44056 45750 49306 56188 58085 89831 41828 84585 92161 97701 60523 82393 88957 76350 4311 63340 57512 39405 49683 63626 21059 97365 38474 66858 97700 85849 62575 24848 13159 85340 44111 47887 50320 57650 27035 32662 98893 52987 84000 67169 71208 89984 26671 75970 12755 69375 45984 6356 59126 41422 48743 4437 20071 51069 12087
74333 35719 89954 50337 69985 60002 59045 73570 80181 59136 58783 4505 44856 22261 56873 36231 69467 64551 57798 21308 97534 29203 13158 44639 67123 29916 98711 64355 88071 19313 63549 99575 86740 24992 37401 30401 74986 56442 25806 52224 57217 65801 94615 46067 83371 15462 3574 27683 39290 99952 20321 84444 26814 18529 50547 81582 24732 94172 68391 35551 76604 69260 87241 13735 34041 48666 9051 22311 87339 53011 36747 77758 52106 60384 85057 79216 86915 50251 95544 2860 28641 95172 7853 28817 38917 42150 17370 93799 27544 62255 822 42500 45184 29982 20443 44891 36601 95463 76251 53590 53622 61508 35611 27641 54527 22213 24881 44677 14995 86141 63989 25596 24824 89898 44708 36773 40036 35875 68467 5028 72872 31614 53877 63155 91188 26690 39533 62845
88163 57437 39696 34617 59140 31763 60090 89242 49785 90820 72678 94043 54596 4564 13545 78889 44789 44624 41735 62214 55638 98509 2734 79948 60989 37722 68438 3445 98404 93914 23088 91728 9483 64349 86137 97160 24522 30779 34348 1148 97522 73037 6840 12529 96296 20442 66977 70764 9186 57972 76002 18861 24097 687 94381 50583 28824 86418 63823 19572 86016 66298 15581 38170 49886 95018 87911 9004 25249 65079 10001 89519 22241 14312 80086 11822 94994 75732 13283 1034 47028 62502 50658 91025 60353 24689 6340 36183 9562 43722 97550 94196 15785 99870 72920 61516 71951 59257 17771 98888 1506 91898 98946 58439 88183 30140 92987 53305 23043 92609 87256 61799 15566 44172 10303 47925 56536 24459 69664 34701 74833 4799 51738 22626 89653 7430 26323 40222
92287 26243 8259 52223 46132 43233 69400 84055 39076 73310 65625 66064 92934 88268 36860 17243 19529 58078 46412 35735 91954 8185 60388 36999 60801 15691 88945 36348 647 23870 85635 21408 85892 44640 49817 40301 60627 34567 12506 62339 60285 19094 14886 53907 31784 59559 72678 69114 60943 60377 49979 43722 70953 12036 23940 71587 20917 64021 18591 49104 55589 55970 16120 34210 79206 76438 6742 27476 1258 92519 71109 57685 2956 23788 38004 90765 20366 35218 16057 95444 43005 89728 28704 20515 49238 1670 738 21067 79752 67834 19872 21155 73644 83137 21573 19817 41204 64199 73860 23795 90015 49091 98734 71316 14633 24339 59224 8459 50549 76160 21672 76665 82518 63491 10547 17835 40763 5201 43612 66115 25258 31975 39629 64429 66111 46632 50608 56193
82244 32539 49629 71252 55324 51999 77251 92352 91071 69526 99121 50089 42710 60012 15406 55107 42423 90550 48541 97193 7299 55391 44575 17523 92361 82108 55323 56962 59735 19714 14879 99369 24027 36729 87031 53679 21273 48162 88697 33856 67832 69183 48821 99284 91040 23698 94833 50644 89296 22123 87511 60378 28816 42215 35678 84790 3432 65058 38385 75503 19387 48853 87724 6364 38011 71894 61301 5392 76625 49463 5096 900 9479 29311 8455 79157 93029 63810 25296 25877 69381 17115 60882 44166 23679 22184 8165 2053 24271 30406 58240 12210 31830 69060 63960 63601 66311 72678 85564 14996 80580 17201 12320 68999 8939 42893 25850 26617 76195 74873 50040 40449 77252 52899 71040 92387 86925 69616 91932 61881 37094 23808 87923 79385 1583 51168 24441 23596
58372 42340 1661 4330 51247 93643 74872 6945 26527 97971 93107 66229 35567 90159 50112 27149 2215 6731 59861 25558 27569 70001 18342 32761 94822 80555 14752 58653 56993 25092 48210 49924 65074 97800 50034 48278 96140 60217 1627 74288 72342 75320 23554 86156 95776 4448 95743 90122 95409 25640 23136 16575 36629 31008 47740 86175 58619 25158 80263 44754 96822 27100 62034 32899 19332 41856 55865 25085 95624 17085 5713 92630 12256 36467 93086 94005 76995 93361 26143 75506 57535 59408 86555 40854 38097 69085 66634 48594 55700 29425 92298 54262 81225 91571 96129 55586 7186 89245 96927 22837 63685 40217 27089 14196 26265 93040 24414 74748 99933 35383 27541 27532 99737 458 92427 27466 81484 76365 80661 16309 94207 57639 2087 65745 96178 44248 97433 63355
92054 11828 67772 60028 48974 49697 91685 50968 42821 38580 90695 30127 84462 75348 89672 39253 21835 39459 89731 49634 99112 30161 29291 85727 18126 63706 55876 80768 82719 16088 26306 84788 82026 14933 39342 72556 30431 72959 45648 98060 55074 21533 51228 30585 74646 97092 75241 65398 5014 34671 33313 88574 76093 37568 18102 87147 35080 67721 8190 2054 67635 98997 68786 59549 32791 80910 38485 85715 68706 74812 88255 89769 79687 5386 11005 99661 56360 69034 25905 87985 87247 18318 39801 59725 59272 24026 8911 90583 58070 36618 14962 94183 26550 95631 77258 57630 62812 4736 19110 11273 51989 10531 48713 6015 11255 73787 19728 78260 58613 50483 24307 44135 89873 52820 84610 55249 23419 95039 14010 82182 64573 39457 64692 9483 62156 89979 24003 35368
8152 16321 73371 32622 58999 37959 57474 90315 81280 84264 66586 71522 68525 39697 15249 42499 19894 23992 56619 37747 49093 48416 6042 12383 15029 51046 43645 66125 68134 67076 26979 47515 24732 91054 20213 17787 66907 44108 50760 5824 7607 18089 95083 52703 79844 19892 82113 91838 41880 91051 44138 90818 14603 64063 55302 3356 14889 17983 97076 82726 54286 94761 21180 88762 14106 25376 62191 18133 20011 38648 88735 48659 52444 49100 89199 96800 75908 24023 71767 4454 89352 49858 23912 50604 95758 40685 31011 81595 81341 91986 94912 76109 46332 17799 71771 74473 24416 8812 26046 97556 13586 84152 22349 97420 16840 12990 94313 37 59454 5508 52015 57310 15730 59242 9015 90090 59413 31914 43045 69507 53750 61607 33522 71445 83777 8165 49789 1124
6868 28524 39690 70363 37097 24202 52458 12399 86416 86307 49627 69145 7588 90466 50954 74934 73878 46740 86688 7174 16743 85257 9468 39486 1114 80906 63727 42990 22434 40087 62210 56996 55538 81747 36244 29814 33021 4869 16737 4744 20052 55348 14262 58600 67387 23308 60653 74727 33160 94172 39138 38862 6632 12547 48537 76910 33256 51247 47251 42920 70134 32691 8094 96712 86705 94537 62747 16757 44601 95487 67143 55880 41859 88383 44637 56535 94165 572 70626 61767 2036 40234 39967 81255 52680 67961 75958 67107 41471 14006 48175 18630 60113 48701 7850 55908 77678 47948 87886 51115 53504 7849 35467 100 5605 42909 96901 84786 45051 91577 954 13788 53473 93879 11335 75632 85715 14139 30536 81225 55861 58031 46473 56368 59282 42456 61683 3767
98977 62762 76602 77584 45846 63921 9642 36597 91761 89579 90715 93783 69270 41088 33646 78700 48529 81101 26488 59463 51550 49081 94799 71004 50899 61773 87499 3032 73821 28440 41016 93368 27920 30259 9068 53348 18426 71437 89620 7089 72802 33655 11597 9822 30264 62609 99094 22679 92321 68341 51840 61752 66399 58429 66587 2417 97820 61473 16547 19700 85305 96797 61459 7469 66879 19779 44229 24498 95111 15597 28685 23109 43034 90993 68567 86051 34083 28704 45572 63708 7381 21078 6262 70117 32336 14827 61781 83520 70302 90570 13735 41142 44896 62640 89510 13075 42198 27289 4148 21041 71139 66098 72130 79585 23332 37812 92950 50532 65424 51324 44621 33289 12880 53938 72646 8242 63072 18475 66691 36792 35533 15947 46502 62609 11391 34016 78326 4801
95261 15072 95911 66197 80309 13202 53526 5553 8123 16371 98231 42082 88802 69861 86458 91073 94312 45176 19983 99159 85946 64669 95651 25342 38191 43104 34788 53534 71954 53616 11533 88207 25161 98644 76799 27866 91425 47722 42956 61840 99996 44692 46906 58421 92724 79377 89632 34375 44412 69382 89115 2332 81857 5713 45350 29670 19842 7564 82627 61795 86026 8092 64921 85257 6100 42984 50809 91775 76200 49125 30946 1462 68316 84768 73186 97125 42159 26206 92453 67264 13456 67371 25795 19569 79295 26817 50165 58147 42976 38272 1677 43098 78768 41986 79952 54983 16945 88849 34558 63639 66152 33442 54435 10865 39191 36947 32801 95064 6851 53920 60960 96570 83008 47718 91935 6619 83779 33730 30503 71073 35767 94559 70885 95515 47782 45854 48079 37439
74181 91119 65871 33912 90786 94428 95431 58362 98696 67026 89907 33084 29602 74611 57496 77953 1807 31629 90782 98291 68635 99837 55083 90338 37356 30439 84021 84752 73490 38210 80907 49815 76847 6427 72921 17187 10231 19532 46444 583 71378 48451 94408 7465 2132 6001 9943 6590 96515 4878 3039 62089 29318 93705 43793 16568 57916 70494 8398 9314 90028 64940 32475 73001 85823 75035 43837 27945 51368 19957 79669 42764 42603 68968 31068 34914 55614 16444 43868 34721 38808 95043 70933 38046 20591 7530 10328 75270 90380 37336 74446 73179 49976 37253 94349 49776 24782 56773 86944 37183 60136 97113 7999 1913 90930 76867 22114 5658 40844 91755 8174 25035 54611 5732 62375 21238 29370 77819 58541 99819 55387 50233 18060 98989 55945 38195 9409 41457
82901 26397 68329 65299 95492 55961 74953 9154 127 14053 88096 49025 50794 77417 34826 91380 4663 65758 80395 47781 36451 37834 98012 72946 19096 68007 61982 20096 94169 51942 63794 16490 91262 97644 76725 38544 98999 48564 68393 71912 80912 45407 90310 82092 93948 30994 28430 6852 14980 91174 9453 77988 95836 99100 78352 76841 39224 76288 14863 38453 63842 23899 67791 48788 62969 18796 27457 8975 73365 98107 40083 76401 46705 92063 24460 31273 86263 83397 56174 64139 6068 18984 74879 69489 81783 50915 41766 45169 97305 90152 93649 46391 88810 22857 60215 9401 28732 20829 36574 99512 47925 34818 36288 37755 46007 57335 8145 89309 77647 99079 16992 1748 86443 2537 5781 28528 69078 13163 27042 35256 99755 6932 14032 42464 515 52748 44417 24057
42226 18226 96641 5772 3211 12453 86575 76986 11654 63815 87872 18379 41521 80150 68691 81372 12824 68117 96342 42794 38179 27790 86086 49305 74768 86826 48291 79308 90092 77070 57084 68755 71083 65145 74681 78969 10053 5749 2366 49429 91211 7168 63115 87583 23225 59802 26932 40947 895 74 14752 83644 79226 56689 25829 23531 4756 46548 36181 97004 25021 30349 93017 14525 28393 70939 61782 74373 90243 69793 63283 75657 68774 18287 12642 88803 99311 63747 26315 67857 71483 75336 49267 57500 62321 35786 86670 74645 25030 91344 87230 21581 7892 73258 73548 64631 39609 49229 47921 58167 53805 4874 89384 20608 30105 75907 88140 98727 9294 67740 67291 84766 18818 74692 6547 29371 84784 33426 99721 4871 70467 66221 29923 42086 83598 69782 23977 48282
57327 16432 24439 67600 84080 13709 9494 75974 29412 68358 27305 5393 48028 68443 64561 78800 86313 43996 93191 42055 9696 88949 92141 55719 79637 72291 32455 7761 51278 73657 73677 10001 30715 72920 46316 9203 27112 38075 98001 22900 36553 21067 37160 65988 20570 37652 55000 61793 44530 88175 97590 36189 55795 13902 15437 64222 65292 37944 27184 95707 60371 52033 92617 60706 71898 56532 29848 27270 31680 46103 40100 18020 53876 54075 27262 58041 32866 76860 87885 38909 21312 15068 49844 42337 38525 83693 17422 13569 38775 76548 83310 94561 95102 4471 75858 23374 30462 44299 6001 24080 20199 29516 5278 7395 571 58164 65911 36692 47414 92049 92385 98009 73556 26311 9040 31774 97385 34589 63276 1540 77963 48173 76748 35414 55358 59071 34689 15438
98791 11710 23741 45854 23040 26725 39463 61976 9496 1686 21909 38466 1727 15470 64699 4569 26842 80881 25407 76139 85728 23497 32676 92963 60494 43835 33297 35505 47672 63285 28807 53744 78938 26270 66910 88181 5236 40037 68121 99825 1863 49228 66947 87172 72034 14494 59729 40038 52384 3904 68248 31228 2756 6212 24142 92063 44482 67478 7397 7605 91559 17436 52283 50794 56447 55115 82664 25254 742 71797 10418 21540 75525 65530 39135 98324 75461 61908 11193 84606 34609 1078 14138 59044 89535 28060 24387 31195 19476 35941 5297 93517 63708 30336 30281 41127 32729 23734 48411 5667 95749 23683 29383 54857 89542 407 19259 67483 3995 22689 13265 45345 47509 55893 22291 97753 25767 41403 90562 24968 96548 29819 63044 9718 438 50874 24603 85953
41999 81656 1390 12291 78233 18379 34443 55557 44915 72837 5178 50547 49657 54614 93141 82225 67265 10609 41040 17771 34214 60658 3467 58 52034 85159 68323 82400 93595 12340 32455 10680 12454 30264 96022 3602 99894 46723 15315 77624 59009 79207 86507 46856 31692 26036 35281 52257 84928 76321 77237 45869 79760 98003 32500 93470 21717 45689 36453 79348 54544 94495 23262 79272 67638 1834 10512 81014 38591 51904 59965 97225 57223 11561 18185 24677 39784 84355 90019 43742 8822 37051 83805 41226 64851 69226 61817 31284 98140 14257 23438 15140 140 49924 47335 92074 39663 52019 85161 14429 33420 95773 58821 56078 62682 66766 30907 31821 56625 4094 22554 95912 24697 62426 11566 51079 93091 19049 44104 31031 48700 90139 45904 1288 49990 54603 63541 91437
67959 78003 2211 63735 90812 65941 4840 43259 13563 15450 33004 92610 16081 35872 10605 97296 92198 96894 91374 23163 23354 17525 49522 53835 86719 10933 5426 99956 11635 21545 82675 40874 24102 8162 69384 92271 76142 58068 52489 18925 15314 84109 71600 48980 23641 76387 74272 47759 35258 14976 82574 45032 40563 3561 99028 22514 65767 48148 63099 42794 19579 1136 50365 35103 54258 91455 78027 3267 90563 6047 34299 66377 68787 31922 63277 98031 7787 32806 31465 77138 96679 48626 53319 99519 9288 25994 84721 34148 15541 37404 16887 19088 92345 29429 38784 11104 62879 14590 41429 51708 68553 52408 18900 71872 57892 61752 21707 39346 98632 95379 80719 14620 9382 20363 5202 22683 34108 81043 46256 18557 86615 59027 74270 89940 7634 13408 48944 82056
16198 44419 31510 96535 11820 23241 8883 45511 39097 73534 14346 64149 44670 91891 4352 38739 11774 41203 71674 32317 56781 72079 56353 73483 95407 80654 27383 83049 62487 97089 2847 28770 84087 99155 64022 89369 30050 2504 14345 5960 22807 13910 85379 28378 54150 60802 62569 91042 33568 98112 19440 87452 68327 83677 1287 46742 99663 5271 48967 91173 88800 77306 43018 35304 80320 44158 2136 14291 12697 5453 23179 38431 12686 76849 2642 72456 69951 33162 40701 13269 15390 38031 98477 83408 2443 5886 85145 28748 36402 54093 74452 33073 2062 95481 24369 10784 89386 2292 55450 72113 63113 13893 60522 52147 89317 25956 47390 72025 75198 37224 596 2207 37688 91851 3439 79456 53262 36787 11527 5897 8476 69223 83196 89038 55465 97865 45611 92524
43731 18717 59711 11901 2837 49633 37742 45732 59994 42727 42525 57844 72939 11215 53671 78178 45366 38861 66081 26946 52902 18199 28279 36123 45092 90982 50756 31495 52174 88025 10585 4735 84984 46906 23739 22662 31414 73632 62404 21002 13672 66647 93503 61994 17899 70334 12507 29878 46043 41234 37721 80058 44314 21523 71671 82647 90655 24529 96175 66621 67933 14307 19672 30988 91120 51566 93259 52778 80384 12828 60125 88278 80515 70036 14650 72849 41137 22531 53883 6311 33476 12087 36995 28661 57398 72733 28951 90290 27452 42440 93816 69252 75159 15628 40450 52056 1972 58169 36012 14748 17732 66466 74996 60122 98096 41777 5523 60520 70370 42729 86347 5099 54285 24730 57311 18212 210 12320 92221 35377 27616 38904 66649 113 70289 2096 72947 86338
28038 68190 7982 72373 19460 93858 23384 34056 16349 60722 51318 75891 48393 91923 61508 70066 7528 62398 33694 6714 51932 54112 71848 47212 4967 14415 83797 92266 16939 62905 41348 40098 76494 19288 43382 17284 13862 39102 77737 96440 94277 944 15791 94217 98710 9980 67330 97339 32847 79561 32142 44456 79860 18563 66760 25140 11279 97597 82945 84133 2347 99186 61283 95806 61485 11326 4849 2067 56407 71730 93744 58023 76330 71477 13777 8908 4590 35017 65105 68362 64120 69321 71191 12772 40096 14290 96388 35252 27828 25494 19320 90508 45872 84704 32970 96681 38198 70800 50194 17376 35203 73382 42653 14434 37817 69983 28453 43473 85176 22380 65106 48045 73319 46435 74963 43262 27160 82272 95182 87452 28734 90809 24720 98706 26010 96364 7738 34227
14944 55961 36071 52975 5571 6434 3616 25919 44565 77767 49107 64653 53753 56133 86420 49872 52987 25532 70840 96404 99190 3389 84806 29907 7938 63862 45368 60040 41859 27144 39452 75192 24610 69499 97062 65515 59461 13800 5127 59932 27699 22773 53948 84455 15235 1598 28624 87755 92461 80200 27919 73338 19822 81321 81686 84358 1666 48696 64135 4479 5923 13060 38318 63721 80936 29835 5322 84953 68561 78096 18839 63067 34872 45379 30967 63528 42068 1763 58430 11548 1062 78821 3924 84150 54082 63024 91350 5799 40455 2475 85046 3083 97655 16024 53141 76524 23888 73835 24538 28771 74524 86175 60320 15404 55875 63252 19565 3521 68294 85052 2953 27520 70683 3230 24322 74930 52355 28203 84082 37664 50373 44264 84512 9462 24345 65983 3090 79207
86905 54868 89629 38548 59942 70736 23176 48338 88194 96274 87720 75573 55453 4895 36040 38813 74492 3237 16977 5039 65358 44213 84135 62487 58374 79256 53782 77495 65264 48751 46387 56828 33950 35244 60726 21117 86577 81528 65359 19812 58286 78674 92365 33788 28187 2602 31099 96128 74662 42541 38682 45223 50629 22767 67096 38259 67967 66618 48570 82208 32823 50239 31446 93297 88397 52046 83617 59410 30458 51100 17085 19187 19639 40630 10592 3470 15151 50017 56184 90682 48099 93598 50225 78736 32925 43322 99514 56740 64441 39571 15132 23744 20732 74201 74818 45421 72099 88397 21941 49390 20476 24879 58728 13246 81740 28309 94138 24728 8230 780 39437 44092 19456 62347 70114 41242 846 46704 53928 30409 94788 86600 21817 18591 29505 83578 7530 48440
92457 14524 51452 66785 85732 51957 96381 67794 68455 1191 95160 22114 21453 52640 41538 91545 36980 85760 77077 6466 78506 34514 97137 60535 907 52769 62519 71666 96080 6007 11055 41817 37938 67158 22010 94408 27853 72408 50477 55141 1794 87428 41147 15498 90754 13098 55905 39218 21054 16078 51349 31401 14427 90012 62707 80239 94998 5309 60916 84446 2537 11896 26976 61956 68235 33701 81034 68875 19439 61835 71358 71363 42303 67681 6120 14256 13658 16377 73096 71091 91945 12684 32832 33788 74221 90728 28049 84552 29674 3587 48237 81179 30621 73219 61079 8427 66657 39575 30066 11228 68312 31472 92878 20417 99530 18360 52927 83558 88134 98441 61070 91223 55850 17718 70545 46 31425 84128 26762 92605 65701 95939 41340 90227 81569 65417 75993 74664
5553 76471 87558 59990 51298 86544 84337 6024 40823 67773 545 52460 37827 75399 68027 86548 97142 28716 2817 66821 61879 37505 69156 31036 33893 24283 94636 94220 50542 53889 54498 66787 37170 93583 39944 83064 63988 72934 76145 97163 43537 38849 85156 41524 70101 9052 69722 55079 6577 35907 44063 88565 65314 71040 4442 49398 13384 75422 23689 66250 21749 25707 16251 85452 71459 46945 13466 371 11253 5802 96739 25641 98302 41136 92395 35603 54264 42430 93542 20713 35418 21379 34360 82850 13875 64423 7998 30602 24975 75530 97519 91834 96954 55092 8014 3261 24711 33332 97352 29590 2646 52525 59620 45999 33533 7902 31170 6622 10871 38823 6348 67183 71154 12238 3711 38143 61080 26122 11334 75451 52053 24005 61433 51154 87200 12915 98322 22581
84438 49680 35800 93840 48962 23999 61501 5409 31301 25648 16371 9133 80890 12420 47969 24856 49902 93959 69222 79784 76561 89234 43353 75295 2075 64297 78770 45753 64382 33951 65495 83051 97077 46484 17121 7340 69693 75059 56301 74328 99857 41782 31879 57343 93277 85403 48025 42170 85588 9649 75114 71416 34773 64521 64098 78463 65206 84273 996 76000 93397 11605 88869 5040 99811 6251 57256 7963 58875 58516 816 4769 29245 73321 13723 47261 2747 25047 60104 53799 15135 87698 15640 18258 63911 65817 33581 25145 97077 80019 84793 38261 92398 30889 24539 17851 60834 60629 60868 24827 16339 85924 3546 51499 19321 79870 83980 15786 12524 80698 21334 99037 59177 17325 18190 83010 72713 79711 50033 10820 97994 99426 45493 53073 98545 39091 69197 32074
35939 53056 12148 14451 44380 10812 15499 63738 61812 25878 54101 67800 7759 5261 81390 13358 22716 21452 386 62505 91612 50179 30121 73608 59052 28086 31816 61856 40446 87223 85929 16145 80991 11933 47449 42091 82892 67437 32598 24524 26207 75136 56331 81234 3550 25454 26905 34005 7431 73994 73801 74807 89517 75589 63460 49478 36354 773 87257 1737 68135 58289 44278 93484 41054 16410 64586 82045 23817 33627 84819 63764 79459 8334 13151 81074 72442 10045 94853 51085 22747 72473 53612 16757 66361 28435 75684 66367 4189 42329 81385 61732 76757 64417 18169 24897 52676 11432 75717 76735 15270 39500 55535 97249 32897 48544 96091 83118 24669 29161 11513 32576 38710 77735 14407 14401 2441 86 79302 59298 46338 88700 54962 39997 84857 2956 59489 10477
67046 76694 83076 63809 41823 54872 44293 94337 71393 9150 98297 14918 21795 83224 34537 55603 94183 86198 93498 79635 32037 40745 23619 61187 79572 81633 97546 77311 55192 59132 60833 78203 34828 72434 31039 92498 33657 62074 52059 30562 62296 39664 47746 32436 22513 94146 74079 95670 47848 59536 14666 86854 27857 1087 54157 49466 11213 5264 59393 83350 91167 21784 26528 19500 10858 44592 76604 22807 47318 55693 58248 92884 49965 63024 24183 60376 54368 31171 60657 2725 59036 66607 34421 22704 64498 10012 94490 65525 57536 89150 15559 50577 76123 71448 98868 18405 81559 47308 27983 33456 46711 30962 42677 70011 13172 60233 67558 68234 33018 98107 10918 31045 61101 76019 2726 56700 73380 49842 28963 17924 94493 63277 18778 73331 40265 90319 56681 98116
84847 25416 63283 52329 9253 85887 6439 90266 64494 97752 7409 39494 88470 50866 79404 40035 30329 48094 81950 13307 24884 12241 88709 21034 3699 51727 900 99597 85521 77179 19494 27294 89781 45199 15373 38324 34778 5763 59052 92817 51913 45618 61234 63274 34744 38064 56505 8694 59967 13036 77542 76801 22022 63275 69906 36813 48078 89434 69355 69243 96143 74431 37497 92770 68102 81328 38640 55886 1569 76643 7446 79485 74415 46050 21603 20930 87714 19848 11498 79977 12380 85577 41887 98289 75588 78416 58733 71169 21526 14906 92333 35921 63452 34994 89453 40702 15027 89070 53365 36387 17396 80883 32668 88232 10532 34048 53249 96924 90454 95258 61493 73502 97726 92841 31215 98318 73652 16697 49555 2385 38810 57634 63877 43245 19095 22343 76812 96789
97499 44070 72685 72795 6859 51391 50571 54389 98659 69249 77285 97424 52827 64280 57316 49653 41601 28756 28524 19817 73065 82730 5424 69225 61745 52559 15629 94155 4995 76248 79181 26375 16408 73314 48780 60133 41228 7499 97082 87380 71941 67291 90881 73310 73956 78336 18329 68219 46507 70375 83820 52963 75917 94424 44749 60908 17082 62941 23028 58916 41003 6189 21098 85546 87566 36802 19407 17937 93135 99765 9528 60578 13732 40296 18454 67289 11604 46061 89382 1266 62641 38648 54587 24172 50905 91105 51794 65198 44795 40346 21756 83622 6482 56511 26148 59137 37180 13795 69950 7765 73120 88396 7801 1765 65083 53161 66245 68267 48270 62001 40180 97473 63031 5845 88770 13351 63191 93298 44417 66250 26374 98481 41313 36326 70917 58590 99862 24331
37966 78458 82982 2166 78371 74783 95522 27763 405 89267 44851 52623 79604 21511 94864 43198 17996 23564 6189 40036 9403 54940 74668 2078 65728 88150 33718 9579 74791 8850 97389 76032 26169 10757 78554 39362 76379 2352 11441 10537 13149 66191 87931 74631 78090 54462 67234 74880 67268 35468 41560 4729 12921 17870 658 39732 69768 4669 38908 75224 11173 75000 39121 86910 88431 38458 50226 70479 25018 25724 94104 70687 17973 72755 7837 74974 37159 69189 276 43635 90470 26391 18126 67218 77431 35785 68310 71086 89778 31900 96221 28996 27476 55725 40929 54792 42766 9052 84100 98525 29260 38016 91989 82060 84874 9227 50435 29697 31721 42042 8482 74355 67372 55108 19992 79085 12546 27072 55664 95088 74445 83840 60586 50880 73304 98776 28985 97836
47760 66938 16932 23259 8129 77663 80434 32522 8236 16302 90589 1830 24930 17405 50442 73802 79691 92886 39555 90955 84236 86671 33804 49927 41956 70383 68618 50714 87156 25488 24479 96001 89502 66148 12797 48899 27964 79541 9439 24167 62155 32331 35754 16989 71231 36602 71644 93836 20666 96348 82948 71436 77453 93364 65969 52130 37629 46036 72681 51009 7780 3092 87660 13379 90951 61745 69019 72965 92729 78223 42740 51539 22740 52220 36376 75322 95227 22042 26983 8508 47114 65358 45576 77675 37315 79930 74154 43125 59006 80446 33202 40145 2170 56858 5721 95227 35908 45429 90031 36755 56999 52611 62246 37763 96682 1415 93841 48267 52531 28460 34675 98429 59283 35986 6922 25836 75052 46613 64581 87646 98903 86948 32070 7871 81474 50051 88143 35588
42440 83291 69188 67551 61814 55040 99167 49023 66309 2751 88847 44927 24190 92527 49942 27951 89121 25473 18326 67400 30457 81624 15571 46556 48312 67153 46955 94117 83834 29137 95099 82735 33153 73294 61769 65323 79190 98132 37944 80400 59623 44879 63498 96839 9579 15571 70539 81819 88089 82412 75797 80088 6801 92806 95387 47679 51170 51202 12976 24385 6459 54885 54899 93453 35766 69480 52629 47442 62229 88024 54136 9995 76251 94682 80369 69446 6619 37071 5145 33813 36065 8413 48530 46579 41929 22512 78204 38430 70832 90789 75225 12691 74851 74510 50867 34903 74654 13113 3328 64429 78876 36317 75026 93747 24851 17284 74677 42167 93247 8289 30460 59886 30379 49718 50833 20651 737 2583 85926 40112 39637 29854 85397 85632 54905 82779 16454 2714
14438 53167 21499 17743 66574 90435 92684 89017 25244 6485 32698 3111 42553 98563 32180 3034 44224 2038 92766 38869 49516 23131 10903 3809 94415 54016 57973 8896 83745 6540 81747 47173 37131 79774 22852 61745 51564 66862 76308 29001 33398 86162 71887 93188 1241 51720 78886 17959 8854 42331 65187 98778 11270 21002 72819 1492 67721 91919 3767 70492 76526 98262 78344 64207 5161 13519 14894 74146 29418 46126 88406 94535 37188 42 69068 3470 2205 76917 60313 45649 29240 33130 14411 13179 83279 70539 12509 28629 11398 41692 53300 19167 66986 74318 30278 10534 59048 26099 32312 83913 77358 3857 76386 92090 31898 91197 80659 3336 13632 53755 76288 88908 14154 96124 78087 12531 77993 68486 26029 58037 86390 36609 87172 24350 63713 64311 33667 57052
99635 64046 76797 86074 84022 59122 59901 94255 77679 15594 31830 44797 18101 46548 45951 31597 43310 20937 98753 68852 26623 27980 97768 3496 57725 68827 33418 8751 95257 2271 49478 79961 92278 666 84938 24427 4246 17294 48348 34657 67694 42146 19238 96162 31212 42299 76671 16601 50314 54426 73080 57825 81609 80399 11514 84185 72830 42980 1795 9544 25129 39848 76258 17867 72539 76384 67691 69538 89849 54624 90719 55406 76333 66094 84692 95413 77791 85897 34334 44698 4151 44102 10213 25188 39050 14507 10231 29622 8712 72037 96198 76988 18903 53438 37664 17865 18906 28070 36474 86253 62297 76504 93751 49859 54220 53260 8463 30915 13350 53806 87735 98805 11099 49612 21520 76964 96298 39128 75346 17166 58127 92225 87754 3761 6110 23907 55594 74246
26249 79458 31796 63780 94332 67452 69012 21435 86461 12042 657 11133 42486 60534 65816 80550 64770 69839 72948 79354 41863 56129 35607 35879 70632 25181 72882 95807 13670 89006 3094 66967 93295 4766 37970 26815 30789 98634 95393 11165 20444 36790 54928 40073 81273 70077 42592 58346 67061 67747 5555 26512 85458 92559 24992 80324 2180 55921 24917 58894 6966 65807 6408 10408 38849 58400 56916 51492 96938 22148 3599 84019 50607 50764 38526 27833 91327 11474 86089 88814 5608 12351 2008 51152 33946 62087 78861 93058 21603 79687 68472 47939 25272 69296 57358 3013 52462 54308 75238 44548 61812 91017 15399 3653 34625 59021 94053 62832 48471 45134 14733 61260 24015 16320 80020 3214 28807 37429 31410 83143 15449 81017 67736 53041 32510 12722 51291 78603
87388 84727 91361 26065 8634 95658 5506 78496 35397 24590 25152 36524 3198 52682 47890 68624 13913 45199 42007 9997 71715 83776 87336 75575 53915 70643 51302 75887 78203 62353 12909 82272 89386 66918 59377 22209 4769 45564 13018 87028 33459 55957 10962 2980 85688 27290 36857 5388 14501 82650 44738 91238 87850 8089 57513 61346 1868 49689 68714 85315 18497 83539 89471 69888 55177 73451 12238 15683 33396 34163 666 24196 15481 84672 84807 59108 92034 76648 14642 29069 36726 26868 26810 25103 83067 31465 7332 66403 93857 24583 39975 85548 23956 405 1797 67882 70404 61375 79802 83186 12537 14622 32147 89516 64002 25001 2856 10484 35885 14116 45681 91254 57564 84169 13611 6098 57497 26463 16306 16790 55358 68888 38638 5404 45590 54274 90400 9088
60269 92647 79551 89170 47390 83362 78948 27502 8653 73349 73427 36153 26753 12124 49090 82032 97819 50082 72298 48086 1619 50310 97300 43261 75809 30916 10958 16713 93604 74227 78919 35213 14952 95570 44475 51884 5704 61653 33509 18076 43806 40969 71017 82136 93679 76009 71509 37720 86162 71544 45171 25861 98811 2945 9037 50421 27039 94925 80134 15628 61112 17185 20772 50386 97461 61574 45645 95327 94283 57108 70450 28497 45770 72445 85916 29603 17620 9580 38335 17731 9763 94989 38755 2718 14609 78446 75139 7344 66903 11323 43718 39454 2973 47770 33827 44886 91629 12237 94048 61158 15466 49112 41353 9836 7923 3916 62689 16665 97305 91621 93344 48813 70701 9118 78667 64599 19955 31270 86645 78411 67507 35935 17093 47304 21115 86239 19416 50271
61147 19637 21404 47011 70361 29193 99685 18316 77869 97932 73742 66609 55384 48187 38209 74772 18205 57960 52773 84728 21367 8701 83215 99252 87408 5179 36732 21203 7326 95805 55824 74358 89660 22305 17943 10610 65972 49645 91290 72115 16041 89259 9687 9711 75521 6624 95227 26168 61920 79420 78382 90490 13204 37081 5987 69438 30685 89084 73103 98658 93224 84531 12200 43357 83795 57816 32123 45443 52203 44366 35406 55183 57134 99500 11813 7209 31522 96633 47392 47447 63912 39331 70457 17259 23597 42580 93790 53493 47756 12383 80526 99787 15787 4294 46153 1729 37870 43307 24913 86561 45968 45980 29548 80004 83705 54385 92005 23696 27087 158 53669 19928 11170 37062 77267 70044 47786 90263 46238 16439 38008 3006 33009 4479 71867 61543 15016 463
12651 65975 61577 43638 27875 19465 75884 20304 86883 63640 48762 97552 99152 23215 3536 64162 47099 39997 88870 72209 70854 91723 153 99795 596 20698 78050 97695 97163 82347 55587 64765 92932 82597 1177 66226 94215 29557 19705 40010 87066 66987 89025 80027 4984 60136 18221 25647 39745 17067 88481 33910 32447 22115 35629 23733 74598 68084 6249 79646 87559 54085 71271 57980 62175 97537 10719 39213 49706 86274 53895 10798 11184 16684 62858 83635 26541 63520 52866 54431 86632 65504 86214 72437 92225 98857 53003 49986 76336 41124 63332 83889 13741 99883 41289 54671 85301 98047 48057 79246 51883 66901 91664 42958 36081 77663 81911 90632 59746 17783 75457 66731 98287 71551 36385 99369 22741 76108 7257 56311 59194 10609 36390 9798 50024 1519 81650 57795
33750 32181 99313 6080 6524 22005 76449 12305 63615 29592 96343 71306 30442 68869 11865 26742 24316 96149 91688 70794 25388 31826 35667 4584 54182 6475 72592 19728 46626 12670 28313 59461 29146 54431 44142 5595 24146 75388 28072 36796 84217 17332 63623 1290 82935 973 6096 70414 31512 86706 40932 63146 68098 57852 66314 87079 11690 11177 82414 4410 3911 50503 75572 84644 18427 35550 38112 90462 43515 57585 36885 54349 72155 28399 64288 71181 92700 8207 50003 14822 10001 98846 5260 41748 90122 62228 15086 8204 65794 80114 74247 49942 39101 10237 23559 95005 52078 15291 70694 31647 11851 44745 60568 22550 40571 98783 77502 46805 65277 27880 43829 7009 89856 39951 8123 26076 70526 28603 33097 70557 86775 90664 99983 9967 18153 60281 42746 50884
188 53652 71017 34786 43948 12167 28770 30480 50839 45762 62959 74526 68305 89961 21595 18846 51623 87536 10767 40454 11528 45719 74161 98841 24061 72118 23595 43262 96223 39363 38112 33558 92029 3350 43309 46500 38935 9045 53427 90453 889 7209 26099 71819 73552 78615 4673 34786 38963 97994 60922 14190 11148 50076 27628 50075 17285 8535 69553 35488 986 95235 88060 3411 17625 96143 79234 50522 48570 10730 64547 7110 27705 88962 60408 41351 51469 82337 70742 74273 10453 54778 34388 3153 28810 15640 58007 88519 10588 45861 99037 85234 36927 38053 606 84023 77697 23584 70727 54264 93872 28994 97720 53833 19025 70777 76048 79189 42746 68618 79948 6994 11652 98105 59458 79363 90613 55408 58535 34722 70119 41742 98216 41251 23548 6263 70726 80175
73226 564099 1110752 952084 410077 505198 916331 133312 1237670 139645 341291 712599 1268226 1421694 1233691 120067 850053 637260 348943 647534 977059 58712 306767 1128955 1229467 234060 1452812 608866 1710600 765193 215360 1145077 1273126 50219 757444 461714 1366668 666836 691044 238001 361765 192376 746665 1309909 1252064 398608 83685 95424 199643 383259 580087 813805 45591 1033135 329425 615802 447353 259175 737228 1256526 531299 1516554 1124061 159322 89346 722207 41436 142958 700933 335433 1535744 387625 650207 295254 778427 1251173 328934 810781 1076549 1183214 946636 1023321 1214815 398362 787406 505843 1258656 1028907 1586227 831869 1021408 644708 171144 892786 358732 698688 526087 136646 777037 940840 1489009 309002 1542544 275176 149159 284435 1201121 546082 192739 307705 619402 1598973 771337 1626321 1198352 382327 1597138 934924 441691 214624 138778 503360 1062072 774998 1340232 320474 944440 1066457
