64
0 1 1 0 1 1 0 1 1 1 1 0 1 1 1 1 1 1 0 1 0 1 1 1 1 1 1 1 1 1 1 1 1 1 1 1 1 1 1 1 1 1 1 1 1 1 1 1 1 1 0 1 1 0 1 1 1 1 1 1 1 1 1 1
1 0 1 1 1 1 1 1 1 1 1 1 1 1 1 1 1 1 1 1 1 1 1 1 1 1 1 1 1 1 1 1 1 1 1 1 1 1 1 1 1 1 1 1 1 1 1 1 1 1 1 1 1 1 1 1 0 1 1 1 1 1 1 1
1 1 0 1 1 1 1 1 1 1 1 0 1 1 1 1 1 1 1 1 1 1 1 1 1 1 1 1 1 1 1 1 1 1 1 1 1 1 1 1 1 1 1 1 1 1 1 1 1 1 1 1 1 1 1 1 1 1 1 0 1 1 1 1
0 1 1 0 1 1 1 1 1 1 1 1 1 0 1 1 1 1 1 1 1 1 1 1 1 1 1 1 1 1 1 1 1 1 1 1 1 1 1 1 1 1 1 1 1 1 1 1 1 0 1 1 1 0 0 1 1 1 1 1 1 1 1 1
1 1 1 1 0 0 1 1 1 1 1 1 1 1 1 1 1 1 1 1 1 1 1 0 1 0 1 1 1 1 1 1 1 1 1 1 1 1 1 1 1 1 1 1 1 1 1 1 1 1 1 1 1 1 1 1 1 1 1 1 1 0 1 1
1 1 1 1 0 0 1 1 1 1 1 1 1 1 1 1 1 1 1 1 1 1 1 1 1 1 1 1 1 1 1 0 1 1 1 1 1 1 1 1 1 1 1 0 1 1 1 1 1 1 1 1 1 1 1 1 1 1 1 1 1 1 1 1
0 1 1 1 1 1 0 1 1 1 0 1 1 1 1 1 1 1 1 1 1 1 1 1 1 1 1 1 1 1 1 1 1 1 1 1 1 1 1 1 1 1 1 1 1 1 1 1 1 1 1 1 1 1 1 1 1 1 1 1 1 1 1 1
1 1 1 1 1 1 1 0 1 1 1 1 1 1 1 0 1 1 1 0 1 1 1 1 1 1 1 1 1 1 1 1 1 1 1 1 1 1 1 1 1 1 1 1 1 1 1 0 1 1 1 0 1 1 1 1 1 1 0 1 1 1 1 1
1 1 1 1 1 1 1 1 0 1 1 1 1 1 1 1 1 1 1 1 1 1 1 1 1 1 1 1 1 1 1 1 1 1 1 0 1 1 1 1 1 1 1 0 1 1 1 1 1 1 1 1 1 1 1 1 1 1 1 1 1 1 1 1
1 1 1 1 1 1 1 1 1 0 0 1 1 1 1 1 1 1 0 0 1 1 1 1 1 0 1 1 1 1 1 1 1 1 1 1 1 1 1 1 1 1 1 1 1 1 1 1 1 1 1 1 1 1 1 1 1 1 1 1 0 1 1 1
1 1 1 1 1 1 0 1 1 0 0 1 1 1 1 1 1 1 1 1 1 1 1 1 1 1 1 1 0 1 1 1 1 1 1 1 1 1 1 1 1 1 1 1 1 1 0 1 1 1 1 1 1 1 1 1 1 1 1 1 1 1 1 1
0 1 0 1 1 1 1 1 1 1 1 0 1 1 1 1 1 1 1 1 0 0 1 1 1 1 1 1 0 1 1 1 1 1 1 1 1 1 1 1 1 1 1 1 1 1 1 1 1 1 1 1 1 1 1 1 1 1 1 1 1 1 1 1
1 1 1 1 1 1 1 1 1 1 1 1 0 1 1 1 1 1 0 1 1 1 1 1 1 1 1 1 1 1 1 1 1 0 1 1 1 1 1 1 1 1 1 1 1 1 1 1 1 1 1 1 1 1 1 1 1 1 1 1 1 1 1 1
1 1 1 0 1 1 1 1 1 1 1 1 1 0 1 1 1 1 1 1 1 1 1 1 1 1 0 1 1 1 1 1 1 1 1 1 1 1 0 1 1 1 1 1 1 1 1 1 1 1 1 1 1 0 1 1 1 1 1 1 1 1 1 1
1 1 1 1 1 1 1 1 1 1 1 1 1 1 0 1 0 1 1 1 1 1 1 1 1 0 1 1 0 1 0 1 1 1 1 1 1 1 1 1 1 1 1 1 1 1 1 1 1 1 1 1 1 1 0 1 1 1 1 1 1 1 0 1
1 1 1 1 1 1 1 0 1 1 1 1 1 1 1 0 1 1 1 1 1 1 1 1 1 1 1 1 1 1 1 1 1 1 1 1 1 1 1 1 1 1 1 1 1 1 1 1 1 1 1 1 1 1 1 1 1 1 1 1 1 1 1 1
1 1 1 1 1 1 1 1 1 1 1 1 1 1 0 1 0 1 1 1 1 0 1 1 1 1 1 1 1 1 1 1 1 1 1 1 1 1 1 1 1 1 1 1 1 0 1 1 1 1 1 0 1 1 1 1 1 1 0 1 1 0 1 1
1 1 1 1 1 1 1 1 1 1 1 1 1 1 1 1 1 0 1 0 1 1 1 1 0 1 1 1 1 1 1 1 1 1 1 1 1 1 1 0 1 0 1 1 1 1 1 1 1 1 1 1 1 1 1 0 1 1 1 1 1 1 1 0
0 1 1 1 1 1 1 1 1 0 1 1 0 1 1 1 1 1 0 0 1 1 1 1 1 1 1 1 1 1 1 1 1 1 1 1 1 1 0 1 1 1 1 1 1 1 1 1 1 1 1 1 1 1 1 1 1 1 1 1 1 1 0 1
1 1 1 1 1 1 1 0 1 0 1 1 1 1 1 1 1 0 0 0 1 1 1 1 1 1 1 1 1 1 1 1 1 1 1 1 1 1 1 1 1 1 1 1 1 0 0 1 1 1 1 1 1 0 1 1 1 1 1 1 1 1 1 1
0 1 1 1 1 1 1 1 1 1 1 0 1 1 1 1 1 1 1 1 0 1 1 1 1 1 1 1 1 0 1 0 1 1 1 1 1 1 1 0 1 1 1 1 1 1 1 1 1 1 1 1 1 1 1 1 1 1 1 1 1 1 1 1
1 1 1 1 1 1 1 1 1 1 1 0 1 1 1 1 0 1 1 1 1 0 1 1 1 1 1 1 1 1 1 1 1 1 1 1 1 1 1 1 1 1 1 1 1 1 1 1 1 1 1 1 1 1 1 1 1 1 1 1 1 1 1 1
1 1 1 1 1 1 1 1 1 1 1 1 1 1 1 1 1 1 1 1 1 1 0 1 1 1 1 1 1 1 1 1 1 1 1 1 1 1 1 1 1 1 1 1 1 1 1 1 1 1 1 1 1 1 1 1 1 1 1 1 1 1 1 1
1 1 1 1 0 1 1 1 1 1 1 1 1 1 1 1 1 1 1 1 1 1 1 0 1 1 1 1 1 1 1 1 1 1 1 1 1 1 1 1 1 0 1 1 1 1 1 0 1 1 1 1 1 1 1 1 1 1 1 1 1 1 1 0
1 1 1 1 1 1 1 1 1 1 1 1 1 1 1 1 1 0 1 1 1 1 1 1 0 1 1 1 1 1 1 1 1 1 1 1 1 1 0 1 1 1 1 1 1 1 1 1 1 1 1 1 1 1 1 0 1 1 1 1 1 1 1 1
1 1 1 1 0 1 1 1 1 0 1 1 1 1 0 1 1 1 1 1 1 1 1 1 1 0 1 1 1 1 1 1 0 1 1 1 1 1 1 1 1 1 1 1 1 1 1 1 1 1 1 1 1 1 1 1 0 1 1 1 1 1 1 1
1 1 1 1 1 1 1 1 1 1 1 1 1 0 1 1 1 1 1 1 1 1 1 1 1 1 0 1 1 1 1 1 0 1 1 1 1 1 1 1 1 1 0 1 1 1 1 1 1 1 1 1 1 1 1 1 1 1 1 1 1 1 1 1
1 1 1 1 1 1 1 1 1 1 1 1 1 1 1 1 1 1 1 1 1 1 1 1 1 1 1 0 1 1 1 1 1 1 1 1 1 1 1 1 1 1 1 1 1 1 1 1 1 1 1 1 1 1 1 1 1 1 1 1 1 1 0 1
1 1 1 1 1 1 1 1 1 1 0 0 1 1 0 1 1 1 1 1 1 1 1 1 1 1 1 1 0 0 1 1 1 1 1 1 1 1 1 1 1 1 1 1 1 1 1 1 1 0 1 1 1 1 1 1 1 1 1 1 1 1 1 1
1 1 1 1 1 1 1 1 1 1 1 1 1 1 1 1 1 1 1 1 0 1 1 1 1 1 1 1 0 0 1 1 1 1 1 1 0 1 1 1 1 1 1 1 1 1 1 1 1 1 1 1 1 1 1 1 1 0 1 1 1 1 1 1
1 1 1 1 1 1 1 1 1 1 1 1 1 1 0 1 1 1 1 1 1 1 1 1 1 1 1 1 1 1 0 1 1 1 1 1 1 1 1 1 1 1 1 1 1 1 1 1 1 1 1 1 1 1 1 1 1 1 0 1 0 1 1 1
1 1 1 1 1 0 1 1 1 1 1 1 1 1 1 1 1 1 1 1 0 1 1 1 1 1 1 1 1 1 1 0 1 1 1 1 1 1 1 1 1 1 1 1 1 1 1 1 1 1 1 1 1 1 1 1 1 1 1 1 1 1 1 1
1 1 1 1 1 1 1 1 1 1 1 1 1 1 1 1 1 1 1 1 1 1 1 1 1 0 0 1 1 1 1 1 0 1 1 1 1 1 1 1 1 1 1 1 1 1 1 1 1 1 1 1 1 1 1 1 1 1 1 1 1 1 1 1
1 1 1 1 1 1 1 1 1 1 1 1 0 1 1 1 1 1 1 1 1 1 1 1 1 1 1 1 1 1 1 1 1 0 1 1 0 1 1 1 1 1 1 1 1 1 1 1 1 1 1 1 1 1 1 0 1 1 1 1 1 1 1 1
1 1 1 1 1 1 1 1 1 1 1 1 1 1 1 1 1 1 1 1 1 1 1 1 1 1 1 1 1 1 1 1 1 1 0 1 1 1 1 1 1 1 1 1 1 1 1 1 1 1 1 0 1 1 1 1 1 1 1 1 1 1 0 1
1 1 1 1 1 1 1 1 0 1 1 1 1 1 1 1 1 1 1 1 1 1 1 1 1 1 1 1 1 1 1 1 1 1 1 0 1 1 1 1 1 1 1 1 1 1 1 1 1 1 1 1 1 1 1 1 1 1 1 1 1 1 0 1
1 1 1 1 1 1 1 1 1 1 1 1 1 1 1 1 1 1 1 1 1 1 1 1 1 1 1 1 1 0 1 1 1 0 1 1 0 1 1 1 1 1 0 1 1 1 1 1 1 1 1 1 1 1 1 1 1 1 1 1 1 1 1 1
1 1 1 1 1 1 1 1 1 1 1 1 1 1 1 1 1 1 1 1 1 1 1 1 1 1 1 1 1 1 1 1 1 1 1 1 1 0 1 0 1 1 0 1 1 1 1 1 1 1 1 1 1 1 0 1 1 1 1 1 1 1 1 1
1 1 1 1 1 1 1 1 1 1 1 1 1 0 1 1 1 1 0 1 1 1 1 1 0 1 1 1 1 1 1 1 1 1 1 1 1 1 0 1 1 1 1 1 1 1 1 1 0 1 1 0 1 1 1 1 1 1 1 1 1 1 1 1
1 1 1 1 1 1 1 1 1 1 1 1 1 1 1 1 1 0 1 1 0 1 1 1 1 1 1 1 1 1 1 1 1 1 1 1 1 0 1 0 1 1 1 1 1 1 1 1 1 0 1 1 1 1 1 1 1 1 1 1 1 1 1 1
1 1 1 1 1 1 1 1 1 1 1 1 1 1 1 1 1 1 1 1 1 1 1 1 1 1 1 1 1 1 1 1 1 1 1 1 1 1 1 1 0 1 1 1 1 1 1 1 1 1 1 1 1 1 1 0 1 1 1 1 1 1 1 0
1 1 1 1 1 1 1 1 1 1 1 1 1 1 1 1 1 0 1 1 1 1 1 0 1 1 1 1 1 1 1 1 1 1 1 1 1 1 1 1 1 0 1 1 1 1 1 1 1 1 1 1 1 1 1 1 1 1 1 0 1 1 1 1
1 1 1 1 1 1 1 1 1 1 1 1 1 1 1 1 1 1 1 1 1 1 1 1 1 1 0 1 1 1 1 1 1 1 1 1 0 0 1 1 1 1 0 1 1 1 1 1 1 1 1 1 1 1 1 1 1 1 1 0 1 1 1 1
1 1 1 1 1 0 1 1 0 1 1 1 1 1 1 1 1 1 1 1 1 1 1 1 1 1 1 1 1 1 1 1 1 1 1 1 1 1 1 1 1 1 1 0 1 1 1 1 1 1 0 1 0 1 1 0 1 1 1 1 1 1 1 1
1 1 1 1 1 1 1 1 1 1 1 1 1 1 1 1 1 1 1 1 1 1 1 1 1 1 1 1 1 1 1 1 1 1 1 1 1 1 1 1 1 1 1 1 0 1 1 1 1 1 1 1 1 1 1 1 1 1 1 1 1 1 1 1
1 1 1 1 1 1 1 1 1 1 1 1 1 1 1 1 0 1 1 0 1 1 1 1 1 1 1 1 1 1 1 1 1 1 1 1 1 1 1 1 1 1 1 1 1 0 1 1 1 1 1 1 1 1 1 1 1 1 1 1 1 1 1 1
1 1 1 1 1 1 1 1 1 1 0 1 1 1 1 1 1 1 1 0 1 1 1 1 1 1 1 1 1 1 1 1 1 1 1 1 1 1 1 1 1 1 1 1 1 1 0 0 1 1 0 1 1 1 1 1 1 0 1 1 1 1 0 1
1 1 1 1 1 1 1 0 1 1 1 1 1 1 1 1 1 1 1 1 1 1 1 0 1 1 1 1 1 1 1 1 1 1 1 1 1 1 1 1 1 1 1 1 1 1 0 0 1 0 1 1 1 1 1 1 1 1 1 1 1 1 1 1
1 1 1 1 1 1 1 1 1 1 1 1 1 1 1 1 1 1 1 1 1 1 1 1 1 1 1 1 1 1 1 1 1 1 1 1 1 1 0 1 1 1 1 1 1 1 1 1 0 1 1 1 0 1 1 1 1 1 1 1 1 1 1 1
1 1 1 0 1 1 1 1 1 1 1 1 1 1 1 1 1 1 1 1 1 1 1 1 1 1 1 1 0 1 1 1 1 1 1 1 1 1 1 0 1 1 1 1 1 1 1 0 1 0 1 1 1 1 1 0 1 1 1 1 1 1 1 1
0 1 1 1 1 1 1 1 1 1 1 1 1 1 1 1 1 1 1 1 1 1 1 1 1 1 1 1 1 1 1 1 1 1 1 1 1 1 1 1 1 1 1 0 1 1 0 1 1 1 0 1 1 1 1 1 1 1 1 1 1 1 1 1
1 1 1 1 1 1 1 0 1 1 1 1 1 1 1 1 0 1 1 1 1 1 1 1 1 1 1 1 1 1 1 1 1 1 0 1 1 1 0 1 1 1 1 1 1 1 1 1 1 1 1 0 1 1 0 1 1 1 1 0 1 1 1 1
1 1 1 1 1 1 1 1 1 1 1 1 1 1 1 1 1 1 1 1 1 1 1 1 1 1 1 1 1 1 1 1 1 1 1 1 1 1 1 1 1 1 1 0 1 1 1 1 0 1 1 1 0 1 0 1 1 1 1 1 1 1 1 1
0 1 1 0 1 1 1 1 1 1 1 1 1 0 1 1 1 1 1 0 1 1 1 1 1 1 1 1 1 1 1 1 1 1 1 1 1 1 1 1 1 1 1 1 1 1 1 1 1 1 1 1 1 0 1 1 1 1 1 1 1 1 1 1
1 1 1 0 1 1 1 1 1 1 1 1 1 1 0 1 1 1 1 1 1 1 1 1 1 1 1 1 1 1 1 1 1 1 1 1 1 0 1 1 1 1 1 1 1 1 1 1 1 1 1 0 0 1 0 1 1 1 1 1 1 1 1 1
1 1 1 1 1 1 1 1 1 1 1 1 1 1 1 1 1 0 1 1 1 1 1 1 0 1 1 1 1 1 1 1 1 0 1 1 1 1 1 1 0 1 1 0 1 1 1 1 1 0 1 1 1 1 1 0 1 1 1 1 1 1 1 1
1 0 1 1 1 1 1 1 1 1 1 1 1 1 1 1 1 1 1 1 1 1 1 1 1 0 1 1 1 1 1 1 1 1 1 1 1 1 1 1 1 1 1 1 1 1 1 1 1 1 1 1 1 1 1 1 0 1 1 1 1 1 1 1
1 1 1 1 1 1 1 1 1 1 1 1 1 1 1 1 1 1 1 1 1 1 1 1 1 1 1 1 1 0 1 1 1 1 1 1 1 1 1 1 1 1 1 1 1 1 0 1 1 1 1 1 1 1 1 1 1 0 1 1 1 1 1 1
1 1 1 1 1 1 1 0 1 1 1 1 1 1 1 1 0 1 1 1 1 1 1 1 1 1 1 1 1 1 0 1 1 1 1 1 1 1 1 1 1 1 1 1 1 1 1 1 1 1 1 1 1 1 1 1 1 1 0 1 1 1 1 1
1 1 0 1 1 1 1 1 1 1 1 1 1 1 1 1 1 1 1 1 1 1 1 1 1 1 1 1 1 1 1 1 1 1 1 1 1 1 1 1 1 0 0 1 1 1 1 1 1 1 1 0 1 1 1 1 1 1 1 0 1 1 1 1
1 1 1 1 1 1 1 1 1 0 1 1 1 1 1 1 1 1 1 1 1 1 1 1 1 1 1 1 1 1 0 1 1 1 1 1 1 1 1 1 1 1 1 1 1 1 1 1 1 1 1 1 1 1 1 1 1 1 1 1 0 1 1 1
1 1 1 1 0 1 1 1 1 1 1 1 1 1 1 1 0 1 1 1 1 1 1 1 1 1 1 1 1 1 1 1 1 1 1 1 1 1 1 1 1 1 1 1 1 1 1 1 1 1 1 1 1 1 1 1 1 1 1 1 1 0 1 1
1 1 1 1 1 1 1 1 1 1 1 1 1 1 0 1 1 1 0 1 1 1 1 1 1 1 1 0 1 1 1 1 1 1 0 0 1 1 1 1 1 1 1 1 1 1 0 1 1 1 1 1 1 1 1 1 1 1 1 1 1 1 0 1
1 1 1 1 1 1 1 1 1 1 1 1 1 1 1 1 1 0 1 1 1 1 1 0 1 1 1 1 1 1 1 1 1 1 1 1 1 1 1 1 0 1 1 1 1 1 1 1 1 1 1 1 1 1 1 1 1 1 1 1 1 1 1 0
94751 89870 77178 61130 42234 40337 56085 94915 61003 54 61214 69755 66270 7582 31354 34080 93055 99801 48810 88729 97384 12937 68602 87657 17431 7705 84831 79452 909 41255 87222 26618 16298 423 80048 49356 90632 26881 3246 30180 38324 94964 64345 10771 69841 15047 54982 75521 35986 1202 75743 44799 10449 23819 38387 89246 31406 99456 22976 15603 11749 96479 36012 84385 43677 84259 47708 67504 11713 90503 51266 10561 67067 50061 23001 84805 66077 8969 85141 52442 16181 87701 75860 76944 27825 2993 80367 18812 94890 32079 33443 71218 25204 80627 17333 61233 59974 77518 33989 13109 63041 3678 85035 76436 2349 34803 81686 11840 16596 10139 53881 92050 98867 4552 36587 88020 49077 18516 15900 16206 50809 79566 68683 59728 35364 2682 28532 36076
16869 84590 94424 43007 32593 15165 70927 46278 15914 96242 7544 11256 53505 20864 6082 25638 68643 48734 67712 26945 11676 95444 11408 92012 67779 27686 50317 26142 18282 4419 29233 6816 89810 65344 19868 49207 94539 14101 95448 315 87087 5061 90444 98811 80011 92740 6490 87389 16750 78960 74605 39494 44979 68819 841 79442 47893 98340 3490 58102 51381 9996 57126 62300 27207 77544 10258 76763 50554 7767 96653 55628 46446 49617 86985 35407 76203 34449 73386 88165 37005 10840 58349 618 57458 43386 28049 85885 3699 5957 41512 2707 74419 23954 17116 20749 82850 64521 22199 26702 66798 44388 76466 87549 41785 31884 66567 61045 36823 28029 64822 3740 55797 98975 34785 4817 48156 72652 56428 49279 34671 30128 52307 6191 82167 18450 9222 34062
64464 22147 61376 8814 61611 37885 17139 14422 42566 81189 87739 19278 35217 81660 37442 40930 4135 8044 38103 99976 86844 21872 2722 75698 34512 71910 50751 71286 52435 9494 99433 27870 78282 27761 79807 96639 33126 43226 10928 36708 19518 72080 27334 44155 36768 90091 1715 40312 95904 89003 24129 28735 47741 81674 96127 32821 36080 63736 33430 15841 56384 28911 83162 11515 35435 48920 36918 57926 96776 66218 86504 48775 83864 13770 25154 48856 11053 31117 2785 12008 52278 94910 33248 25382 46102 48366 58495 39299 11824 84534 85940 5972 45815 36275 65604 31274 5652 20556 80476 11719 70548 1532 16000 24401 35655 94624 79376 53885 62010 45144 61403 55530 86286 61815 86167 54236 36183 85840 27079 90152 95238 3785 41632 51907 81244 14103 33041 1893
52440 26394 7074 40911 16079 62106 87268 50686 97143 20786 25552 45643 20134 63018 60612 40185 34759 84082 4385 43066 41503 7898 85321 88071 67769 73779 66453 25805 45637 81633 53016 60017 70045 2142 62067 89087 56801 22608 20893 56570 14344 81322 93697 22815 44775 28779 73658 11227 95954 70052 95776 41380 44978 68678 65732 16258 38827 55811 45687 89096 95159 49260 22482 16263 21313 33420 50697 37050 14565 71950 35282 33166 63562 77481 39236 41301 12596 18443 23456 16165 55336 84398 85632 60530 39819 36850 38079 40988 8253 74127 73087 38168 23103 66919 29901 85006 51502 50919 64356 3921 69813 25072 61076 97335 47331 19927 8398 65712 68131 41015 73652 90554 62650 18233 43840 47208 27775 71903 90130 68072 75167 80248 56343 34109 63764 95856 71467 75529
37705 91069 4452 35132 92928 55440 91683 66751 67400 74476 43558 73889 32303 5142 73679 15882 58563 96477 33617 30129 89189 79276 69970 35822 80174 74036 6688 87288 94427 75912 29423 45488 95704 60246 58261 26797 44280 62934 37594 71120 93653 49480 32412 10912 73334 85884 90012 66879 19448 96798 34623 85509 11099 27249 49082 51405 47302 82495 49429 19382 17130 31746 23216 67622 49905 20375 24151 30656 15792 58561 96148 87522 34507 87264 5765 29034 76268 2400 86074 24830 99576 39137 62556 91712 51389 96009 97144 9310 73770 32497 6786 17265 24750 95941 12811 77273 14384 52450 89840 38958 91514 1403 70625 32335 96388 19440 40073 88563 34863 13225 19043 53232 75366 73431 3887 59300 46775 65557 46123 24429 24278 58752 81488 75382 31139 12447 65246 29013
82516 90798 23950 74854 29592 29344 44334 46406 81112 321 62603 84013 56626 22494 77015 57368 18856 31127 38313 56873 60676 74858 35759 72779 49596 79943 9932 46722 22833 10274 59363 55772 78100 5254 23224 22788 13442 18055 46763 27712 87002 30522 48812 38617 986 13846 91565 80188 87120 42470 98457 61234 68535 16159 84479 69413 40590 82727 82258 43157 84464 3251 56941 75092 52294 13870 4248 85851 13494 15541 21430 50981 88681 69796 9101 4596 81030 34383 26299 73903 48082 93529 17186 81245 67538 19578 67275 43839 49356 69742 55377 70385 74488 12867 8206 24044 42897 25028 14801 59823 20413 69304 66426 84649 48585 19911 85393 98253 98176 85117 64749 68901 17487 37116 70163 84072 1894 38688 15631 15168 9332 59724 17075 52155 86861 87851 98166 22939
44237 88964 30536 16511 14487 42597 75784 81250 63576 41934 71181 21050 24646 29860 89058 60706 46761 98345 95152 10651 54420 63994 63185 93467 41893 48322 62146 43318 21300 23343 18885 17291 36629 8277 64321 50161 66947 60958 9732 35566 17864 5924 71663 25987 63175 56618 25707 21141 61611 84409 8618 87228 57555 93594 70404 79674 9046 72353 71893 19171 26347 30676 6047 17626 59728 3319 68858 31452 66852 39081 70132 68510 12567 6336 98395 99339 46656 6712 13295 29818 46326 62074 71908 81311 16333 72012 37149 23554 27124 92591 41526 25756 9159 6977 23488 16019 50150 9585 13381 79112 54814 82497 52261 738 13738 16253 18832 86620 70416 94495 61178 65957 25394 17947 54554 77168 56977 50471 20203 99226 57694 89933 10438 50799 12448 24156 32896 66850
32209 49030 72325 27638 48112 71373 38695 84309 18762 15990 54483 36613 15675 13583 7090 87503 44817 52849 8029 23911 34283 42207 1057 84354 85388 47974 24536 28445 72915 63953 43446 73047 36488 84461 16260 1311 19894 52856 10784 15194 24319 36864 50399 88837 54170 14952 89909 2705 16664 40615 83089 59104 77176 16121 7017 21214 22980 87050 81818 88922 70449 29676 39037 17894 74075 81289 91804 23261 10239 28395 19972 31169 69578 51307 40532 44915 85570 59774 63420 15380 61224 65065 17280 49626 39336 99533 52458 66789 69422 98754 46723 19812 10755 88508 10820 73707 51438 28706 90949 54670 33027 18820 82310 87567 32797 3397 27209 58218 39074 41219 6536 97963 97408 85317 23830 28715 42195 33037 31321 73699 20537 17947 66719 14741 21734 29789 17830 6965
77654 50348 91929 41977 78393 84862 63324 32688 76007 3103 94927 86874 37917 82090 40120 19752 96745 94590 28755 81468 20935 83747 74771 4675 21135 16126 96444 82946 78710 93323 47905 67333 31334 16479 33189 31969 26185 83599 29430 62402 13810 21135 27688 3867 21488 62981 83970 67441 97779 41795 37449 48918 96796 40094 55521 78158 68649 53557 30583 44044 39130 91309 35774 25531 74977 33100 23248 964 5668 93865 90918 52140 99149 95149 72138 92950 67829 96240 12705 29129 95532 5179 85160 78411 19587 28634 3927 32902 16393 29302 61914 95059 2298 11587 82927 11296 53127 80653 9142 39648 79269 10996 81453 13389 45428 63376 7228 79420 84900 41651 7651 31712 19382 99679 86997 57273 47713 6524 411 34077 15253 83318 62788 58592 13416 33824 50615 91009
47510 43228 82623 69162 81785 77321 29747 86133 28938 75877 36871 59211 39705 27659 91578 15605 12498 59497 95111 98350 47904 28439 58583 52277 21340 72244 40594 72756 1885 46825 26627 90503 54923 70758 36378 94354 36839 6994 18422 75905 89625 33449 93691 85160 84167 60962 11103 73921 49453 49903 44742 15242 65549 16191 73147 76713 56126 4274 5460 66381 58248 58070 44215 6767 26916 78790 5249 63077 30825 61644 28935 85925 82034 48635 24363 4274 89403 61912 96467 93447 36594 33982 3579 28673 55359 60731 68565 78944 47863 67334 69450 57168 85160 38788 59865 46208 51915 24779 94036 32784 8017 20619 52395 18162 28347 60603 70637 70196 50892 21348 66107 34329 51394 51879 13916 71347 93879 22735 58149 1773 13619 82151 28530 44664 69284 38842 3788 29470
7603 77745 18652 47276 74875 67229 49972 96761 78288 50753 12484 35252 16047 71773 36752 87814 92226 28697 13230 31597 80554 6204 82170 55648 33766 72055 12765 67096 60312 80548 34663 51915 76777 69205 68662 5877 16452 96035 5242 27553 77667 89796 66085 62926 3209 42252 54492 57079 12874 91049 26132 85418 6916 25865 8759 95217 11431 67802 12003 67781 14925 88166 95127 47916 76133 32329 7970 32778 7264 62727 68378 57888 64535 36313 37039 44720 44543 35399 57465 45769 38371 30812 60436 73197 26424 480 36940 35560 86016 53820 67979 11241 70358 85545 66163 56331 294 95859 64605 47126 65064 44062 30662 4477 61869 49292 23467 70322 39514 89610 19719 20999 1796 85923 7942 93841 64391 24651 81350 62508 46915 80563 49905 81914 30344 27161 52282 32256
75583 60589 61807 84069 8328 19075 74771 58422 10941 32032 6192 13690 50513 35745 11942 94953 80 39180 12698 9686 72977 45625 5244 69737 41864 90791 79400 35123 62696 23548 14282 95454 41344 54702 98923 92251 84320 94674 16935 50417 66101 50622 37894 58451 57674 36749 62032 57235 34032 5807 7968 99301 73330 71391 59476 71115 58863 96896 39268 65052 62976 73953 45762 46798 66068 44358 12756 89239 82441 72945 68354 34075 26200 50058 37900 61985 1823 1952 35222 99295 16747 98270 50577 21195 63101 65896 31426 46723 82902 62151 46799 1848 47857 20712 23623 33348 39047 26665 13939 23339 92062 36467 29795 75118 91177 51599 67219 35353 38420 59845 87219 95464 402 56900 3750 75133 58520 86670 20277 55439 3986 72851 61893 25197 34073 82833 8466 51454
182 20143 80622 94084 43222 34132 54405 39872 4485 8085 12319 42423 92745 76440 35176 7624 84316 6519 75993 66433 18261 53111 48149 4614 14359 35549 49168 2088 6523 14748 68411 28691 68023 5057 42997 57363 88113 84463 44462 39027 7918 66738 77512 11938 72259 13309 73955 50903 55684 2173 91742 33258 18552 42379 61543 36371 51699 97703 52993 98615 99906 42897 60195 24207 19145 56810 27831 60750 28337 2990 53934 95971 60558 22013 52745 4932 64307 70387 65496 59165 29005 35881 63526 67116 93094 30376 50759 86773 3169 15590 37972 16514 35706 64302 79682 60912 82216 11544 37036 78694 50851 57651 3099 88997 67818 36092 82142 91973 57881 51791 86157 50628 19994 84181 33966 89978 3896 74874 27923 34100 90588 71659 48376 34775 27677 43299 47301 9610
34462 70339 9099 27112 1917 57445 56224 62228 1726 53359 5259 561 47670 91360 22416 86532 93316 31691 76952 42658 82032 55017 13879 18478 43360 32986 2720 83890 72692 7481 50088 74115 39683 29223 70280 47252 33408 38273 74423 53285 67571 42558 30559 97780 72102 6024 11807 39668 76243 21848 59204 85368 92227 99999 29468 32159 42800 49362 4341 11494 37190 74958 29671 38017 82465 96215 12685 78743 30852 92788 44307 9456 65981 53186 6562 47120 7553 49833 8681 60542 19018 49780 43404 18326 94369 5981 91803 77802 42916 12230 42589 63990 70405 16343 16167 6206 65460 93518 89353 3819 56437 35087 14830 67876 762 60240 60761 72887 88026 58517 73415 95875 19394 52233 77850 88694 32843 84990 70598 86337 56639 1500 61069 32937 49509 20309 51170 68008
50568 37890 71040 81335 12547 67262 749 60133 93666 48194 85020 21296 48958 75243 34485 15791 72696 9979 32437 33935 45333 6359 50667 44559 74319 70598 14182 57406 22655 80259 83406 81452 246 94218 80886 49700 21176 97393 17931 68782 47698 58748 75762 37648 31649 54269 24851 87277 58583 9454 31970 42316 15607 68450 95153 89807 86748 11195 34515 26104 113 54881 17082 98930 19619 8854 32750 71187 3493 1041 37464 1375 81056 90679 43048 5455 59481 75979 85792 87457 13775 16271 4987 23692 7000 82501 16304 12915 86109 40729 54100 66172 17340 3238 38442 74845 91394 62033 2133 12019 21561 12339 63890 94994 32307 45757 89988 74597 67398 37133 75485 80388 68357 39569 26186 49062 37765 11880 64022 99855 6508 24557 5805 96889 93847 63064 81898 86385
39593 70453 65960 95893 65944 8850 60680 17133 76886 74843 95948 97960 60611 1506 40825 42894 88200 25944 86332 55845 28528 78874 82424 42289 724 23621 86356 38803 18084 23610 30479 38747 50780 16836 12352 52840 65365 24036 9911 29512 19214 51012 66867 33273 46674 83379 55803 94543 51396 65851 52043 8817 45956 55361 21593 47841 15259 35297 5558 36739 18635 47616 91402 12550 23418 29622 68501 82187 64402 16623 25121 43765 74937 27925 21109 15021 50233 80611 33027 55888 80211 18812 4866 11393 73905 41154 36627 33 94372 60016 16931 36420 63863 86201 56666 28283 51941 55756 96833 18932 60639 49254 77947 243 13797 53135 1655 61107 47658 97616 793 22571 89609 96839 9457 88525 60138 70834 70647 59571 96261 98349 23845 52948 97899 47968 89929 66350
46679 7809 5294 88542 1984 54190 5913 50575 333 30395 49658 70579 60752 97506 87288 18406 66678 42687 85566 43434 59880 87327 92748 77002 26988 87376 13941 20594 85792 29510 29657 25008 18971 27120 98118 28315 10624 64117 17876 90019 50871 21445 37523 56901 89928 29269 94131 85650 92273 32258 16421 31437 51677 34769 5283 25262 3814 39650 67597 61166 91759 71290 64850 44062 70095 91783 59062 15806 42125 77294 62097 90340 7799 28659 29935 66915 1619 10297 42393 4674 5252 98552 3877 44477 18297 64854 46008 3674 18665 21417 98901 50646 56377 44902 34876 23117 5421 32725 49671 88525 35320 75867 72484 92636 23130 42666 14273 20138 12909 2833 5268 96045 72147 9785 82998 43658 84997 14163 32459 22928 24793 36633 22409 27631 12032 32875 2835 46322
23914 61454 21748 9594 45741 85353 28659 92882 30332 84975 29228 57906 82774 66119 46690 97205 21890 59208 29251 57729 17921 71948 51342 29371 64166 30082 73538 73637 73959 94307 87175 98857 31437 65074 29094 48109 98449 84737 32104 74465 69273 14768 80805 52792 36302 78667 3377 5279 22659 6833 56799 93386 35503 25705 26374 96623 27574 24821 45939 52664 28551 95526 99433 68536 58872 7884 90672 26797 32158 42820 98160 27370 30503 88654 98094 26690 84705 73438 68223 3568 82826 42628 98897 25309 9329 60656 6575 51645 1054 50368 61413 93489 66067 87790 22552 67193 74069 59966 8473 58206 30315 5704 59934 85206 29762 8242 25673 43780 87560 61198 75668 2790 61376 22706 56695 89804 46542 42021 17602 21639 36248 87504 1427 22661 39126 60333 18692 88529
67668 62707 21998 14144 52776 39229 76631 76621 89453 30494 32598 67487 19351 58751 90053 12503 66468 56962 24203 19445 8957 56064 8744 57592 11354 66444 4003 97118 27841 30273 32750 10427 39333 26239 89821 72392 3633 42941 21982 71506 79132 21638 20312 42649 64405 61452 61509 19886 79820 83563 19315 30706 32507 61884 57812 68301 2320 23707 45277 94120 88286 14781 32099 29606 38636 86675 21529 15398 89811 97526 62561 22977 49014 63394 1761 94474 39313 77695 6388 57567 15784 7528 75066 24848 34076 34972 49248 92551 25027 69879 28379 23498 45793 45000 95330 43486 84205 48964 94477 37991 18161 65459 93805 10039 70529 94693 17233 13195 2936 48646 94179 59803 82198 59633 69124 52594 38807 79157 47131 50553 49607 5592 18780 39752 14697 98391 84048 76816
25688 19893 61094 46036 43723 14636 33671 54213 76537 80712 80215 50363 94019 15574 50108 99202 36413 71350 77243 38747 84584 24668 15139 2939 23275 73112 95488 51455 45551 39497 56783 83849 1558 89969 75145 1593 27649 54791 16979 51226 31708 32313 30373 71705 79439 11714 68146 94484 53833 865 13574 45156 91611 13110 21677 72539 61055 16468 46310 34340 88737 20098 34432 84288 60517 74475 91917 32725 32236 34700 75189 66639 62995 46677 32643 73062 48125 53438 30284 45611 19431 66946 12069 36350 45810 6125 67959 63006 69077 13227 8915 66572 77247 46098 81041 83946 67457 12356 16529 80083 35682 88602 11517 71770 57606 9527 74429 6635 67740 707 6909 72345 30165 23504 24712 27609 9721 27254 95138 16518 69503 30992 98826 85428 15239 97182 23616 36599
24968 65143 30722 69108 89844 94029 77207 11248 7866 87774 10407 76881 27341 21127 67040 45645 76027 47519 32794 17215 10740 78473 51036 62371 11686 38197 85184 5846 21608 36696 87134 17184 38114 74544 79108 75581 78767 29728 42196 75159 20357 12765 38580 26323 21402 64350 89258 11137 28877 25468 50558 79251 65180 49855 10465 49861 42996 53991 53729 81975 26131 1087 61669 37608 65510 75461 88693 38899 43520 9435 47496 99275 594 99528 70786 59198 22973 85126 2598 70901 97270 77431 22245 63093 99457 70052 31273 76673 36073 37701 17889 46193 81696 12114 96596 17897 26970 19985 45487 17675 33219 86942 33697 76692 11106 46820 43051 22423 12878 45087 45082 43251 62979 84810 36998 11981 22215 18122 35342 64283 76544 12725 5773 9298 44286 33192 63456 55496
36010 96695 64194 72789 54268 55723 62747 39774 42323 1558 24500 85069 47170 44936 54251 81223 14054 73231 36117 44729 38422 36623 49038 93975 19919 89415 56077 71993 45773 52938 38096 84322 14745 18090 67142 41833 61408 51963 2260 9895 27857 95421 82278 46657 55723 71844 25756 79643 98912 17958 61386 63533 58976 99662 95826 41658 94456 8242 13063 77304 51324 58779 78882 57869 8418 48265 31994 28142 28369 28971 41334 60017 92562 63460 12689 31760 43790 20546 69579 12304 24712 63323 22507 32171 38384 40689 60239 23500 12353 50441 93067 68831 71232 76655 54630 79483 27758 93312 62832 55852 21511 53694 20365 60969 58811 9161 2016 57591 11528 88794 83973 52263 43692 46542 56443 26172 67560 91630 43195 12940 56393 58822 69000 76774 95340 86177 90052 46519
70356 27487 75629 78975 44459 41961 99403 4717 94051 5274 62972 765 49632 78913 28818 8724 81082 25210 94253 65213 39874 57140 56651 3305 78153 24569 29717 12010 58660 24105 87241 28690 34905 43114 5736 77302 26143 13844 15776 7656 78210 46199 21681 58567 98253 35721 87668 8300 32480 57303 21717 32250 36901 23765 8328 30445 8237 15744 60469 12176 91634 51207 24570 90368 19213 6815 85132 65544 17594 7360 53453 34073 50593 36079 37614 86579 70956 52139 29029 56642 59157 97710 34064 85343 55278 16996 68098 50143 43620 77141 78702 69337 19567 87513 58412 63898 20452 9972 19319 49667 33234 95701 1418 400 93984 61034 291 84468 12908 24125 81978 93788 41232 87023 63230 7689 83145 33300 47152 65445 55814 27871 11277 23682 3792 81489 35394 10707
55050 77591 32837 57431 47052 26345 94087 35805 22294 65600 63736 27551 36665 84699 66591 64833 14503 14493 47878 82563 79175 86398 37128 68009 21429 63915 46292 1780 6735 1152 64757 32395 51885 27355 11119 99219 86923 15698 78983 73976 56271 56566 26746 31635 60011 96825 99247 74470 9276 49049 32332 14173 73186 86522 36368 59127 53813 40319 18547 79503 45197 55802 36674 23953 64365 1613 47427 97316 97250 32466 45499 37013 56034 16125 80077 40080 38298 19371 24366 28559 71237 88378 61111 804 78275 61837 5980 10524 98029 54612 48388 10963 68224 35871 17211 71173 94738 9650 30790 7957 65593 3996 3042 83307 79938 52841 37888 32024 61926 37789 20068 14152 69790 4096 8412 9793 37852 20272 46448 96812 40207 83144 47738 67509 72149 43723 57952 42383
85208 27206 89640 10754 38226 91385 46145 85516 51704 5498 79818 70203 42308 88970 72 41117 81700 65992 23065 31974 83856 59857 90074 81694 92594 55919 38146 73785 48830 60283 44744 80641 64529 21452 87807 69482 14264 17381 79280 52476 42580 82009 37786 31815 90709 86598 45743 57143 1361 5702 35378 45672 38188 18200 15126 37239 69735 25561 29599 90172 68329 22864 72262 66572 75857 93184 23772 41610 52646 58117 61918 22443 43702 39220 86054 91689 37127 61125 15318 75589 70633 1835 10339 29302 82231 71016 22426 49677 72214 51730 13535 96130 85080 38987 47854 42355 7450 4936 6947 8761 4613 3087 41430 4158 99478 83518 40882 9610 62498 33236 85583 85673 88223 61859 74266 63314 62392 79787 99975 34708 70694 57372 74925 64273 34913 25011 74367 103
5873 22390 87643 45158 74418 24730 58722 61741 89438 76600 22161 18118 45342 55916 91073 1262 74687 75500 54486 34362 32576 18245 60589 63097 46904 16474 94648 29163 11886 65779 82964 69167 10764 37996 23256 15038 40847 39293 14087 95390 30804 97948 45246 36939 31875 19677 95553 28818 34145 31558 59185 64642 84438 26508 76453 18159 1992 45186 81439 1867 98291 99169 71768 77124 68175 13996 44191 95784 21996 60960 89003 79343 72639 30094 62206 62300 42217 40536 28292 18687 77291 35680 77751 90805 12791 42983 28040 88395 32651 94853 20779 79585 95333 71716 69087 78616 51225 83808 87752 43069 67901 24354 72325 88828 87186 46821 73907 6165 70263 69663 95330 76855 35484 52217 13358 52397 76150 48290 11768 11416 76590 67510 93097 26857 52644 18887 19136 60751
17001 86838 67728 28847 15323 38499 40884 56500 40417 62205 75 36841 15179 84291 68766 46420 71709 10205 27330 8814 88878 91569 71681 6562 94892 90192 13327 62135 59073 51144 30361 93246 65699 20418 36103 62012 73801 59178 70873 68721 80860 69982 83478 92591 4570 89329 57028 97756 9916 73421 58218 50156 17245 73640 80224 88502 59140 65188 72818 46056 72652 23599 92337 68960 75147 47103 20540 14344 8676 80460 4095 35789 69035 29670 43517 94536 16751 59882 9582 6359 23431 94758 87132 45699 78233 88321 90434 69607 46866 28141 87939 35442 55656 87000 21522 23717 14959 57810 20464 11670 21307 74208 48006 9067 45997 29048 85116 3014 73681 47621 35800 46658 54376 34653 58097 17409 31199 21109 71164 2214 35865 44257 44356 77956 85425 41166 88564 70779
34565 74831 35650 34097 56292 40817 8432 80403 82632 29228 41557 9331 68157 73006 34111 69504 47848 14981 16420 206 66340 80477 70138 69867 91861 52600 56172 37843 31235 18491 51863 59947 29999 67741 83664 92805 30276 75423 16755 4820 90186 76177 10267 90627 10083 80247 492 90649 23720 17595 49454 98131 50931 64736 95968 16078 80548 18108 33673 24155 67652 16440 40894 41231 93171 96289 45064 32541 69478 97960 43223 14035 86092 83003 93515 2595 48123 31003 37530 29758 98272 53627 18507 85687 56382 41228 38361 39389 51665 46013 91940 87831 31043 51825 58756 11079 11530 20953 25705 82105 9455 93542 9783 23781 90254 36659 23383 41666 22321 67206 41804 57407 44796 67807 30315 86315 32999 34367 92964 52273 41252 1669 18700 940 83254 4597 87381 35056
60125 975 5384 93885 86659 12802 16084 81668 3566 75338 92999 33351 6455 8184 50057 87602 20827 97276 9870 89571 78338 47624 58055 47952 89861 47728 27861 99561 14035 84639 32788 93279 44129 43508 14113 29135 84143 35119 10713 18555 70424 80755 46944 21264 181 16870 19977 82863 84568 60094 20804 72687 34510 18106 21406 91858 12176 69198 84489 74209 60952 71412 291 11329 89990 57701 5270 90472 41087 31248 62132 9342 71758 40782 82770 86217 9168 7886 58477 36167 96663 31396 83417 52912 74795 61500 4195 27368 24959 90477 91976 95774 95490 22530 65251 49174 56576 68036 56203 20448 82364 20269 87754 74554 83990 14269 44981 14027 21530 74863 26181 99261 18957 29805 3922 56212 96492 23047 93376 21230 92429 26330 8203 58201 75688 24501 51673 42645
26524 85775 93249 43104 89653 68956 81155 48149 978 64193 32845 6728 36473 83037 70553 30336 76142 29241 50211 92628 21059 4300 46514 27187 76256 85104 42264 34020 22446 69307 32355 80694 79896 94619 8461 72932 15726 21830 6810 73553 39265 8828 94546 68049 57021 57013 47232 40847 84812 80453 14701 83963 25537 71459 97995 45860 51446 59244 58833 11774 36169 91248 37606 58309 37900 28855 19581 57622 9015 94559 58265 12073 76605 60533 79270 28321 39663 50879 15307 31335 81469 68414 44988 4441 84451 4926 74323 84414 17063 935 75095 85064 37290 46370 86045 45677 93582 94436 93136 64280 31961 19417 58728 80199 94207 9634 11533 62341 70583 65052 33762 73011 81234 10422 5876 15015 12041 4867 95622 59050 86942 95051 72850 35687 14248 49179 11804 97014
38669 47209 74886 51073 28101 97617 6311 76978 27688 13291 23034 4919 80536 70106 78123 79164 10675 83254 52586 55635 62211 2645 2787 16127 8147 5463 94819 71540 99021 1845 27969 76843 99618 33602 74883 3705 23940 6825 2277 45183 90436 22999 64724 47372 61835 64861 13883 50167 21139 65892 3154 39991 6314 65330 95887 97096 64500 14843 21558 96945 14300 12183 355 47972 12022 41032 13687 72646 73044 13377 74890 39731 80386 23869 98052 10682 99635 11950 12063 78387 78532 24521 9550 7152 56826 40884 28307 12422 55714 47150 34303 65059 23170 69050 15534 45151 76859 13219 52592 43430 50751 31549 14187 68002 60339 66418 25918 80043 30031 84321 97941 18519 42622 5160 1186 50318 67508 68199 19025 91923 4920 68995 10679 10160 64504 4677 59429 55430
90697 10627 42556 69290 57443 83854 47488 41536 14522 81128 67336 62902 29417 88021 22223 43045 11691 4747 80238 8074 2235 65614 11927 57897 45730 25911 82149 91278 22158 86278 14940 23282 83389 56666 55694 65875 82075 54821 16690 17538 56672 40972 22795 1848 32625 97760 60663 52365 77667 15880 90065 70695 59271 47760 14396 1775 71165 6309 41271 77372 28154 67571 13987 56330 21629 46530 36012 89262 25280 9922 60021 32683 95310 99871 62665 50464 25591 97355 65098 17230 43506 48356 32377 76770 61277 35004 78365 95281 19508 10951 63530 93859 16572 13718 96478 1356 54538 59168 3681 46021 14346 8047 37481 74049 29879 64923 82339 58356 77261 84580 23454 57811 5284 88442 80061 61760 38593 10793 37392 29353 19679 31801 64394 91848 97693 38572 99901 995
12277 94051 88864 28206 31139 37116 52213 37968 2678 16880 53303 65952 35703 93678 86882 77575 64245 75533 92174 93458 40328 14410 90145 33574 47744 78464 70522 33801 44262 26575 28459 41403 16332 23844 72356 73783 30254 77619 36067 20332 8083 3448 99217 18667 91912 49114 53200 95573 92623 78230 82193 81167 3093 31610 86584 50144 41463 35127 60325 46795 55951 22359 80617 86210 77512 97292 873 97445 73840 67432 75439 89232 28678 62159 45835 27063 69910 71507 99604 42321 24200 27153 35321 97901 47330 18327 6347 41107 22407 8126 1929 97038 27194 73116 57707 32939 20795 48735 64827 79355 12599 82414 46031 62003 91297 30657 1701 19766 88700 58354 94574 82989 39354 38547 70274 65625 55956 32041 23734 13131 57727 69728 22998 17995 790 92547 97863 388
1271 29286 7275 25185 88435 86623 21868 30090 94803 88066 7912 90249 12753 54478 28182 73894 56987 62947 83312 3692 76335 78531 5901 86661 98007 54410 6735 36769 24533 56676 63755 47816 42120 13005 59796 93462 36994 7642 7658 57132 17310 40002 40101 95552 60908 58041 52811 80592 44848 75061 33602 22770 90539 80432 1922 58385 41422 92793 66289 64394 23812 43873 36510 22871 3904 63911 48659 95415 92848 57997 48467 58955 2085 93672 81644 34243 43578 26333 20733 26434 31027 80225 75083 52237 1815 13314 46663 55838 93649 68874 99540 22495 68789 80425 15172 56191 94331 48325 17709 72884 98051 64014 97742 40806 74050 9551 18758 89116 65073 93194 93239 18963 54523 16181 7701 64757 81238 24588 87655 18966 70639 78018 84117 61630 92631 96636 46743 80895
93488 14071 10070 50294 46746 54535 26533 49657 514 70620 7230 30992 47002 87964 13886 98399 31038 80046 59803 94034 99369 27586 18395 7361 41197 28737 70488 61388 86485 44568 37980 53969 80500 195 18663 60967 62584 51908 93075 14255 17307 70932 68090 69477 6252 58125 29560 98818 71164 30407 70935 8240 96771 39271 58490 12502 73509 23609 40423 94430 62213 87935 89922 55182 77490 48044 52794 67519 10067 61357 27915 27985 8395 1094 51716 56985 61723 24588 20852 29242 15623 7985 99688 85528 60653 47659 80262 71279 46552 80543 69736 26003 92875 43515 88954 48261 76856 22112 40632 78616 134 39426 50659 39940 28450 19797 20778 93947 9506 39467 39098 17347 10425 25195 90222 31871 23536 30569 15546 52628 21145 83944 76752 87141 69126 32757 78251 73621
13129 12957 21349 55259 75816 5564 23205 80379 70494 44901 99363 88809 29398 57149 74945 57192 87934 96513 12806 27822 46916 30554 644 70618 99993 28440 52392 36648 30203 24765 76840 68902 10761 88156 2001 58237 73406 60282 97925 86083 35622 56901 84681 25631 54068 56990 22159 56965 5483 81603 59922 71581 61141 55864 95430 10908 97066 90182 95387 91836 24146 12633 34391 92588 58122 71778 30340 20419 96337 23915 36061 2229 61725 98765 66960 90326 88544 66005 24721 79569 50962 31619 99017 4159 72395 37829 16114 36225 17704 73826 88011 63118 48889 29777 64390 70479 67512 24473 44052 34945 64381 75297 11138 4145 76982 6748 26707 14101 13781 47857 8245 28682 12388 22411 90758 43654 47585 32274 3329 98222 43125 98296 19339 85840 68562 91529 36090 62907
46723 52414 60667 31937 99621 84357 42275 85255 62440 82113 64770 3212 40658 40988 26340 56816 16276 31416 21952 20744 61348 35941 13968 86243 48255 94539 34667 12366 55470 1147 55144 86054 78605 53055 37610 74210 54655 10644 49790 74435 37593 79456 45710 13676 78634 9308 58413 85947 76989 70060 65625 29727 70475 78611 51535 69677 30139 30184 87901 96040 32230 23654 54049 25363 33257 80292 2865 68979 2565 85611 39860 61685 4198 83943 19725 81013 78668 4632 25328 95505 79011 73404 99493 89921 97511 81208 30680 79945 40710 89780 21837 33626 54998 40287 96697 37016 97344 21375 280 26444 28423 43389 73893 48598 80190 57615 79764 1952 31009 80817 55575 18099 62158 65266 9313 86627 7364 76341 36138 36089 86603 8907 10923 29564 14237 63467 98834 81796
38167 12216 15283 23427 38253 19102 34870 2958 80692 88755 4695 26588 73272 88666 74342 42922 25508 60732 94168 70726 49282 42701 84617 37467 76406 49324 84925 11053 18576 80506 82585 973 44656 78248 75924 8123 68978 19582 16459 27300 41961 2205 98252 96131 15788 20503 12876 75495 25829 83065 72452 82272 15903 68554 13057 48277 78841 86510 3515 9 32927 57688 813 85808 82269 25888 59366 10052 69159 29294 15063 40577 62251 64072 22092 42524 385 54575 66156 86690 6586 21291 96008 25844 99613 34016 82065 57920 11335 48784 5703 89198 8978 94158 70675 98875 54416 17963 2998 15850 79518 22285 76371 53370 30441 31738 93452 78866 34921 89410 38341 5563 99847 60425 26564 41933 62301 61793 17605 67179 27669 20262 60815 70840 53947 85263 6636 81603
95808 93688 29659 69510 88126 22055 19135 15200 48983 47729 7262 77373 11253 37812 60419 50069 61302 3939 90120 54410 90871 5059 39520 31292 75567 30995 50596 8321 35379 26939 74711 69728 64963 86998 64713 60414 10203 78993 6965 64330 98282 6250 83816 63817 68355 46422 34411 54142 30679 42336 5299 6787 579 54584 50607 86032 92539 68109 12611 69543 8228 6135 73034 21767 63028 59443 30534 67461 16595 33476 98147 28823 52443 2593 61000 98773 88170 63304 37598 96725 37454 57787 1338 60167 43768 67724 82283 90372 44907 22102 2352 94767 66216 85229 51399 44526 76225 87231 31342 83193 36797 1262 59357 75520 17110 7296 73077 96311 30224 32157 88028 64325 24626 73614 58388 66439 59991 92331 90670 701 45601 62486 18418 82186 62692 5170 69873 53944
54001 61753 81803 96921 71729 80859 15375 58516 28361 35888 15996 89476 34173 98005 99076 96852 87876 98981 41048 57090 56382 64595 69424 53518 77873 48054 18031 23937 8003 32822 90220 94941 84638 11882 43250 49480 37001 70566 51312 57999 89527 47670 20723 46120 79106 740 30790 79209 25803 3165 11977 34247 70022 16182 7455 56198 12024 61870 8919 889 47548 22589 60078 76227 66259 19548 10429 88924 18567 69452 20850 80524 83077 49047 62184 24967 20133 82790 4016 54854 40123 90036 76147 13706 18198 7192 18384 16398 23854 61102 84957 3244 34020 16841 98454 82944 82346 67214 30981 6557 18533 53169 16120 89532 26320 91979 86038 45648 23458 41124 88720 96589 74149 71929 19373 39851 82854 27712 71431 76183 34920 35786 77552 12032 74763 19091 24011 96708
52691 73400 92081 27661 28917 92293 65402 74008 42783 94118 20689 1851 11227 3346 26697 14194 2129 78207 68618 40002 36058 50440 15927 2323 11902 55785 83425 55685 34191 43990 86476 95253 65148 42483 87943 6611 51389 40112 19888 97685 25697 47180 40315 13214 7453 693 64886 15294 15329 71372 86498 87092 542 5741 84323 51683 5010 70134 21433 6398 65731 58633 49178 7846 16482 23535 41663 72939 75247 93412 69723 15410 8035 97557 22922 49183 93977 27460 97697 23774 22537 36374 40485 28829 3435 17291 31027 98283 52362 14071 99440 24942 90116 42156 10705 67551 97169 19356 91282 90065 26949 77623 16732 31465 63136 5196 16755 35417 68540 1552 29399 85076 79395 48485 28344 78508 6839 86067 39769 80630 33997 56874 86061 14150 27326 30621 42647 10787
78789 94324 92797 48777 77130 72170 55291 65192 65558 82844 32277 97226 26236 11836 43498 53925 95704 41293 57062 5374 54202 9373 92099 25661 25731 37754 70446 41168 99185 51955 54285 48079 2501 42905 79808 3753 95085 10904 36115 80999 18924 8042 28372 43616 54268 54239 59052 5734 23479 18542 88730 65626 8244 69642 11194 7492 21594 3085 63111 8877 97249 45697 4888 41442 21203 72149 74000 53220 13366 25159 99417 81136 61383 9726 31023 64154 1229 58443 6069 70647 57149 17292 82243 62402 70684 83361 51279 12803 97484 56647 1064 91153 14737 21685 47593 46937 11141 33819 99802 69023 8243 94983 27736 22488 96264 31163 82175 16970 28133 21368 44190 31863 6034 45921 6932 34057 22296 12560 3974 40026 92311 64171 39944 25318 61399 59135 20250 94802
71246 15031 50035 31677 76378 75122 64784 14036 28854 30782 84785 89292 55021 42494 17450 47535 92772 96070 26212 19200 22869 65823 19218 87686 9336 91443 54675 56269 84904 19766 34915 32715 67349 60724 13676 27705 80536 43647 32068 63907 47071 59975 66187 90852 14173 39564 59933 19704 55788 26907 61113 30741 42257 78915 33649 36277 5137 76967 61331 15423 93830 28467 4681 16941 54993 45461 63968 10438 80303 82358 68349 51438 48446 98086 56382 40022 28923 27425 62045 61083 64433 10649 58282 48073 69303 77331 99460 12162 20915 50074 97291 10450 72955 83885 47003 36249 85220 99943 23619 93853 90934 85230 27989 69992 98766 61255 55762 73263 40518 65329 71078 8362 85640 2815 44665 35113 54104 34711 54988 70966 96899 18652 6158 54439 52166 90136 31905 19664
13323 74477 82008 41566 31191 87387 68551 14157 50544 25890 39015 99593 89656 61096 77503 13347 23454 54850 56957 47730 22579 45247 79029 33301 14720 63139 32392 66408 48931 33999 92389 26730 96718 4572 47175 61609 83640 8285 74332 96605 17315 32612 27304 33894 55622 71208 60089 73753 6393 98721 10915 70150 26654 85404 43260 878 39093 33285 93641 74530 57078 59093 39058 4352 88174 44360 21896 39237 25951 48080 15417 27100 32375 46536 62314 66013 7568 17686 23440 97772 3940 55561 41303 47633 57520 46610 8564 88750 28170 55952 71317 53287 10902 99231 67337 79576 83595 38077 61765 32619 10148 40545 30605 69622 31758 78845 29397 25831 27059 36818 65113 30434 4950 70135 2240 54562 49345 80535 52927 63703 47022 58062 98409 30614 49788 19264 54612 35587
91709 94545 89200 92010 47129 34044 60665 91977 82055 25865 50895 71126 4958 40433 11191 7562 72224 60969 94405 39743 46027 32403 3169 82294 86710 62313 91763 62806 4528 30620 88449 96135 50190 76758 59250 86118 43501 71982 72404 33562 56153 43487 39045 17720 89846 46489 11536 72581 38265 66304 87575 18204 26721 45722 14647 98974 8413 95674 51455 50432 49740 16641 45752 9040 29257 51706 4326 62974 79168 50001 44714 91765 12970 47142 69865 36052 52194 85478 45459 64212 12809 20361 23568 36546 40728 59128 42585 59524 41192 23308 36670 63366 41602 74117 97854 9847 54407 34480 75944 61305 71871 72334 55226 45581 76852 81719 16154 30837 4072 75939 76468 10483 53965 57296 48803 30276 30153 4564 86199 26811 76775 96260 80594 2543 47613 68400 47733 34301
83297 27176 86116 7360 35892 7182 46424 99869 18376 11823 95298 9825 72533 92749 77774 98642 50003 27850 46647 45467 69514 15328 55704 34725 80996 39233 51838 12924 85931 2036 51724 54892 34792 27152 46309 56819 95623 35425 37623 34587 67501 30433 77549 85517 9458 73156 26706 41604 10853 16888 20878 14365 36586 51598 38626 83687 42153 64773 52682 15707 20512 46711 3395 83164 32073 24191 84197 50100 16594 54705 18803 767 50904 70039 58288 3338 71073 90855 48511 25925 13050 7915 51071 14986 21299 74456 56467 86733 18415 69819 79536 105 3285 58285 83323 27715 43852 1612 80785 79982 37614 88329 15153 30372 72565 3048 71212 88884 71045 29044 56357 79011 78187 11421 66244 52642 30409 49734 92663 95674 84774 97649 57461 56663 88037 67312 62847 48968
10389 73188 6580 54031 8986 11988 18723 14217 26465 55185 43651 9896 54509 68043 23243 99640 74606 95939 35251 76387 24304 16429 70833 67319 22953 54942 87070 62440 27550 97043 38137 35777 6027 49164 67563 76200 65357 51152 22415 38725 52622 7163 95594 70619 72429 30713 8868 33218 80862 86027 92941 45568 67697 29915 61803 35559 15347 44939 55919 7883 29942 53481 39720 62418 66599 68373 15930 5503 49866 85360 64660 84792 45562 12063 20554 48596 48962 67311 76146 23782 72099 14759 58725 80237 78370 47660 6837 91718 9928 14118 7129 90886 20144 71974 3711 26374 31773 98662 52638 88782 62575 12780 7725 72877 75821 91756 80659 70300 83901 15232 53490 51998 12221 15718 2152 98536 85735 85040 85190 21263 20686 24539 53007 24658 1838 90103 77321 95241
77714 56794 46588 58025 58930 56844 67479 70840 45195 97834 39708 29799 92542 68102 48983 9083 66812 15594 95545 29897 57717 77370 10860 80907 2144 19823 10218 11848 4654 33045 99690 57115 32914 73650 45832 64942 66832 7387 38670 32846 96264 97298 8295 21205 51551 54432 34851 38215 18638 73960 72205 56976 48455 73801 75672 30083 4566 35045 21876 5166 22625 93130 95148 3610 67986 59725 78588 40880 78801 56611 89097 81202 35094 64668 84209 51887 53318 67253 12819 81345 22948 91476 77103 86215 97326 34475 66625 96724 78275 4951 19597 13888 69733 89261 12282 52107 17330 27320 64530 49841 32549 91413 23823 77218 87075 34930 92713 1737 84443 49001 395 53096 3808 5627 76728 4722 77559 21730 53721 37857 94271 93948 57065 67572 66086 29985 37498 79324
31875 49609 29784 19699 87058 7883 4419 11592 69813 83534 17387 93106 19658 43267 99985 37051 61536 99031 87305 23188 55268 97684 60337 42730 25132 46496 44419 956 11786 94472 68831 42831 39727 53110 52471 51792 59940 23680 69664 46778 83107 39899 91703 99147 51035 67918 76390 46405 13637 96293 15719 64830 30350 62952 70449 43702 68218 82926 42459 1065 38871 20134 95315 53830 50047 57854 1892 33283 78681 55660 58755 75310 16086 3977 81333 19498 93222 6661 30731 80030 54310 38167 34264 11922 33185 95336 80725 95717 85440 25684 93324 14506 63353 2559 10069 84145 73878 37308 38602 57700 90624 38587 53644 26404 27878 4381 51427 91824 48790 43367 26398 52397 88182 53959 52988 71755 49871 76572 17793 70337 34606 33577 11302 91345 44971 65389 61632 5950
23195 52815 57529 54569 42374 27259 57311 9947 73024 38156 10084 711 1343 74445 89436 14538 7961 80821 23496 71575 62179 21757 40293 62671 14029 14441 10355 37599 42822 68944 13531 55668 45300 70598 73395 56919 36094 27891 82733 40006 97199 55722 86193 31287 92213 95517 16417 87984 34823 79710 27851 21534 63395 68830 3202 30088 79098 5327 58692 56246 84630 39056 34677 22362 23563 23521 59801 74987 77862 49371 79597 15338 88007 69008 61257 75179 44864 24369 62546 10512 58900 9368 75299 14302 2621 87515 24090 19567 40853 81625 4894 79806 79764 15517 1805 46830 7118 32473 84650 15432 55366 61014 49731 73150 93400 79687 77819 4468 87521 69086 75162 88929 82231 44659 76162 91830 27002 61863 25620 82467 73051 3472 40516 54775 86250 56320 78167 73511
81559 81289 62916 37449 37986 16691 3800 31600 35448 55839 17708 45687 84594 25454 82907 97909 23279 196 14857 56136 39992 35965 65431 75143 3058 34768 77048 10666 58734 16656 40097 11277 28907 75745 75855 36367 93462 11852 53599 6957 11733 64284 23577 78294 35403 35225 70561 42491 53454 46938 40797 3417 62773 19802 58436 44446 45547 65047 52922 69898 94703 23728 872 83176 72277 81782 29787 47895 90695 550 99812 84324 1702 33170 65143 62637 52122 65215 28297 76802 45181 94079 66617 66646 42010 97589 10918 26252 79811 58278 62294 16719 41020 33654 89321 27821 40860 67798 29374 3138 30804 66045 5216 72672 88342 1706 78131 62473 551 94345 68531 65142 44452 58742 52026 75792 99170 27758 84792 27070 83852 80067 38682 62138 65130 85386 91018 69771
20512 2286 30237 52205 55065 3995 69428 68254 63608 12003 41753 33127 85585 80293 94423 37459 67938 49911 65896 6371 54063 94709 62174 61918 60884 31421 25441 36309 22897 25581 15911 26076 10875 94739 98385 27189 41800 11082 29708 73371 66667 75256 7256 93203 76756 47427 7563 23557 40009 94374 19350 15307 96320 62717 35965 4253 4958 56373 39726 96910 63118 71252 88523 9192 91709 44363 94385 82347 20824 11679 33659 32237 63622 6827 14164 29395 89920 45121 66695 1824 30306 91693 74428 5373 39086 46248 72609 21737 80706 91010 63951 61339 66496 17391 244 57949 58514 59664 79233 20664 17425 93709 707 84383 74313 29437 75641 49743 90438 61122 17091 39255 62783 8769 85155 44396 25465 941 95710 71465 43960 93683 72284 23675 17138 21589 66499 30278
91847 30839 27059 63222 3072 28215 61662 9350 34001 95498 31285 45531 64154 52980 74474 62819 84256 99495 6717 15 19975 17699 27540 66052 15854 41748 85854 70458 6365 99955 44608 51206 13963 90483 42598 59715 36008 49712 77110 15323 75120 19208 55334 83952 38656 41506 44778 5209 93810 67183 95498 78724 58953 13228 11309 3197 48496 2901 62153 63567 31036 3068 79588 85686 61095 50694 55053 52452 59612 48644 47567 44945 53494 71563 46786 90286 11384 73408 80474 79974 7841 13545 39445 10136 35400 64846 14503 89781 71647 89541 89361 48483 66451 20005 19690 96155 28656 31136 44659 43249 8342 34411 88550 71329 39718 9644 80025 10939 2880 71490 26911 66703 12874 31331 37319 70620 43947 19470 59039 95072 49060 8932 40763 66055 27810 29451 52128 64365
97366 86999 76058 3826 59726 73425 21072 67515 31497 35582 74720 71061 79326 33651 35945 24042 11459 67347 66323 56683 50482 67037 71771 5560 96037 60558 8936 3629 19383 17521 41716 45251 76613 52016 57065 6984 63839 14477 50135 22641 33864 31514 35042 49267 25379 41424 80811 61111 8262 41617 38107 3920 64957 76933 11289 19461 96698 1716 13157 40706 74863 80610 49920 8678 61200 64262 32676 69444 7071 73895 10909 28471 27712 20378 69266 68416 38177 24847 52589 92284 59617 89112 33349 85975 36703 3513 5765 89013 23156 18431 24310 83430 74045 31874 40432 4604 60042 64975 27359 1618 92377 86551 17633 84493 93773 72918 29168 60957 54729 96917 81119 74862 17154 74335 84202 48244 12160 81771 88928 81404 83085 31836 85016 17258 8846 55352 80387 35532
62513 94926 96669 46617 94471 22343 32800 97904 4186 26865 46829 14549 58810 23381 3099 53311 27704 70625 49321 89733 46983 74391 19733 62481 20639 3761 36393 78668 37542 52097 58333 9806 25109 9134 76076 11323 90716 75015 46825 67690 60245 62214 8304 46997 73541 82182 50301 41759 20469 23204 29308 34521 27057 80754 58750 34259 75015 31274 71675 92238 58372 88860 28149 59723 36057 46193 99443 98567 4166 95620 59663 79331 59814 64729 58687 71039 59997 50079 45837 55652 83982 91475 99687 46178 85228 34415 9629 65768 2469 31706 46030 84943 6001 94532 88946 84956 31335 3751 15632 10380 51772 86191 24312 60417 90749 56664 4854 7368 26374 81112 83936 84719 89123 76799 26783 27826 30162 19966 22874 98106 95208 97830 19183 59046 85797 81768 5283 82264
96352 12814 84459 79826 91763 43304 8601 66430 15284 2811 9505 50807 95241 32170 58070 43581 45312 15219 51828 86661 19172 79678 6670 46175 91933 93982 6265 94388 90246 19322 81308 28529 15281 15588 72984 61092 17140 89296 87170 72391 39356 83031 34398 26012 67972 79764 75260 49189 85737 42909 36000 77179 61631 74265 40323 41112 39688 68449 2331 60720 12803 23900 27083 97832 7025 6778 63738 49546 82911 85737 64339 29499 31003 47029 84753 14156 46327 62582 21217 30353 23696 24769 7695 69619 45032 35651 4482 52570 12688 61954 730 68500 35587 96699 3704 35916 29589 8431 13664 73236 37265 78438 18254 51547 66742 91207 82091 17621 62392 67754 26918 47603 21793 23094 66079 19367 25850 26057 58 60017 65277 68827 93676 24964 43255 77994 33911 56076
5109 31769 56773 29608 22880 27063 11433 1051 90067 3734 72432 86504 34904 67747 92779 9965 82518 55628 84869 7010 82493 310 14941 38054 96741 38802 3373 14561 97291 56195 40112 80796 34501 54618 34543 92347 70692 28177 28877 47206 65099 74551 30582 78484 17886 34304 19408 10801 53216 87634 2526 68701 28200 47435 21885 47628 72907 18513 58399 26716 60307 86949 92857 81410 84075 47722 58944 72163 60384 342 62894 26068 22685 11971 23050 18812 72075 47491 88065 97357 9931 59317 77982 37433 37538 33128 60158 81966 94338 40864 59742 83548 13187 90937 74983 843 4885 87505 80267 64041 64075 8580 91465 25613 77459 50603 76775 92405 91450 27339 23274 81582 61466 95162 77512 16366 16826 99434 86578 21570 21756 63900 33250 11514 64285 5155 77094 56347
43554 3056 48294 44765 65606 80551 53942 75865 58678 94433 80437 32401 9528 56424 93246 74320 81379 32052 83974 38519 43131 54384 96041 67010 95710 18841 65466 55744 38076 52474 5000 53129 22488 70508 6486 76346 70289 59909 29578 12700 3884 2722 76251 26981 34750 2744 83340 16531 82026 29626 61678 47308 68775 46880 89758 57579 6163 25690 47935 44019 67201 77827 12926 25152 32674 71371 35890 70569 79730 19012 34923 74723 78258 31744 61449 84446 81046 26826 9616 53091 28439 532 94050 58739 99954 61515 58699 29439 83985 30222 41192 6416 79157 36788 76539 6615 63215 9894 6557 13405 5173 5452 92368 38525 76068 54750 9436 49491 95639 51029 87170 67704 83592 64982 29055 63501 64831 19302 52736 5321 8700 95185 30935 13015 43519 13350 25043 96990
55391 5269 22048 49707 32914 93164 32260 27255 50730 1576 11578 15976 90670 64425 48739 30932 39435 77344 69247 8032 10982 84252 19001 36059 38218 5517 43391 38462 6805 96810 29189 45168 14757 43487 86369 84948 4031 5004 52449 82855 73285 94573 40034 63764 36253 5045 96651 16189 69442 20129 65878 95245 55782 47231 89664 42055 98308 9745 56298 71438 435 22982 47516 42670 80150 2336 777 93311 11142 74991 31055 59778 57094 81348 4198 26516 34417 80479 29488 27411 32601 43484 1972 72103 82757 80663 22402 38997 82084 77944 47287 79814 77008 4889 89366 14559 61588 93322 66673 95323 50506 9216 69661 46279 70752 95244 6681 11202 59088 22181 83956 80005 25046 43504 56994 1855 23358 60780 78394 39156 91898 64369 46900 21734 98018 59560 9641 8575
75300 54232 90829 65556 60370 57320 30128 6727 40655 21271 59980 98933 67452 19186 49188 61626 5866 83697 72832 78434 61176 32423 72383 3657 45971 91520 46470 39184 70549 27056 3726 50610 83413 23243 58049 78283 82143 37492 96390 16878 63774 57377 87976 52124 53884 52135 4106 71170 10856 67931 48068 80014 67162 86299 424 50699 62181 92402 37051 7028 35643 41018 42193 54761 30381 57596 39955 25292 84151 18314 12732 558 64557 79707 10102 81154 98990 17850 52317 73907 79411 35930 21381 33510 85131 29570 92060 88316 16916 92928 537 54595 13250 34693 76159 63272 18849 91918 1528 6049 49794 24199 41927 27072 96469 59064 96343 670 7403 22363 1990 51612 95977 39667 65170 12976 42580 10902 31331 519 69106 94846 15127 87844 14366 82132 43094 41847
33629 78670 81982 71016 73883 28145 49816 76130 38854 32692 79604 30537 21805 25636 59259 69598 67965 81247 43020 47727 89994 71934 19048 25502 57064 14991 75981 36880 59700 68393 43050 82433 41811 39864 1577 23062 55961 7349 81852 31074 63153 14229 46966 327 2092 45726 18811 73144 95696 92970 41280 84492 52787 56592 37757 59152 18181 41252 48451 10050 77334 67903 21990 41540 96538 14706 56009 33526 82720 99533 61233 15875 53464 91666 83555 32862 6432 45441 66143 12723 88314 54919 67838 43874 36963 90830 23071 74860 82215 88617 7414 13438 15739 37184 8986 8205 22183 28225 21251 26131 46566 38438 2791 79284 14082 57992 81895 19574 73468 21244 39324 67985 49825 16835 67858 56417 31605 3619 5457 19876 52077 54271 82182 80284 64710 3776 81030 79358
65528 1622 96307 8939 67928 50291 36107 98605 22447 63201 44577 84829 25067 41725 55664 81405 74442 83684 55791 6276 12801 7425 53050 37068 34179 32140 3810 73352 85608 13173 10330 62349 98117 99450 93361 66948 41558 76720 15594 79429 72772 48437 61904 8736 81288 23761 95255 61861 42794 19866 60385 16387 27846 82286 83272 45068 50805 63775 10783 398 27898 86207 52118 75379 22641 67004 47649 85409 81796 27999 91976 44277 21343 54881 81232 82694 54240 3740 24453 91801 39360 79607 62252 11520 17112 98521 67916 64407 22385 72634 23331 70884 34908 76071 49459 78339 1990 25085 44174 66458 47839 36139 18372 78850 44743 63235 49432 12309 55642 63001 56226 80396 86276 29090 12352 26903 55051 5631 75831 8577 72805 67162 89903 17915 15468 72728 69203 43849
38622 79819 26129 20990 90244 93450 67370 36124 6310 2268 47735 97480 66650 77945 9314 13190 57357 62167 78508 35039 74754 17562 7099 17229 23356 55968 39443 51403 15889 25480 20065 36346 31205 79845 37082 18041 72513 33071 49337 55522 93830 11046 31065 42700 37069 41493 9745 40398 45255 75717 46010 3461 30285 36079 2530 28701 44461 52918 76308 45690 21395 22059 32083 26673 48766 12543 87231 5881 33108 61979 87895 43790 93855 70099 9241 52684 34768 35200 86877 35994 15446 67336 56510 49725 85565 64982 47656 40796 87699 58259 67090 83957 32693 2855 80645 23585 29891 75263 1209 33244 32715 24385 55637 24810 6255 7148 68250 51023 72052 9424 47809 79755 40979 13591 1005 74910 31251 17855 5182 5030 2094 53104 35223 18014 9680 18438 57245 95119
72919 20409 84831 45170 79251 73104 53167 51204 21490 10190 57679 27979 73283 86484 23436 7411 41855 42560 55405 84885 58668 88388 5861 27916 61053 91718 72547 36281 49946 96470 54406 46520 4038 57837 82655 92161 92825 21396 31332 86573 20684 30085 41394 89123 52903 48874 94418 69936 10744 63385 57508 67083 33873 44695 30690 3985 97853 22989 41452 3116 15833 92182 6674 79477 14570 51298 97771 51185 24986 45636 29062 4097 35628 31494 83452 54696 4546 22365 31659 36630 56728 96260 96980 29885 98990 7659 77879 16862 49558 52912 98672 68121 99497 29411 22834 50400 96820 43636 99309 47688 18112 20718 87258 85018 26765 47064 99013 34263 19365 42288 4374 93316 44283 66753 26451 23393 96667 29227 47087 63986 36979 15614 7751 97624 93224 93679 23315 7794
255204 1198293 1306272 425717 905658 680906 1053352 362650 15659 122502 979550 808279 24289 1095681 1187779 825477 189366 528285 214104 910980 765283 1301638 236858 777697 428008 865618 217178 409853 772469 402373 1124099 1387119 839217 740832 1096747 513347 701852 551238 220368 756430 799339 612182 980092 229429 793200 1057793 270511 1144860 425845 900364 1049897 1107465 1008213 571698 641685 1301669 209708 1317869 319023 140861 1331261 1316990 355871 1030151 613690 1042256 290563 523037 985848 650217 411369 886541 600937 736067 997122 903040 1214721 1061036 772337 1258563 300907 511876 1009181 733560 1240481 699765 512130 1552814 1176815 800199 843191 479413 110063 783361 791338 924491 846663 1064077 504669 779798 542684 1134426 1043769 267633 1044987 489947 440200 621693 1213732 1187140 699107 1415278 536120 161791 153621 847800 802185 96478 103744 175866 347866 1110702 620007 420752 969650 622486 963628 1013360
