64
0 1 1 1 1 1 1 1 1 1 1 1 1 1 1 1 1 1 1 1 1 1 1 1 1 1 1 1 1 1 1 0 1 1 1 1 1 1 1 1 1 1 1 1 1 1 1 1 1 1 1 1 1 1 1 1 1 1 1 1 1 1 1 1
1 0 1 1 1 1 1 0 1 1 1 1 1 1 1 1 1 1 1 1 1 1 1 1 0 1 1 1 1 1 1 1 1 1 1 1 1 1 1 1 1 1 1 1 1 1 1 1 1 1 0 1 1 1 1 1 1 1 1 1 0 1 1 1
1 1 0 1 1 1 1 1 1 1 1 1 1 1 0 1 1 1 1 1 1 1 1 1 1 1 0 1 1 1 1 1 1 1 1 1 1 1 0 1 1 1 1 1 1 1 1 1 1 1 1 1 1 1 1 1 1 1 1 0 1 1 1 1
1 1 1 0 1 1 1 1 1 1 1 1 1 1 1 1 1 1 0 1 1 1 1 1 1 1 1 1 1 1 1 0 1 1 1 1 1 0 1 1 1 1 1 1 1 0 1 1 1 1 1 1 1 1 0 1 1 1 0 1 1 1 1 1
1 1 1 1 0 1 1 1 1 1 1 1 1 1 1 1 1 1 1 1 1 0 0 1 1 1 1 1 1 1 1 1 1 1 1 1 1 1 1 0 1 1 1 1 1 1 1 1 1 1 1 1 1 1 1 1 1 0 1 1 1 1 1 1
1 1 1 1 1 0 1 1 1 1 1 1 1 1 1 1 1 1 1 1 1 1 1 1 1 1 1 1 1 1 1 1 1 1 1 1 1 1 1 1 1 1 1 1 1 1 1 1 1 1 1 1 1 1 1 1 0 1 1 1 1 1 1 1
1 1 1 1 1 1 0 1 1 1 1 1 1 1 1 1 1 1 1 1 1 1 1 1 1 1 1 1 1 1 1 1 1 0 1 1 1 1 1 1 1 1 0 1 1 1 1 1 1 1 1 1 1 1 1 1 1 1 1 1 1 1 1 1
1 0 1 1 1 1 1 0 1 1 1 1 1 1 1 0 1 1 1 1 1 1 1 1 1 1 1 1 1 1 1 1 1 1 0 1 1 1 1 1 0 1 1 1 1 1 1 1 0 0 1 1 1 1 1 1 1 1 1 1 1 1 1 1
1 1 1 1 1 1 1 1 0 1 0 0 1 1 1 1 1 1 1 1 0 1 1 1 1 0 1 1 1 1 1 1 1 1 1 1 1 1 1 1 0 1 1 1 1 1 1 1 1 1 1 1 1 1 1 1 1 1 1 1 1 1 1 1
1 1 1 1 1 1 1 1 1 0 0 1 1 1 1 1 1 1 1 1 1 1 0 1 0 1 1 1 1 1 1 1 1 1 1 1 1 1 1 1 1 1 1 1 1 1 1 1 1 1 1 1 1 1 1 1 1 1 1 1 1 1 1 1
1 1 1 1 1 1 1 1 0 0 0 1 1 1 1 1 1 1 1 1 1 1 1 0 1 1 1 1 1 1 1 0 1 1 1 1 1 1 1 1 1 1 1 1 1 1 1 1 1 1 1 1 1 1 1 1 1 1 1 1 1 1 1 1
1 1 1 1 1 1 1 1 0 1 1 0 1 1 1 1 1 1 1 1 1 1 1 1 1 1 1 1 1 1 1 1 1 1 1 1 1 1 1 1 1 1 1 1 1 1 1 1 1 1 1 1 1 1 1 1 1 1 1 1 1 1 1 1
1 1 1 1 1 1 1 1 1 1 1 1 0 1 1 1 1 1 1 1 1 1 1 1 1 1 1 1 1 1 1 1 1 1 1 1 1 1 1 1 1 1 1 0 0 1 1 1 1 1 1 1 1 1 1 1 1 1 1 1 1 1 1 1
1 1 1 1 1 1 1 1 1 1 1 1 1 0 1 1 1 1 1 1 1 1 1 1 1 1 1 1 1 1 1 0 1 1 1 1 1 1 1 1 1 1 1 1 1 1 1 0 1 1 1 1 1 1 1 1 1 1 1 1 1 1 1 1
1 1 0 1 1 1 1 1 1 1 1 1 1 1 0 1 1 1 0 1 1 1 1 1 1 1 1 1 1 1 1 1 1 1 1 1 1 1 1 1 1 1 1 1 1 1 1 1 1 0 1 1 1 1 1 1 1 1 1 1 1 1 1 1
1 1 1 1 1 1 1 0 1 1 1 1 1 1 1 0 1 1 1 0 1 1 1 1 1 1 1 1 1 1 1 1 0 1 1 1 1 1 1 1 1 1 1 1 1 1 1 1 1 1 1 1 1 1 1 1 1 1 1 1 1 1 1 0
1 1 1 1 1 1 1 1 1 1 1 1 1 1 1 1 0 1 1 1 0 1 1 1 1 0 1 1 1 1 1 1 1 1 1 1 1 1 1 1 1 1 1 1 0 1 1 1 1 1 1 1 1 1 1 1 0 1 1 1 1 1 1 1
1 1 1 1 1 1 1 1 1 1 1 1 1 1 1 1 1 0 1 1 1 1 1 0 1 1 1 1 1 1 1 0 1 1 1 1 1 1 1 1 1 1 1 0 1 1 1 1 1 1 1 1 1 1 1 1 1 1 1 1 1 1 1 1
1 1 1 0 1 1 1 1 1 1 1 1 1 1 0 1 1 1 0 1 1 1 1 1 1 1 1 1 1 1 1 1 1 1 1 1 1 1 1 1 1 1 1 1 1 1 1 0 1 1 1 1 1 1 1 1 0 1 1 1 1 1 1 1
1 1 1 1 1 1 1 1 1 1 1 1 1 1 1 0 1 1 1 0 1 1 1 1 1 1 1 1 1 1 1 1 1 1 1 1 1 1 1 1 1 1 1 1 1 1 1 1 1 1 1 1 1 1 1 1 1 1 0 1 1 1 1 0
1 1 1 1 1 1 1 1 0 1 1 1 1 1 1 1 0 1 1 1 0 1 1 1 1 1 1 1 1 1 1 1 0 1 1 1 1 1 1 0 1 1 1 1 1 0 1 1 1 1 1 1 1 1 1 1 1 1 1 1 1 1 1 1
1 1 1 1 0 1 1 1 1 1 1 1 1 1 1 1 1 1 1 1 1 0 1 0 1 1 1 1 1 1 1 1 1 1 1 1 1 1 1 1 1 1 1 1 1 1 1 1 1 1 1 1 1 1 1 1 1 1 1 1 0 0 1 1
1 1 1 1 0 1 1 1 1 0 1 1 1 1 1 1 1 1 1 1 1 1 0 1 1 1 1 0 1 0 1 1 1 1 1 1 1 1 1 1 1 1 1 1 1 1 1 1 1 1 1 1 1 1 1 1 1 1 1 1 1 1 1 1
1 1 1 1 1 1 1 1 1 1 0 1 1 1 1 1 1 0 1 1 1 0 1 0 1 1 1 1 1 1 1 1 1 1 1 1 1 1 1 1 1 1 1 1 1 1 1 1 1 1 1 1 1 1 1 1 1 1 1 1 1 1 1 1
1 0 1 1 1 1 1 1 1 0 1 1 1 1 1 1 1 1 1 1 1 1 1 1 0 0 1 1 1 1 1 1 1 1 0 1 1 1 1 1 1 1 1 1 1 1 1 1 1 1 1 1 1 1 1 1 1 1 1 1 1 1 1 1
1 1 1 1 1 1 1 1 0 1 1 1 1 1 1 1 0 1 1 1 1 1 1 1 0 0 1 1 1 0 1 1 1 1 1 1 1 1 0 1 1 1 1 1 1 1 1 0 1 1 0 1 1 1 1 1 1 1 1 1 1 1 1 1
1 1 0 1 1 1 1 1 1 1 1 1 1 1 1 1 1 1 1 1 1 1 1 1 1 1 0 1 1 1 1 0 1 1 1 1 1 1 1 1 0 1 1 1 1 1 0 1 1 0 1 1 1 1 1 1 1 1 1 1 1 1 1 1
1 1 1 1 1 1 1 1 1 1 1 1 1 1 1 1 1 1 1 1 1 1 0 1 1 1 1 0 1 1 1 1 1 1 1 1 1 1 1 1 1 1 1 1 1 1 1 1 1 1 1 1 1 1 1 1 1 1 1 1 1 1 1 1
1 1 1 1 1 1 1 1 1 1 1 1 1 1 1 1 1 1 1 1 1 1 1 1 1 1 1 1 0 1 1 1 1 1 1 1 1 1 1 1 1 1 1 1 1 1 1 0 1 1 1 1 1 0 0 1 1 1 1 1 1 1 1 1
1 1 1 1 1 1 1 1 1 1 1 1 1 1 1 1 1 1 1 1 1 1 0 1 1 0 1 1 1 0 1 0 1 1 1 1 1 1 1 0 1 1 1 1 1 1 1 1 1 1 1 1 1 1 1 1 1 1 1 1 1 1 1 1
1 1 1 1 1 1 1 1 1 1 1 1 1 1 1 1 1 1 1 1 1 1 1 1 1 1 1 1 1 1 0 1 1 1 1 1 1 1 1 1 1 1 0 0 1 1 1 1 1 1 1 1 1 1 0 1 1 1 1 1 0 1 1 1
0 1 1 0 1 1 1 1 1 1 0 1 1 0 1 1 1 0 1 1 1 1 1 1 1 1 0 1 1 0 1 0 1 1 0 1 1 1 1 1 0 1 1 0 1 1 1 1 1 1 1 1 1 1 1 1 1 1 1 1 1 1 1 0
1 1 1 1 1 1 1 1 1 1 1 1 1 1 1 0 1 1 1 1 0 1 1 1 1 1 1 1 1 1 1 1 0 1 1 1 1 0 1 1 1 1 1 1 1 1 1 1 1 1 1 1 1 1 1 1 1 1 1 1 1 1 1 1
1 1 1 1 1 1 0 1 1 1 1 1 1 1 1 1 1 1 1 1 1 1 1 1 1 1 1 1 1 1 1 1 1 0 1 1 1 1 1 1 1 1 1 1 1 0 1 1 1 1 1 1 1 1 0 1 1 1 1 1 1 1 1 1
1 1 1 1 1 1 1 0 1 1 1 1 1 1 1 1 1 1 1 1 1 1 1 1 0 1 1 1 1 1 1 0 1 1 0 1 1 1 1 1 1 1 1 1 1 1 1 1 1 1 1 1 1 1 1 1 1 1 1 1 1 1 1 1
1 1 1 1 1 1 1 1 1 1 1 1 1 1 1 1 1 1 1 1 1 1 1 1 1 1 1 1 1 1 1 1 1 1 1 0 1 1 1 1 1 1 1 1 1 1 1 1 1 1 0 1 1 1 1 1 1 1 1 1 1 1 1 1
1 1 1 1 1 1 1 1 1 1 1 1 1 1 1 1 1 1 1 1 1 1 1 1 1 1 1 1 1 1 1 1 1 1 1 1 0 0 1 1 1 0 1 1 0 1 1 1 1 1 1 1 1 1 1 1 1 1 1 1 1 1 1 0
1 1 1 0 1 1 1 1 1 1 1 1 1 1 1 1 1 1 1 1 1 1 1 1 1 1 1 1 1 1 1 1 0 1 1 1 0 0 1 1 1 1 1 1 1 1 1 1 1 1 1 1 1 1 1 1 1 1 1 1 1 1 1 1
1 1 0 1 1 1 1 1 1 1 1 1 1 1 1 1 1 1 1 1 1 1 1 1 1 0 1 1 1 1 1 1 1 1 1 1 1 1 0 1 1 1 1 1 1 1 1 1 1 1 1 1 1 1 1 1 1 1 1 1 0 1 0 1
1 1 1 1 0 1 1 1 1 1 1 1 1 1 1 1 1 1 1 1 0 1 1 1 1 1 1 1 1 0 1 1 1 1 1 1 1 1 1 0 1 1 1 1 1 1 1 1 1 1 1 1 1 1 1 1 1 1 1 1 1 1 1 1
1 1 1 1 1 1 1 0 0 1 1 1 1 1 1 1 1 1 1 1 1 1 1 1 1 1 0 1 1 1 1 0 1 1 1 1 1 1 1 1 0 1 1 1 1 1 1 1 0 1 1 1 1 1 1 1 1 1 1 1 1 1 1 1
1 1 1 1 1 1 1 1 1 1 1 1 1 1 1 1 1 1 1 1 1 1 1 1 1 1 1 1 1 1 1 1 1 1 1 1 0 1 1 1 1 0 1 1 1 1 1 1 1 1 1 1 1 1 1 1 1 1 1 1 1 1 1 1
1 1 1 1 1 1 0 1 1 1 1 1 1 1 1 1 1 1 1 1 1 1 1 1 1 1 1 1 1 1 0 1 1 1 1 1 1 1 1 1 1 1 0 1 1 1 1 1 1 1 1 1 1 1 1 1 1 1 1 1 1 1 1 1
1 1 1 1 1 1 1 1 1 1 1 1 0 1 1 1 1 0 1 1 1 1 1 1 1 1 1 1 1 1 0 0 1 1 1 1 1 1 1 1 1 1 1 0 0 1 1 1 1 1 1 1 1 0 1 1 1 1 1 1 1 1 1 1
1 1 1 1 1 1 1 1 1 1 1 1 0 1 1 1 0 1 1 1 1 1 1 1 1 1 1 1 1 1 1 1 1 1 1 1 0 1 1 1 1 1 1 0 0 1 1 1 1 1 1 1 1 1 1 1 1 1 1 1 1 1 1 1
1 1 1 0 1 1 1 1 1 1 1 1 1 1 1 1 1 1 1 1 0 1 1 1 1 1 1 1 1 1 1 1 1 0 1 1 1 1 1 1 1 1 1 1 1 0 1 1 1 1 1 1 1 1 1 1 1 1 1 1 0 1 1 1
1 1 1 1 1 1 1 1 1 1 1 1 1 1 1 1 1 1 1 1 1 1 1 1 1 1 0 1 1 1 1 1 1 1 1 1 1 1 1 1 1 1 1 1 1 1 0 1 1 1 1 1 1 1 1 1 1 1 1 1 1 1 1 1
1 1 1 1 1 1 1 1 1 1 1 1 1 0 1 1 1 1 0 1 1 1 1 1 1 0 1 1 0 1 1 1 1 1 1 1 1 1 1 1 1 1 1 1 1 1 1 0 1 1 1 1 1 1 1 1 1 1 1 1 1 1 1 1
1 1 1 1 1 1 1 0 1 1 1 1 1 1 1 1 1 1 1 1 1 1 1 1 1 1 1 1 1 1 1 1 1 1 1 1 1 1 1 1 0 1 1 1 1 1 1 1 0 1 1 1 1 1 0 1 1 1 1 0 1 1 1 1
1 1 1 1 1 1 1 0 1 1 1 1 1 1 0 1 1 1 1 1 1 1 1 1 1 1 0 1 1 1 1 1 1 1 1 1 1 1 1 1 1 1 1 1 1 1 1 1 1 0 1 1 1 1 1 1 1 1 1 1 1 1 1 1
1 0 1 1 1 1 1 1 1 1 1 1 1 1 1 1 1 1 1 1 1 1 1 1 1 0 1 1 1 1 1 1 1 1 1 0 1 1 1 1 1 1 1 1 1 1 1 1 1 1 0 1 1 1 1 1 1 1 1 1 1 0 1 1
1 1 1 1 1 1 1 1 1 1 1 1 1 1 1 1 1 1 1 1 1 1 1 1 1 1 1 1 1 1 1 1 1 1 1 1 1 1 1 1 1 1 1 1 1 1 1 1 1 1 1 0 1 1 1 1 1 1 1 1 0 1 1 1
1 1 1 1 1 1 1 1 1 1 1 1 1 1 1 1 1 1 1 1 1 1 1 1 1 1 1 1 1 1 1 1 1 1 1 1 1 1 1 1 1 1 1 1 1 1 1 1 1 1 1 1 0 1 1 1 1 1 1 1 1 1 1 1
1 1 1 1 1 1 1 1 1 1 1 1 1 1 1 1 1 1 1 1 1 1 1 1 1 1 1 1 0 1 1 1 1 1 1 1 1 1 1 1 1 1 1 0 1 1 1 1 1 1 1 1 1 0 1 1 1 1 1 1 1 1 1 1
1 1 1 0 1 1 1 1 1 1 1 1 1 1 1 1 1 1 1 1 1 1 1 1 1 1 1 1 0 1 0 1 1 0 1 1 1 1 1 1 1 1 1 1 1 1 1 1 0 1 1 1 1 1 0 1 1 1 1 1 1 1 1 1
1 1 1 1 1 1 1 1 1 1 1 1 1 1 1 1 1 1 1 1 1 1 1 1 1 1 1 1 1 1 1 1 1 1 1 1 1 1 1 1 1 1 1 1 1 1 1 1 1 1 1 1 1 1 1 0 1 1 1 1 1 1 1 1
1 1 1 1 1 0 1 1 1 1 1 1 1 1 1 1 0 1 0 1 1 1 1 1 1 1 1 1 1 1 1 1 1 1 1 1 1 1 1 1 1 1 1 1 1 1 1 1 1 1 1 1 1 1 1 1 0 1 0 1 1 1 1 1
1 1 1 1 0 1 1 1 1 1 1 1 1 1 1 1 1 1 1 1 1 1 1 1 1 1 1 1 1 1 1 1 1 1 1 1 1 1 1 1 1 1 1 1 1 1 1 1 1 1 1 1 1 1 1 1 1 0 1 1 1 1 1 1
1 1 1 0 1 1 1 1 1 1 1 1 1 1 1 1 1 1 1 0 1 1 1 1 1 1 1 1 1 1 1 1 1 1 1 1 1 1 1 1 1 1 1 1 1 1 1 1 1 1 1 1 1 1 1 1 0 1 0 1 1 1 1 1
1 1 0 1 1 1 1 1 1 1 1 1 1 1 1 1 1 1 1 1 1 1 1 1 1 1 1 1 1 1 1 1 1 1 1 1 1 1 1 1 1 1 1 1 1 1 1 1 0 1 1 1 1 1 1 1 1 1 1 0 1 1 1 1
1 0 1 1 1 1 1 1 1 1 1 1 1 1 1 1 1 1 1 1 1 0 1 1 1 1 1 1 1 1 0 1 1 1 1 1 1 1 0 1 1 1 1 1 1 0 1 1 1 1 1 0 1 1 1 1 1 1 1 1 0 1 1 0
1 1 1 1 1 1 1 1 1 1 1 1 1 1 1 1 1 1 1 1 1 0 1 1 1 1 1 1 1 1 1 1 1 1 1 1 1 1 1 1 1 1 1 1 1 1 1 1 1 1 0 1 1 1 1 1 1 1 1 1 1 0 1 1
1 1 1 1 1 1 1 1 1 1 1 1 1 1 1 1 1 1 1 1 1 1 1 1 1 1 1 1 1 1 1 1 1 1 1 1 1 1 0 1 1 1 1 1 1 1 1 1 1 1 1 1 1 1 1 1 1 1 1 1 1 1 0 0
1 1 1 1 1 1 1 1 1 1 1 1 1 1 1 0 1 1 1 0 1 1 1 1 1 1 1 1 1 1 1 0 1 1 1 1 0 1 1 1 1 1 1 1 1 1 1 1 1 1 1 1 1 1 1 1 1 1 1 1 0 1 0 0
88131 25386 79076 6848 82057 84732 95326 66003 86750 13684 36568 36085 60449 18316 42116 12435 89641 7021 59640 18862 22382 35759 41952 29802 2389 7519 16481 57133 2858 23198 93854 96848 32970 35308 30553 76559 71073 24938 30167 2820 53749 48794 4121 28549 85600 80757 96885 63024 73487 61404 57409 71882 9404 12483 16292 79441 18194 55538 48165 30916 69133 64061 68868 93155 39334 28668 30335 12879 45010 20984 76132 92689 83930 17009 22164 27566 62207 42004 45799 35528 65366 30658 55278 33787 36557 3874 59623 90606 72723 51117 81283 79323 34878 47330 19245 58302 82251 46889 76320 43781 40647 30928 19364 22459 62029 54021 12619 20647 46486 84228 65130 95079 97686 23720 45389 61459 61911 19045 67043 57360 20591 45046 52395 70168 37102 58121 87944 13605
36347 73970 74127 48257 19197 7062 4891 23438 31367 20324 54275 50688 62410 61177 33849 73807 14079 88601 46609 8480 20480 38445 33670 53324 77270 52980 806 93183 94658 50860 30685 83292 82682 73350 72907 38238 53443 86930 33458 27388 43622 7597 3817 64893 12397 67804 82350 3816 40131 19068 88078 91525 97781 69474 3229 5049 76537 85483 49050 73026 82554 11800 30265 17118 34508 61629 67685 21291 29366 77888 3561 64650 20789 53035 58033 71412 89384 41619 36589 40847 72301 3631 66930 13266 19633 46152 38885 64612 83276 95594 92818 66664 85027 42032 74915 3708 59212 52487 53719 25522 33306 4672 14084 5124 16236 88368 74421 59814 879 28000 84821 24187 80971 96250 62387 30414 23560 91497 33581 79071 8159 52877 25783 70594 91502 41514 62620 62105
10543 95024 80562 48166 24523 63588 34098 26144 1076 95939 47934 70419 91402 18859 52334 40891 8777 3663 99055 86727 80678 76684 42577 92728 80364 58515 33768 87337 57057 51715 72768 59814 16698 1315 45839 33367 13525 65951 62019 63964 69762 40948 4012 50527 60646 15267 96358 24088 86668 22498 74036 56138 59559 36324 92286 28672 42886 12244 86919 7946 40380 87146 26386 97451 64758 61687 37936 48618 79588 69473 52326 72984 72795 85816 89629 80354 52313 87189 28227 38637 16733 61797 64873 91696 1695 12331 2048 35835 54837 89119 90756 31778 94772 682 60325 13578 11770 9060 11376 54446 6138 71982 48693 24391 989 63884 67390 84411 50022 36725 81503 77780 83972 13421 6006 30367 55107 46331 58588 80986 51315 23354 37229 87216 9695 74579 48706 35267
10530 70010 99681 365 1585 26123 55388 92713 92332 70398 31578 43424 21499 26083 78970 28598 66520 22574 70503 29049 92572 3334 60151 65096 68856 58053 65672 89221 67110 99096 60770 19334 6744 93859 10461 48182 6417 29012 61313 5410 44259 83508 75966 29706 19257 19151 62611 50440 99749 1225 13872 1409 67803 10300 75250 20734 25802 82751 70231 84175 45188 80831 18674 46382 2526 41815 94165 96566 10091 59507 80960 71489 17898 86490 98834 96428 34461 17544 22161 75713 83185 60390 92314 13131 60037 6528 96787 38743 53641 28912 26227 2047 79024 66658 55280 18631 76902 8046 45275 23463 72279 72751 5397 22598 2804 36295 27112 55770 4357 97795 78820 57488 89129 6441 2537 29377 66081 83845 70752 13616 92424 74059 46580 78721 71076 61868 97231 50486
22920 77733 89182 94316 62654 39703 34370 2140 29157 17818 84748 20534 79452 21001 68031 26781 54137 34019 76768 17203 84307 76128 71181 8803 8099 30484 30107 86952 66466 23013 1087 11570 67115 43848 33758 49182 16836 31288 15834 48975 19405 5979 67218 84015 3803 43286 11148 71952 21662 72157 69049 6338 94672 12795 90600 39019 48689 72213 31895 72577 94158 46833 28458 81540 92902 26270 81284 46024 65003 95076 25257 46915 50304 73002 58457 80971 68864 23486 39486 63758 93417 65384 49521 30307 68245 42043 3700 37504 90491 81715 78535 39619 21340 78657 61127 49048 69254 56206 78617 3893 52758 57362 44016 31101 70647 15044 6435 97925 69398 21169 97208 44885 51590 16019 81391 56500 34824 37682 53599 89548 23075 8740 27092 78570 37284 3810 56045 41142
59934 13372 30798 60733 80517 76750 90938 17836 46587 52706 74599 96906 37031 93480 22892 83096 19841 66201 98464 70291 86889 39133 80590 36013 40587 40499 60259 9364 19373 65998 72059 69267 89404 30629 35722 85780 33942 8502 42086 91681 39573 13261 2176 33430 95207 55805 39131 88497 92158 33155 43429 9628 43960 28808 12485 58388 65267 15859 79301 46633 78706 92127 90006 98100 10848 81423 89213 11835 74815 37722 95319 24941 93519 77531 94557 37982 70485 81864 13755 50701 19641 34258 61717 85012 36232 86035 74966 40280 21216 34253 18996 33381 84870 28750 49881 55077 82246 69642 87041 55628 81276 70480 84785 63035 22630 32121 50333 28609 14710 40291 69675 23639 20598 39470 18751 93719 54973 71036 47135 5629 21783 19027 39377 59479 56589 32419 17055 21745
78311 61763 8886 30177 99642 52186 67031 89560 76110 51051 53829 26380 4882 34160 6885 86353 33911 56585 10457 16646 43851 96572 91748 78210 93283 63205 35546 58921 8337 18653 14917 58931 38504 98362 65379 37170 39785 64759 21257 7824 79261 68001 42947 68500 51393 13581 47878 63074 54659 80388 53388 80364 34607 40178 96103 34704 30017 30260 37423 80474 34757 48748 99896 89556 91254 7850 25330 96577 85779 65543 83338 83580 11724 69751 77048 87553 73249 73163 71332 11245 50263 33868 70992 67535 57514 96440 65416 59503 59491 23045 93735 37979 56034 5582 71874 50079 6516 45268 41501 17091 25575 3452 27523 148 21940 57999 95677 10836 55005 54188 61450 67880 63432 99172 40321 11477 85070 78224 67253 4308 13046 34772 45693 48203 1046 98333 39686 79762
63144 91422 57440 95322 55535 93450 70252 34541 849 96751 98938 79713 43696 24294 38402 69801 83734 6797 98717 80614 11313 92459 4528 65748 9358 40871 82677 75802 5180 4997 55669 54533 19847 14095 69021 87550 83642 4324 34577 98361 14354 48296 54424 35205 95315 89682 14235 42076 50263 91963 23002 30691 4817 99626 94313 98351 72050 37111 93904 4360 57969 39849 74427 26331 685 9737 80331 79553 91511 48304 40036 51479 25743 57646 44222 92767 57764 76934 17768 89293 70731 94905 76838 52183 71419 64986 24889 88805 55257 16184 1637 95443 93459 49331 64815 56238 4228 72550 61284 66083 73965 2346 27075 20301 79594 52797 10555 89726 82501 92120 63773 68391 83590 54377 23443 77388 75857 75897 93890 92400 73484 51831 10015 82160 89834 85722 68477 28284
66674 95883 39931 4984 94602 33561 77230 32600 70716 84754 56779 57406 26196 42557 2896 45312 44451 41579 60777 36709 90185 49382 59860 74679 92284 61310 28924 78119 48829 36123 53419 26786 97015 51847 85542 53375 13605 39559 11695 27097 6473 24480 3211 95408 23008 23737 258 78051 50469 57602 88078 30455 42791 19137 51583 7758 54328 14140 94714 53998 80947 49121 84488 87401 33381 35020 67788 3056 65056 44403 50339 14852 85396 97499 92834 24864 84053 20453 17828 13163 18481 92455 96053 44445 81301 8505 46 49964 94839 39188 49447 46364 7110 1497 62358 7993 932 92821 53771 26333 7366 35943 11944 25248 86485 40156 64147 57501 95381 68955 71560 95077 11371 13472 32134 83139 56977 17428 74255 67710 75766 18593 76942 55001 70247 94507 94535 61241
36986 9889 10217 88313 48937 79299 87863 50863 17269 33756 44573 26975 67036 43912 4435 42713 49810 64384 36212 46046 62160 91733 99729 5948 3984 17284 17053 12317 53070 83986 40326 20556 59469 71788 74234 32118 63094 8193 37447 53468 36558 57733 88879 48804 11149 54256 80738 86613 71127 2225 51521 60652 24792 22026 24999 74931 12478 79477 82724 13159 79339 58290 42077 14828 44093 4564 36099 32139 58079 95722 81884 69414 27222 33394 17778 80472 68750 41966 19109 33144 53233 35705 86815 94492 93279 19544 71303 27817 96455 84273 79558 98590 52933 85603 39552 58395 53723 20966 97382 17990 10017 75887 27706 72844 4357 74634 4984 88035 9997 93296 20145 29156 41717 47579 93163 68981 21956 15431 21373 73303 24796 48479 31957 74446 11575 44865 30453 42690
99050 65913 15466 58804 33960 16449 49933 57806 29200 59054 385 33604 37219 43476 57807 59020 34318 56059 20941 90227 67451 16208 63779 12275 63189 100000 99448 5782 76957 79530 25633 72213 77497 11103 94193 78531 35371 84145 46019 18865 30104 70177 85350 93053 5102 71003 3517 92298 4406 74029 87650 99613 95035 85518 51600 29051 49786 88332 10233 91981 3120 3329 42630 18587 55383 86702 35560 82705 15864 1151 42379 14141 83092 3755 89136 77602 65247 6942 87583 58874 59920 75839 35036 16979 80738 84442 31813 90321 81123 51253 16847 43279 86704 53225 66817 19436 7039 19622 10873 19561 93038 21862 93132 72464 88346 53542 45789 58818 91132 7938 36404 43556 16340 58129 73439 13575 15238 81476 54014 80787 5783 7453 54999 30952 41343 64674 29737 12939
98475 56409 18449 77384 93246 66473 45354 51077 62266 81622 66210 58184 51704 42751 61468 64043 59148 13808 62799 66449 41937 17371 24752 90786 73884 62252 13328 28079 22437 42702 36356 87951 77256 85502 27907 74696 38039 41710 51941 88838 5655 52424 87997 84209 83443 39214 52737 926 49386 95838 11648 44924 56886 49237 83679 46620 69139 54584 90995 78291 95801 13477 53396 71061 46583 5760 53874 46253 30260 97816 65887 96616 73662 77571 23439 26559 8498 97250 20037 20307 90123 14103 24961 22590 44440 95709 46394 86428 93240 75955 67182 31109 78329 83908 73962 78642 11129 26098 19000 51796 97546 38696 63270 86187 32251 65012 23800 27276 81943 20713 25497 75902 27173 58775 41717 88305 89758 22002 11115 86979 50907 85013 99773 63986 55710 34853 36976 80671
4472 19129 1326 76750 35072 81459 12039 31973 41786 61524 16184 63059 52793 2545 60865 66475 18211 41728 40110 916 47329 92598 33837 82587 66274 51867 25720 67477 84833 35375 48866 11336 50142 85442 76732 24763 7971 14782 38087 5238 96360 98081 75538 3313 31423 1582 12961 47043 30574 20441 72924 93831 11339 8232 82997 87134 64235 98401 84500 17541 83203 34866 44570 32182 72330 65749 98724 94642 75372 62482 5611 11650 30740 86026 46601 49220 17974 90536 96042 26241 43204 46153 72044 41129 75913 61477 20202 62324 10467 70096 54583 73438 6628 56302 35878 59444 47421 47640 5909 75728 5486 85001 5176 79022 40307 96769 10092 42036 98087 96133 68129 21107 59917 56656 37937 67573 81832 30259 71707 91163 87823 17469 69016 56760 70020 35652 67746 46448
69908 146 95847 55516 26999 18089 79492 83634 48801 77857 29645 8698 26206 64290 27350 48771 83825 21817 51417 36753 49601 94483 60821 37973 58666 91605 56004 67760 23471 25703 210 73764 7006 21039 12066 60200 20608 58484 4652 45589 39431 82539 56226 59906 91452 30671 66880 91966 19052 5259 70211 81395 90146 65934 19229 3370 24475 66586 59331 95718 11213 75940 65097 42647 77345 13536 42742 56829 78670 13930 91514 82314 25892 45440 72300 22352 60492 77304 30198 88670 17423 38704 22380 72180 16918 68786 285 1428 1677 93527 40831 36256 21556 32678 42226 83471 64048 38196 45693 7570 63245 36444 72066 80817 85278 68974 44313 78804 61127 67248 78818 86909 55285 62638 9242 93098 30187 5570 27988 66782 69587 80924 37998 77328 40423 39606 42015 40338
59133 37315 71732 22464 62723 42147 44889 88092 54308 7726 68416 31703 9055 91261 76378 69399 60805 32876 59291 61458 67506 84264 23310 36911 23751 13824 33563 64273 45905 97432 10746 79133 30707 66334 62890 76209 78025 95163 67015 49486 68053 32107 57454 78729 5417 40030 64145 22071 1449 86956 96679 85268 68726 83972 28544 26771 49291 37427 75603 64775 19600 81272 94861 54080 73280 95816 70279 20621 94222 48554 94743 59382 88114 1389 54818 29798 27472 66138 6093 640 27169 47693 19480 34570 15677 17499 78664 65345 15125 51932 22963 73481 78064 11116 7128 44956 63029 89389 11264 47503 2175 42569 76270 50853 18460 40209 77747 92091 21413 90731 35665 94200 3017 96886 89884 48567 68072 78609 20464 24002 29014 78236 32528 25842 91400 60956 40918 6770
6033 8417 67646 59141 70965 65349 43693 87238 34022 3737 44055 34816 46568 19084 92566 98446 13925 72188 33490 42442 61828 38917 59263 96850 4903 98896 62225 11481 99743 92015 81711 2321 73977 63243 38214 56845 4443 12028 9166 45137 9513 76723 13659 9442 29958 404 11877 45903 96808 85727 35850 11286 74300 47063 37148 97698 30510 70906 18644 14062 57869 65739 69200 73745 65102 54387 77197 84485 89169 93695 88172 33156 89312 99766 28805 66337 95207 89138 3817 79918 38819 4210 1786 39937 36132 40689 93729 52919 39503 29830 9806 42383 69354 36299 24625 90412 34171 57370 78098 4348 91061 50393 45588 54533 4743 24929 11779 40690 35632 93334 95442 47016 44616 54184 10284 1742 10514 55114 81438 10493 66161 9929 97276 27110 15716 51941 42853 41449
98776 88650 94455 46663 18348 91289 95396 13183 97011 76445 30857 7465 32979 93899 51960 77634 26748 67765 69756 94893 26582 56380 71728 5059 79980 40227 98910 20113 14654 53449 58481 45116 47238 96622 21223 35792 13427 82127 41254 3526 79622 25483 31192 16957 81832 48623 46981 77674 90345 6422 7456 95684 46118 72687 15562 77718 24893 38471 1766 75173 81150 73725 47387 1877 98072 58324 35693 12369 36133 63111 57540 19949 50261 115 43326 14343 3627 84054 19705 56065 82729 1434 91309 26346 99120 25444 94569 75115 36057 77855 9974 31976 75407 40112 97936 88818 53162 74257 753 62592 66180 42178 90702 42715 11560 48274 76763 50969 63229 65937 45647 23834 46227 81833 90669 66878 77311 99897 13178 13727 20496 81518 89855 2603 88874 20619 37938 44974
83258 59890 43241 60465 16639 78741 18931 39646 1192 76927 92037 99617 58161 69548 57859 91998 73101 53998 15223 9797 4002 40051 96481 88082 76919 9183 92754 37146 24482 23525 53417 28723 42196 59155 80219 91246 46964 89557 44814 21616 49628 58621 28611 7084 18113 97501 56333 16242 89149 1755 54741 97102 68573 92546 67891 16803 23256 78697 94960 96286 16789 5821 91816 51817 47250 92329 15527 2037 50320 44309 14860 19957 62289 65371 56075 31150 86126 79681 30239 82724 81338 87273 54249 55079 75102 74522 31673 92042 18899 99507 1798 47347 29932 58934 41675 33030 64869 17792 98766 17912 68975 96163 89678 78828 2979 99979 65729 87832 61034 67494 15567 43493 94640 29370 48969 50553 81696 49638 14864 89204 50592 94726 80929 44161 34341 24245 38026 66455
96874 11584 21771 97898 45854 30079 93431 33649 58913 47922 70783 41611 8395 23596 28716 83321 64056 56174 64996 78042 23464 40671 82716 91431 63101 87887 19801 62510 24169 91468 70596 90977 57229 76214 33621 40352 73109 19602 3076 72490 90073 54366 92250 78920 55573 35259 38831 29159 62343 25875 96026 6055 60390 82965 722 96967 46186 51091 96658 61240 12756 73812 46740 89472 2867 99461 33886 68899 40509 71003 10354 33190 69393 21275 2352 66262 41840 29540 81966 42799 30495 12780 32245 94782 53593 28411 80683 75722 52729 73648 46073 4686 56760 77740 22700 91365 8392 94324 12158 70685 41626 24472 9593 11740 21305 5948 25117 65367 86435 35940 92569 4625 61949 68787 80298 62727 37049 91299 21075 37031 44743 35502 95589 18068 48644 38197 6095 42294
10916 52147 46435 27993 53732 12187 50346 11060 99897 37396 41036 89104 13607 89822 90260 39996 99344 41625 75514 12039 83862 64215 68429 79232 24605 15211 60842 18831 85660 53409 39543 65816 73867 70802 26188 75386 81936 5574 81562 82583 41756 65528 75400 56609 83748 39652 13363 12608 36586 15144 27865 92452 90550 71809 89666 89144 91985 8109 58360 67104 43518 22742 29961 93785 2726 64975 63425 17934 74717 82334 42940 20895 23156 60290 5535 47583 53327 56633 82857 78862 71808 90716 39067 7677 25151 88274 26247 58105 50749 73433 93633 6551 96093 49330 72462 80087 6425 20948 52908 97682 28270 55764 98496 78345 68930 42522 39750 73023 59842 19831 27079 49794 1197 14405 86860 38689 11565 41368 4293 79883 29759 72397 17480 7853 40004 61310 47863 13559
57937 98703 63739 91840 52934 71253 41977 86937 6891 61812 12805 68962 64521 12980 11213 3323 9565 82923 64468 78900 66743 90949 59332 73362 68642 38725 5079 72563 25738 20802 41095 2802 9684 33130 14450 58711 28336 52013 144 19300 31445 43753 87026 90865 14321 12476 23257 2562 83599 77593 93028 64511 90039 75968 32909 71828 4725 54471 31978 70309 72963 43317 16182 88860 5452 17406 60982 60401 97009 77437 93 30907 90698 72929 80638 44135 20413 75598 11397 72102 94281 32711 54425 19312 21165 99205 80438 56296 35871 30554 6444 21402 87685 81304 18503 82247 19945 73641 69651 63828 59255 88881 9713 34317 64688 3947 38120 29054 88272 13040 43719 24485 98105 42646 59351 33908 23699 25673 22802 38762 65301 90689 81239 31835 4525 76023 46946 85622
1021 22053 68354 52472 75142 82523 6332 25546 79303 18017 26045 39942 90481 38594 15658 56360 73481 40503 2148 78045 86545 65467 4827 65927 3718 46644 35883 61029 11121 11292 96392 6595 38753 5836 7050 85712 95171 40494 70385 90409 62704 99701 25360 30048 98281 40806 51793 66187 23475 67567 93156 56319 75002 5804 17588 83266 94998 93862 29725 80790 59606 7051 25933 85447 20525 27712 75019 18826 32678 82582 94803 83401 2700 75798 80358 2069 63247 74623 15373 54012 50739 75511 63254 13380 46790 6640 68388 1054 1416 56043 20212 85624 54907 65785 21240 702 80688 92979 58451 7926 38864 64738 71045 97964 55645 39603 10721 83426 30783 72140 2687 77989 58159 29067 98879 93614 96719 56341 19123 24954 35368 69499 85014 87255 2632 80179 57547 48150
48399 63169 90305 31932 3059 33764 71930 38708 78413 6754 45314 76547 76370 41448 14291 66626 72844 69125 31000 13712 25364 31675 16758 93074 70128 99538 35170 16583 74495 26759 97088 53607 90223 90690 24157 44154 39179 36837 61275 62786 26602 87229 75408 58020 13498 97526 4536 86004 65236 36630 458 40984 62324 93036 50730 95922 90393 36991 79457 5805 61825 94506 78792 16087 18739 74937 43139 54606 76292 94072 64461 88458 81690 96811 48515 48581 16984 61598 48262 46363 20338 30356 46591 25007 54445 95128 29806 89846 22743 81637 54425 182 30747 17848 20200 40414 72876 76013 87118 506 89488 67575 15755 45311 59946 39737 49315 90561 35002 7450 96923 72654 92061 63417 99605 66307 96343 86317 85275 67113 74680 5134 44367 4981 75458 24066 46444 26615
55340 78718 83097 63630 12307 84019 91624 7922 51243 91782 85112 24674 55725 59335 31909 74274 813 25291 37786 69345 90308 8066 61941 51557 69813 66406 57747 30421 51525 11090 13482 66613 14890 240 50185 10692 68538 4107 20447 94491 57945 3009 63027 49249 85581 82632 41401 51547 41099 98237 39421 5385 73526 44148 1956 9750 7549 31926 71418 92679 59006 23068 18651 1609 19468 3244 60725 6890 170 44994 61304 26569 15526 42629 58750 15156 4391 62197 91752 31204 61034 32781 6348 82684 38958 29656 38838 34213 16370 62155 13436 34247 58987 69575 9314 6203 65298 22665 24482 15949 86477 82527 47665 95807 26927 17862 13527 51133 90105 31769 7000 38418 395 5723 27860 38686 3422 7242 17746 88015 52803 45357 14848 23904 34423 90171 35014 87893
89534 22837 36409 11869 74260 84812 86994 9910 76929 8125 36970 55295 86881 17038 15857 28994 82579 45017 24725 30566 99009 19037 42811 41586 16173 79000 84984 99893 25926 77386 62258 49570 29224 51747 95748 91195 51353 2920 57678 68630 10460 48589 76601 2376 28964 64277 40347 93956 40829 15665 20727 95059 56748 20775 44596 36773 42723 10989 10087 38929 38139 54598 77535 56887 78996 68911 14290 31399 51831 65681 95527 64987 84943 82197 48456 92429 64059 62832 60546 87276 6143 90843 39732 950 63020 42661 25484 16384 22981 40841 57894 80583 76029 68852 98729 79766 31993 53430 48240 22890 89123 6132 41735 71908 72395 92942 52099 68005 93468 51070 86906 36421 81720 72194 49976 89225 56743 63638 39078 50090 60939 78165 47914 21980 74483 55287 4603 67657
71162 85520 76782 11790 97261 38035 33395 67118 18191 35558 74567 45928 35839 37209 14680 66652 19217 85324 57366 56905 5538 7896 59092 92697 15587 65323 74767 82766 25353 96775 83949 58463 5548 83699 29032 21359 78671 15792 97038 45877 27 31314 2025 75093 11436 15829 52329 21331 1530 41832 55199 51737 41537 85553 92366 8386 3845 73744 80043 58780 75378 24176 91602 21234 25495 15418 71802 34398 51623 10100 29106 40565 79199 62433 14596 40832 24332 91668 24914 98628 48174 54794 43904 74059 35414 26215 46696 62619 44492 67687 58434 88243 55913 57484 79383 20464 18029 1372 6084 19660 11027 52433 88060 51671 28387 95511 71794 54955 82436 96745 81909 47840 42636 26172 87529 62421 12328 95698 20581 47675 44280 9835 71815 40095 31031 85817 72616 56232
34636 66283 28597 69641 40378 31119 22768 35028 86511 98763 8252 17249 13447 70482 32380 17994 54972 38290 1380 82191 73846 75766 5675 497 48679 52053 93421 24412 67414 69621 24563 19022 66375 43534 73541 45266 67958 18367 15901 4336 67360 88524 9575 94928 78439 46179 97059 97518 96762 73567 27849 73690 29039 90921 88671 44865 1084 57705 90456 93347 82739 24275 25244 168 19597 87948 45319 97366 37359 84801 70692 51881 36905 35003 12158 23657 5228 66959 60830 38833 85327 36026 57896 89737 80242 8568 29513 93024 3214 67329 90450 93020 54719 47931 7600 1439 59825 35722 46849 135 97090 17443 67496 18273 20664 33122 6010 93814 15508 98710 26798 80217 97579 89857 68679 11773 59597 87465 41199 91522 23471 67067 45009 61050 42946 91341 37249 79437
12541 91563 33392 83536 10420 77936 51698 23104 57846 72918 5270 80927 79704 96992 15972 17562 96035 586 84370 70656 75975 1827 71434 7192 35227 4875 58171 74944 39738 80936 40411 18401 3569 97127 30369 15589 5105 69454 18028 34528 22047 62812 62614 43469 45692 33847 70814 74639 40859 97538 87482 55884 41485 27394 78569 2135 67354 5265 13430 71292 49983 79319 36603 84615 42624 39396 19595 65304 62146 86564 39797 82060 57259 50185 32112 32365 82203 35657 45595 56366 9328 38691 30687 72625 72038 42995 66942 75935 31281 20802 7847 73168 97118 90115 9047 6428 54921 22508 36205 4194 51919 7387 54154 28075 9395 31011 25433 68564 46091 49692 93972 48756 65038 77034 65136 21445 42822 14835 67880 15798 15338 60954 20234 1135 32505 83395 25944 84820
54659 4719 44377 71867 26221 45246 81408 35716 52865 42567 77081 82435 3287 81691 46148 95386 99818 52542 30366 56600 50299 56656 51816 98373 92099 56788 11998 23567 34165 8350 54806 69051 85107 76871 30083 14199 44860 41115 12235 15299 47309 88947 30199 58956 39810 72668 72905 89979 83528 51316 71599 60086 86560 64004 85320 64188 56742 56967 39140 90475 91669 83291 64031 69513 42343 73297 3945 98765 61509 11154 77598 5480 4575 93724 81941 92684 49788 28439 61724 51020 46969 1623 25212 92472 13305 64679 7031 34786 18098 83485 83371 79891 39374 26534 55179 50554 33684 78332 64653 99166 23443 53141 28798 24915 35191 81619 39274 99156 21678 49858 63041 66923 68639 90696 57019 37754 52910 89495 36474 32367 73176 98786 70488 7638 71456 93602 33203 53402
80704 19230 43988 72224 34133 80153 45685 16009 41570 59861 11584 3335 41136 82447 77072 8350 15423 1377 60382 22850 99944 51355 2285 13647 79532 59940 63659 69762 37550 69024 30306 61511 4681 36392 53355 96430 71840 61941 90668 62502 27942 95039 71892 79305 80774 14572 89024 24524 99504 68910 28919 77235 57196 69500 18070 67966 64542 32879 47050 45905 4218 96627 10893 74151 71924 20817 46305 32963 69676 92578 38206 8427 96904 33556 16503 38920 99186 74923 53338 92601 60414 87045 40613 62213 86791 11542 36607 27397 55847 56249 24194 68710 62607 16442 11572 92097 61734 36049 58924 47499 35981 59630 62749 11430 92018 72701 30300 19851 39936 20459 62228 34946 46500 7777 85213 23739 67947 84549 56214 5131 66316 3360 34860 31018 87050 58069 84042 57765
45831 15940 65185 57507 34352 26814 54979 25457 40279 38684 46653 50836 12347 64676 52965 68838 34793 9090 23636 84200 21747 80340 77711 14702 68040 28122 54833 62585 9032 15113 97186 89889 80789 57438 96315 40140 46521 76971 41850 60884 87241 50885 731 41271 96079 57294 3753 90415 34875 35259 86180 58109 19841 40831 50365 22045 36338 94433 33440 56871 3087 51396 3380 11910 97677 58196 44255 66696 34196 4062 62768 24583 18045 88453 98254 48276 49471 78098 14248 93852 3819 89395 83835 40681 93882 87768 39543 25314 33168 47526 93693 13885 15540 99587 66531 21374 17837 45344 98381 55182 21615 55977 95139 34075 20277 59109 1905 30842 95431 83988 18844 76843 87989 89751 94874 77604 63512 71169 98686 74308 36356 28691 40478 30087 5263 38507 7965 66793
71592 52025 91968 98547 24590 16864 60743 58514 95720 64454 69981 58770 87218 98537 46444 30292 78141 76151 62876 50430 59304 54338 25068 27595 50175 19919 68907 45265 10899 28726 15544 45648 89097 8340 64009 85969 64025 83943 92412 89299 92755 98371 6738 61173 97527 63375 49124 88058 93849 21975 95271 77666 1840 22851 60795 33843 47886 42622 27533 41874 62465 81545 78486 96183 11158 8156 94787 31539 20168 2314 66906 18020 22354 79132 82 15686 18912 27226 96136 57747 20691 24814 39213 81563 43422 69624 471 11288 38261 79074 65816 55705 59213 62702 72105 98097 2407 86885 90861 29557 67119 84081 5856 46018 9344 38759 80303 46764 1054 5032 4206 99147 73393 5648 96609 21351 95228 30890 63105 10921 47965 89892 51129 6405 9763 11913 52197 60705
76590 85023 36014 12246 40130 54206 39367 76015 69741 97775 74260 90544 97211 2774 65513 2808 40313 36417 58054 15347 56079 74662 79048 4905 24628 4896 85997 2561 36645 54762 1655 15396 39081 51723 19378 86812 93003 31872 38887 68907 73851 19345 5515 15783 51879 74559 22196 77435 42221 39783 54146 76560 17247 57873 90451 13132 52826 71226 72861 57750 7292 29108 17343 29681 11870 51264 51084 75401 15686 95697 15741 89073 70080 89802 70746 89953 72266 19811 66684 42047 37696 44702 18582 81120 12701 35690 76123 89981 48972 40780 53995 66686 4504 29507 51773 92180 77261 98130 69615 32501 50944 25516 78736 5953 6609 53142 20102 38997 69333 13819 43492 70651 19540 44937 34045 47858 51365 36686 71966 60833 83255 24601 69862 51448 75086 72310 91778 81156
56201 9588 73595 3080 59400 26273 43799 82004 37168 90218 44047 15559 54548 65030 20276 62 56876 35334 80435 26257 87428 33912 21236 9457 75760 26940 4205 16239 4504 23108 57861 6830 60309 8615 16256 38970 82603 20100 12653 27535 33728 8651 47003 14514 87257 93902 67323 91579 93501 81950 19558 9757 52349 43219 74130 88371 20291 69163 41914 42250 11480 57952 5854 39217 7383 63225 32758 93146 99898 45664 30638 41690 95175 79114 14159 98097 96711 32383 69985 79230 4754 61414 15086 16547 74295 45824 96609 5359 17256 82283 18349 37114 2304 99719 93967 6566 97089 90045 73615 85074 61297 9544 37814 74489 22740 83897 81792 71218 89444 3487 75616 86534 50981 66006 58785 74106 89815 41170 25273 69321 32291 53573 55716 70021 73325 56342 67734 10829
72976 58710 8946 51601 94194 77814 56870 34262 21717 41901 51707 12829 82429 99906 91635 49162 27887 97166 67544 72139 62759 97319 84001 53343 26109 13295 60167 48857 49443 688 48684 43152 2676 13027 15345 64502 7066 17794 57917 36058 14286 27396 11452 62198 42025 50019 40637 82557 50604 66348 97084 51656 16742 26019 64363 47183 24885 73014 61385 52315 47553 6717 64462 62871 39690 69714 41875 15522 67401 8005 15414 513 29751 26591 5745 63517 1242 54000 81819 56074 96709 83008 77291 85571 55678 73974 34555 63524 99092 63461 83630 72000 84213 58343 763 13183 76767 29524 31020 97661 62727 62515 23295 29362 4030 72430 61847 74388 12975 1298 12738 66217 18779 422 62060 90054 57206 12837 99106 15541 55045 73028 61127 47335 2686 55442 81570 74380
23437 59683 46844 17329 65385 17095 45935 22897 81572 7083 56774 23058 58951 13864 40048 78093 47916 48820 91534 33542 83319 81449 79356 98333 47501 81038 63967 85768 14136 45261 43767 86916 45881 19077 23834 18729 80997 6334 84481 23946 42829 93067 32850 62930 47735 47349 14322 8778 36301 65627 5167 32300 95037 52002 42934 24335 27889 34425 55759 69087 14503 80594 87711 84586 913 49548 15783 16560 9504 4941 66216 80368 16960 79955 22363 30242 88934 20691 71778 21058 83457 38092 12781 15726 26159 13856 54528 86840 66876 48883 98021 37011 36248 22813 10686 43053 45684 53191 94803 57747 88530 79578 19578 13952 30309 54286 79871 56700 17599 63630 99844 58079 21296 24479 21874 4303 4643 8390 29629 14456 64160 92578 82370 54289 77623 66706 31326 5552
20348 47423 99814 1585 83886 86669 26487 86871 95014 46997 35755 42071 64961 94265 28129 61191 35727 78333 87193 93729 79670 83875 11933 28500 54961 62283 45208 44815 89497 32388 367 33505 49761 65883 34114 60317 62580 85451 51183 26165 11984 52865 31215 82135 15760 92100 11019 75446 16609 91282 20164 58924 71328 87550 79416 1003 84468 17554 20292 97925 45610 74819 56639 25065 92924 4422 80501 58594 18747 48496 90634 16799 87288 38216 90236 85671 43146 88375 68402 15234 37687 62969 89338 43348 77846 6323 46212 87707 64587 76091 57772 9139 44985 6612 15469 21064 51160 89715 14997 30504 28954 1750 1013 63313 79146 93996 31982 7075 68937 8871 96432 19429 18829 11375 64004 20699 67540 95504 94637 9062 46811 36877 91092 81478 74349 48836 95585 64065
69528 62535 25797 45104 7438 58546 85676 61347 27720 69280 68914 1945 66382 19127 94170 65672 92461 64334 39042 91133 6404 40894 2820 43247 2159 28827 81112 54764 62187 59347 106 24436 1275 15950 98461 21785 78253 95826 13283 9453 24219 72897 33971 63392 78428 82022 35561 1689 10281 34213 57772 92155 95889 69822 6410 80421 886 55978 14792 83417 15942 89287 52754 86252 11360 35257 49521 689 98108 99111 53733 70970 74446 81107 66308 43747 89539 4909 87787 5206 61138 93631 41444 10153 38287 68910 50587 94308 3365 56812 68079 49620 68487 23462 3275 24672 68180 83307 78166 9730 61018 92996 95351 32941 13648 44159 56484 57302 6361 38001 99753 92002 99742 57706 54189 80051 55642 50336 15346 12019 6697 10942 77392 59357 82125 13002 72646 57634
81961 31066 69859 64651 90628 53388 22176 71145 47069 12507 14759 55584 25138 69111 10892 93189 47559 60382 21303 73925 85825 55608 81387 57766 80639 93887 48059 31666 75624 79232 13969 23124 37781 19837 59901 92856 66862 49974 26367 77742 48293 67024 47559 50912 81053 97089 79693 81231 97082 37547 43105 19554 25450 32384 39962 12232 36791 15371 35599 75145 83694 64785 30388 62209 4585 28464 21322 77821 81570 31753 59914 15541 3798 26218 79557 18602 66722 6895 87215 90567 60144 71864 16021 48166 70362 79928 46695 7287 87818 68109 37019 34466 84503 22227 64032 6710 63750 56185 76904 8601 39767 64358 52412 69445 38770 87926 15668 75616 46993 64477 4540 91467 32293 12768 26609 76766 911 89912 2344 22634 15552 92682 51144 86108 27858 21800 50352 79570
26376 11282 26854 62936 21695 74225 34754 38259 22509 30956 51321 33805 59954 18710 97061 51478 15148 55391 39824 38499 34635 73376 61745 73344 72338 92782 90410 48988 58384 49888 63050 78563 77512 33368 51991 43095 80384 6834 34126 47449 64037 1117 96033 49495 93428 3539 42059 50693 37565 13376 29436 82387 87064 16347 42848 59344 20956 22292 18155 6557 82545 71835 61328 46228 87325 19458 19563 23536 10675 52299 64414 48470 54381 82023 44126 56876 37261 41612 67249 95751 96223 83385 31570 52955 91545 53502 24340 62440 86709 74394 83288 17594 77655 64735 10389 5021 71373 2926 77798 43862 13588 80027 83112 87901 36120 16615 18074 39146 68187 78348 19280 43501 80467 20520 53280 25957 25758 30549 83954 84527 67591 45197 68109 29309 26535 57819 69696 56038
27323 34979 8873 24244 55110 16766 25930 77278 2386 36830 7918 14304 13693 54240 18382 23265 92274 53804 42767 68697 22396 55510 2639 71025 91211 69215 96496 28293 55752 42828 97339 30051 5640 59824 33655 52000 49949 46084 81093 22450 23077 1934 36799 72603 53473 66059 77261 26629 1591 82865 53986 72342 52793 29526 60374 97800 33377 19308 21512 87236 80464 82700 61764 80562 47750 73730 47662 93009 7219 65142 75814 33778 75929 60590 62729 53372 57099 81003 97002 95676 1343 73679 63493 48513 54434 80244 78422 68992 2965 12846 42020 43652 94186 26013 63664 57773 66760 87283 43302 29266 4022 28596 92240 87914 25196 52903 61778 46093 37274 66075 18750 90636 63553 51533 7126 4103 11014 30873 3402 92345 62130 16041 74409 98775 42989 64914 44758 35993
20938 3753 46561 33372 93133 36536 20153 62673 55107 88663 53106 73697 20860 27706 52797 10856 80152 55947 9446 28688 41805 76112 83105 66850 36154 15610 21602 1057 1787 36499 96829 30102 65477 33387 9327 92185 19587 55557 92314 85692 95389 12953 11602 57174 79571 17391 32358 59971 43099 970 91238 47879 47171 98288 62120 51744 36967 35019 59717 97634 91405 86108 95462 57777 67917 5121 25927 87060 93823 46227 27705 39054 64030 59039 98558 77670 59669 93344 16689 30264 16168 29224 59861 38013 24122 82205 919 40236 85722 75208 46134 85972 80648 67767 22490 91078 77983 38910 74429 9467 58653 9631 3083 6095 87470 26824 34506 66258 76405 52602 41457 72920 21976 87063 30269 55052 29766 14342 70279 40356 36947 20144 58678 58378 13991 46069 28437 69890
2177 44002 59595 58662 32461 64058 41370 56717 35654 63340 35819 17036 37213 16229 62010 36506 76034 85237 90994 4164 91778 60497 54424 22292 9087 43292 94247 49340 26627 82188 73156 81322 7842 63853 84742 17167 43896 30067 45953 76061 76000 74493 16855 51156 18788 18142 49237 80902 8774 179 53983 52935 45792 77724 97471 69528 26025 69429 60575 28932 8112 6535 25256 91092 56832 74410 96676 61043 76932 36632 2674 80349 50239 20740 78081 21337 92643 70997 87540 93191 72846 4411 69912 68710 42785 65227 38254 36760 88306 68436 38277 6530 20707 47558 30986 58198 21265 17426 45496 76213 90843 34687 75966 5197 36185 29429 88888 53391 211 61788 23266 75485 66521 9762 23201 50870 4415 91594 21611 77361 53683 53733 96221 74020 44732 53918 10396 17109
98743 433 83701 95932 63234 62924 29135 34527 54986 10807 56100 10699 71243 61376 38274 67047 37403 71013 59325 42600 95786 70554 78962 1399 10578 2113 15912 15206 32871 13928 10461 88317 3577 55908 51590 45601 63437 28524 9100 73830 88737 71475 97543 298 78170 50199 42434 10522 3400 99357 5398 59393 8577 11643 87764 76611 2786 12625 977 88568 36857 22086 69295 23606 8808 79447 28008 1693 30478 46319 61318 59443 89682 84988 63598 70996 77211 13602 63210 29789 22964 81027 46775 50405 44635 44019 28565 50993 33163 14503 4024 56711 17377 16663 95427 52389 97709 74775 40112 30696 60994 7078 92870 16180 35335 83663 88880 19848 81627 57006 51727 36815 97429 29740 31996 12076 22171 33644 78027 24319 76044 95100 94539 61792 36197 61468 22599 4660
99056 2993 3013 56032 76839 15756 54162 554 19263 63584 72136 36764 889 95064 27651 60994 80481 31453 48788 88770 11336 14020 86850 46301 65071 15012 69873 82346 79788 16002 80423 17128 90517 3163 90684 80090 60822 76553 16994 29699 93166 38690 82669 85592 20066 76851 29884 77220 34529 12969 7771 55179 32783 98204 64036 49769 89847 94025 62527 90715 68235 8285 65648 93002 21599 72472 4640 42909 48036 73543 55356 77261 7700 16714 52723 36255 14675 18844 18096 35213 50588 51084 27344 19697 32533 82903 53823 39108 9869 17282 91875 13746 963 35712 27644 77380 19593 85646 9224 86914 60078 23989 61087 74852 1504 85503 57503 71931 30511 44087 14864 67558 86406 52857 66997 20962 11537 20040 60130 27944 84660 38888 85167 29905 29911 62364 67140 54092
91367 76525 74428 36583 32990 73357 3795 81816 77162 15247 82502 89412 75045 74529 94741 35882 51261 11155 7974 31189 71865 60956 28121 51710 53716 66398 10278 92839 6849 10250 51507 57147 2555 61371 49353 6102 56252 32967 63808 41798 73134 17550 54235 99039 84394 31325 15914 7526 46382 26474 30821 87143 85563 14473 49984 47414 60272 56958 80014 67386 90118 61698 6598 57372 27965 78578 21726 43820 13170 47969 74917 33234 22345 63157 88898 76591 87260 90318 74391 54944 15840 60599 97545 81298 99916 87657 69593 62081 67700 48366 49406 60536 66655 11764 20036 73468 52870 71456 57825 36040 59044 83539 42057 97447 7133 18690 1207 32772 21751 99309 17977 62048 35269 54129 41097 5358 99593 9523 35854 34516 41729 75849 29677 66869 30811 4741 30570 57522
70656 75806 15755 82773 69179 51491 3933 30775 12156 85813 6550 21661 99075 38957 43218 92119 30296 54051 84054 21573 8829 21773 18696 44215 42476 79237 81925 75790 18832 14520 2719 97725 50697 61369 75355 98077 44848 99871 92058 88259 24631 60337 8550 39541 21468 8361 65983 7446 8491 14848 93974 76579 73292 81056 80930 16998 1914 65807 62179 9734 678 66948 72836 34228 56371 70294 91679 48075 15038 21908 44733 94176 21027 63724 62173 90779 71171 59310 32661 58152 92181 90267 75765 39598 19333 99152 36937 12819 47138 10026 34528 34479 76018 57511 31405 89781 44038 81640 52418 4954 3758 58662 44780 73560 24737 91317 20624 45681 36544 72034 18313 67066 26265 36218 9440 84893 18678 7783 9386 53158 85036 15695 72082 88547 74663 38070 52424 5967
96154 76847 95921 74754 40976 83376 58010 61028 9181 29092 62733 99932 10493 4912 91720 20138 72434 32335 6632 29711 26018 66656 38313 56620 5046 27810 16154 49166 75733 30611 29690 71673 50284 40468 96027 90460 67254 35200 37613 69481 26729 1845 86891 59049 55683 78051 18179 50584 81794 57241 30390 93044 5469 66526 16223 99262 67404 88180 82642 5880 8917 39004 14056 27445 37125 74393 54870 93084 14446 68095 41740 96385 23390 14443 81089 48287 65737 56584 66880 90216 48492 7832 60349 97225 11403 66714 62169 79891 44846 44983 56141 63757 50975 67339 34300 61663 94247 64908 69581 44412 3914 72528 7500 67733 28767 63091 81499 22562 46839 58594 31177 28227 64751 30674 56572 50235 77253 96744 15343 32553 34947 19408 88010 96439 57593 52941 73452 6711
98785 62686 84270 21727 99016 78029 27924 91905 51860 96438 94490 25572 43542 24399 81620 66836 29833 5278 27950 37145 42608 12812 68346 57832 44944 13522 58177 69224 88190 46293 17019 38246 10519 9171 85535 25635 94072 9422 50554 43938 73049 97172 17446 81942 47814 37368 64014 56274 97019 21935 17214 8138 55696 43869 32859 22229 90927 95591 92854 76351 45607 88454 24163 96454 17378 76266 74818 99308 45926 79579 71751 35771 30263 81300 11465 44453 12369 41357 33453 29269 37977 777 47692 42660 95473 81727 72061 15383 96964 36960 8554 48679 22072 72363 93941 48035 23942 55303 98697 9748 71967 89051 14959 24728 65348 86192 16142 51278 21486 57544 33454 81299 2183 76701 23629 5791 87008 41286 70004 88270 26978 32550 89365 42785 54012 38158 30207 23094
22268 29639 11195 23521 23077 95656 54745 52285 27702 59497 82607 11078 88510 45209 61932 18052 8053 56295 13909 41799 32253 70847 34927 53191 71197 85061 73765 51867 1940 76469 86130 28033 57345 26053 21823 35078 65868 67994 47764 29239 12115 72987 91055 69297 89165 31396 53 65385 91610 78192 30070 24472 55045 48885 1920 25527 67536 56172 24543 96814 7843 12198 59857 75596 9835 88348 6429 14934 26054 13592 98493 12807 77712 71256 78833 9088 30230 78524 29343 53444 40536 66284 58826 51476 95760 84566 28299 54351 50120 57664 45676 35626 57391 96555 76305 28419 44994 21806 19178 16122 91847 71674 48884 75917 94976 19495 35618 28699 16430 14389 58888 16261 95595 15361 22755 94877 48631 47237 95148 41152 41348 67973 63567 12427 32177 7970 16468 61808
98384 36022 78904 90204 46636 18247 24036 14104 69958 52633 37081 22841 47086 33608 93355 28244 74472 98795 51210 2961 82265 72435 68100 79750 91131 94691 67674 42653 47613 19480 72072 63740 1590 55274 19601 5781 9992 62838 38289 46216 68745 64796 74990 38727 56996 30692 83518 92570 8055 84087 18560 36424 67877 65516 45372 27661 18256 14347 12511 75995 85435 5844 12355 77803 16870 61582 60957 11728 60603 92792 13111 70070 69160 62547 85585 30541 50540 65491 22024 45241 86378 54991 47432 26947 54578 36567 56908 30419 601 632 57534 69895 29370 96094 62498 33382 3703 99156 7067 17200 27673 45586 99258 83986 18333 17607 45814 1468 82722 14660 25856 22207 89961 59517 20137 81702 84116 84148 43430 96908 12959 17587 12528 51634 18347 91983 10854 66175
6911 28750 52019 77003 34682 81553 37436 36559 85926 8576 59633 20545 72999 76940 30590 93719 60345 64647 48217 57408 29559 43236 6957 12077 83479 16500 42390 81093 38751 94928 70397 62425 99747 84105 79064 25495 77171 42515 95037 31972 72358 21347 93107 22186 93728 59462 1411 46362 3776 9730 49226 8156 59376 84960 48873 50563 60881 16411 70900 56803 40465 20951 58602 90972 1967 20299 17774 29790 94178 61329 76047 67389 76260 90931 78507 1991 86205 79180 98278 24196 4028 80483 39651 7243 43071 86170 40236 80423 56982 15611 70136 7981 4743 26245 9666 32599 45364 12506 58909 51651 50056 17529 34262 67514 10267 4111 14023 89667 63500 30559 43352 32369 97541 64644 99789 23948 49427 15370 87661 1801 35289 27110 17448 97373 52874 25614 50542 91302
15860 97030 83578 99728 12480 93248 14580 83117 43824 10526 77316 61301 83327 76897 53142 46271 37169 21578 40520 37737 55293 33467 60217 71082 31963 32852 56018 777 38248 78383 35594 95050 88208 19817 84233 86048 25399 49576 88986 30879 67054 3381 97165 55472 69430 89063 96920 69020 25348 8511 45447 93332 24290 77261 12265 74637 9348 26973 34738 34367 4999 92190 59454 92918 7040 26574 20922 33640 32915 24587 36172 28220 41723 54273 51344 59308 59259 46530 13332 2959 12720 13815 6230 47662 17214 71374 52367 96039 54025 60242 473 32689 17194 57869 26243 51870 7430 4700 23293 55404 31609 31793 77967 96649 25678 33433 98282 76854 18945 14717 48920 30329 20299 65254 71761 4171 25181 79297 58693 701 78197 84893 59964 11577 21628 47709 1079 99020
53716 89484 87309 35581 7830 93441 65871 48644 57786 5790 11701 65930 61236 40969 76459 65993 41385 15462 57058 98292 99039 5460 73698 82840 69070 43943 43043 35050 86196 68286 15963 83064 16951 10322 99608 33976 34996 75013 7309 58633 73398 72467 81823 34316 96249 15276 72867 60918 69840 23739 7999 66403 27061 48932 2641 28188 84571 62736 68150 38767 75700 13160 67212 72499 58055 90296 80112 41161 48237 91603 17867 23136 18408 98047 28851 91940 52905 22723 64289 49657 42428 64632 56196 92384 62244 32687 85009 74595 86890 47883 40910 84927 78810 12930 99112 90582 8633 86847 44192 55005 71754 45997 530 61272 5553 24565 45690 25743 87361 63677 10877 80546 33832 31538 17025 70272 31376 10585 2255 62995 612 549 28599 61671 74720 67690 70988 87683
1780 76020 63684 73831 60274 61204 51466 43812 1722 70400 96637 72236 42849 25589 68781 28456 96037 73918 32311 66519 14291 82628 13929 23611 96367 2284 19531 67066 19625 53845 37618 3002 82339 95291 38886 76036 38301 35746 37151 64955 41042 18153 89517 2765 83540 83241 92553 1005 37048 65851 44389 97865 67092 19280 14402 77687 61270 86929 17031 39430 15054 23269 20683 69989 65398 47265 39522 12898 63810 49330 95927 41462 96946 27120 32223 29533 80757 13134 95592 22352 78418 13198 51781 48517 1394 94625 83290 45026 42684 93377 59108 49657 37908 58913 50959 77200 17623 80023 77407 36937 86565 55778 37315 27352 52016 98503 81828 71906 37988 53827 48610 67390 2948 16543 68076 33591 11971 95760 37054 26999 20456 68675 44684 34993 11999 17276 31769 67278
57416 40330 75895 40591 12935 4271 32923 4772 19625 49101 51186 7785 48610 94442 92140 93367 38852 92754 13674 8862 56249 19368 2348 10613 91771 86805 15620 6014 73866 84151 31644 21141 95471 29425 70066 76460 33696 656 5879 67726 54450 48516 42885 9251 52162 74507 87816 15235 46953 85759 38341 95391 12256 93475 22679 36217 71362 17599 28335 58198 45488 79716 68529 54525 72234 16457 58088 15110 99887 95014 53023 52135 79486 17668 55910 19282 30889 23038 72478 45865 90636 65267 25213 390 75735 50336 1093 23680 23378 32275 73184 89198 93056 67252 93394 42726 43515 41401 91323 85935 53652 16177 40337 85088 12732 30582 76603 9258 89640 39681 17414 93189 3167 85782 56068 2024 86619 32690 80729 47252 66984 14540 97608 15823 14994 34607 25044 1409
6175 81905 17529 74667 27389 2208 65116 20253 56786 79667 56661 27907 74744 31575 84375 98569 35530 30585 70438 86637 73111 76574 4332 26463 64336 48948 20346 10129 53768 46312 6638 666 97154 74711 5617 58520 22063 97259 73517 46375 24243 79297 64984 88675 26857 67235 35526 36732 67412 87859 66873 92548 78036 93051 54465 90878 10020 80575 22087 36997 5304 22464 92905 86519 23483 80243 19643 41849 54753 48336 44831 77361 19065 45980 25099 52607 62644 53648 82541 81721 83135 57165 18321 80180 30911 88172 27155 22744 36213 91390 30262 53228 29069 63661 24440 62890 64581 32651 25150 41012 35323 48382 3163 73324 3041 91662 44315 53981 11504 17438 62920 99461 70025 46837 31207 65333 11782 90081 59098 39132 22531 82751 40282 94359 73648 56000 55337 85420
38603 15816 54459 16670 29494 67904 44670 95726 77525 62839 20184 76394 80478 24638 68447 24579 1762 26822 16838 65181 87818 11383 17329 12773 12507 388 77374 32245 19698 2582 8776 49179 98696 59391 80749 77747 36903 86838 9932 80625 37384 18155 98968 57918 84381 11767 3776 43222 18659 76998 70650 26133 4483 31470 27829 6319 81257 47816 63065 53034 69746 24051 23160 85197 51065 22670 665 66318 39126 82302 69406 37067 38868 58748 41615 15074 17737 72439 82822 11872 86711 22135 79831 51897 90344 41501 32459 70265 81283 51472 70803 88060 18272 82990 74851 43874 29332 23394 74392 53264 54314 84375 27290 74568 41901 17848 914 3765 76099 93544 97086 9452 72201 75234 75653 40439 13731 80715 34531 90845 68055 5279 17213 27495 26181 42450 39012 36166
77967 83503 33093 69915 5734 66660 627 29978 57717 91029 79961 92676 96990 94147 79868 99592 90493 22855 12370 18271 653 13004 85812 19246 97949 56843 5433 25853 1813 10730 32265 43551 29125 48678 59152 12626 10759 5201 1814 6643 42142 29947 82881 90147 10702 96358 92490 7123 15331 6515 47271 74439 6094 63109 74208 62950 72982 97505 76854 42067 2300 1973 41811 65490 38406 11811 29323 64598 81526 55144 93718 27538 11653 61323 29273 87717 15918 19576 96163 94455 46676 55394 37483 18123 98634 81654 82255 72010 20449 59011 75848 59993 20556 47856 89386 49634 65502 78475 82335 53998 32166 34180 11464 44640 12436 71334 67490 21101 29316 80349 48370 35959 84056 31486 2265 29115 9949 19366 65481 18201 22403 11009 82020 64872 44940 63318 60707 18809
72190 59157 30134 30976 53423 97861 3465 97377 94721 12449 74484 81807 36562 89991 41112 5372 47062 80030 73307 16744 99436 28802 26865 84335 86439 62685 12906 13759 38468 62326 70648 8452 99349 62442 13690 37438 14353 58803 88509 22855 57826 76875 26170 44777 60649 77796 66735 57967 18161 46150 93740 76953 2951 33774 17491 68522 5780 24079 5267 47477 25457 64613 15371 82500 65229 27162 18456 92055 55587 87759 48222 63686 17236 44908 64020 9569 73995 22465 41462 60058 11468 73697 96521 96194 26834 84875 26286 55250 42715 87239 23759 80794 18576 66103 44600 97362 48466 33271 6201 91070 68366 70566 41862 91199 22284 6481 60063 36976 29462 27424 68385 69518 87138 35448 40875 93854 68927 67955 46460 46943 96408 1560 60082 1244 12901 19033 83396 70417
91376 70417 45028 12068 93801 9180 71064 746 50627 47334 96085 70810 75721 25974 84225 52641 28066 30975 77728 51108 23197 59774 98893 55750 81910 19579 43940 25348 39621 27687 87670 59792 69044 20429 30865 22346 57544 15332 35410 16072 34366 94523 79341 13184 96635 44181 4118 63988 81394 28538 62963 62367 80544 79132 76201 49072 44816 36772 4114 61365 80097 2330 16866 23492 82059 4965 88047 15769 86798 34052 95803 46838 56297 99564 47436 82166 30300 25173 45258 84273 78298 76439 79783 84937 1863 67715 47982 5688 79142 7775 79078 84292 53811 89348 57615 55929 53324 79526 99228 36875 8551 91312 34099 92860 38707 90010 63108 51050 95097 54206 26488 19887 71569 63651 14647 48756 78150 91082 63024 27765 82233 78205 52860 60800 16449 81930 80457 22801
52402 96522 48119 75512 39061 95642 59684 16424 39889 50285 64417 40220 71495 69864 11633 27783 96700 99398 47796 16311 33785 47891 23347 46335 41519 88876 20739 79105 21886 97048 11645 68227 61986 20538 65022 71242 33282 42882 71867 53736 98041 63095 55030 16479 62595 8428 94146 24099 60261 37005 26694 6768 76666 43409 6729 30798 84987 60145 18243 52518 8232 36369 1146 96167 67378 92215 1554 96161 78488 61333 34431 87890 95085 7021 95574 21569 11415 87439 9213 74459 1099 89516 34588 22430 85682 12011 45403 14328 44528 9051 70092 34586 44711 56061 55274 17269 36327 46846 78066 29701 57508 81837 93344 67177 95762 34857 72302 70623 99353 8682 13249 48619 29455 12106 98014 36986 16513 23702 65542 34975 23825 16700 33149 61623 82039 98802 94368 65384
37992 2849 40818 63136 98149 55743 64614 23466 43460 27773 38614 34724 23893 21085 30652 75014 36373 34203 76105 88399 28611 50597 81485 63982 23578 96190 56157 95485 32676 39805 13198 81969 91575 68372 12410 15284 8357 32930 89959 35855 94160 47337 75536 67609 69301 57216 80121 95151 2916 86096 5726 24949 60700 22679 52805 30304 26051 95138 96612 32818 17456 42107 71313 47043 9283 27134 45486 76371 43351 91231 88143 83475 61901 73002 7424 41997 79987 81082 7758 20577 27487 99454 84224 61254 28481 77505 50124 25309 80990 80590 20499 21988 99081 9937 23223 75179 64268 96116 64849 40749 79221 44509 99206 40466 98175 85387 7626 1575 73834 81880 31676 54563 27238 79750 6362 12663 25404 91771 83153 58204 66111 47941 64074 33811 91440 26648 97202 68563
27608 37871 76276 33975 1719 3160 13013 81078 81453 55326 9290 67661 5745 92912 64985 24471 26866 76405 3366 51165 71557 26624 88908 32000 21345 86170 42266 59208 83033 65712 72446 22301 17310 70615 51404 26782 73498 28631 90249 623 26548 35538 64877 47262 50516 50376 15472 43454 31229 940 93252 53833 93902 96463 72108 99091 33178 24044 97603 85562 41810 46950 32547 3477 26350 79799 24324 31637 62505 51302 39456 54444 51078 75894 63341 16042 20897 67755 58040 68837 67949 26967 53510 51452 86165 22257 21422 8108 89468 5268 39446 4420 60175 86274 5654 29955 8136 50423 17999 82060 20421 4555 67239 71539 33075 22363 50486 44153 52216 70223 76844 95806 80766 7069 7014 7319 95010 51964 46823 47816 78476 3743 60810 40013 52986 678 67792 52852
1311240 1110002 519708 1121442 297566 719430 82886 361685 1139076 1135829 776369 825946 551909 1016571 1227182 292186 1204384 909552 109071 829414 1202094 997932 1219487 247474 645998 985211 922088 490541 193452 335978 967058 618618 949913 177426 1024950 1062672 780248 186940 425994 857082 217067 353100 1285609 155974 262904 1024921 450339 1107310 857966 535572 1378707 1004581 623713 1254029 893344 969343 701841 156575 388650 1119790 334841 915730 1148363 327965 1081358 1085493 1170218 1185996 782519 1447778 1025374 348214 660970 927876 14446 438712 557381 291365 1361242 361056 221959 993343 275015 339311 642371 917233 963618 447835 1184912 1070295 962174 792004 928393 680413 643607 647033 156868 40800 1056036 309130 377784 170711 1048442 701161 83447 1345286 921159 107158 451547 1273019 284069 685512 812716 252083 161147 1019015 1407677 510472 1196645 883724 991989 897324 466466 529710 672158 250374 926221 1202644
