64
0 1 1 1 1 1 1 1 1 1 1 1 1 1 1 1 1 1 1 1 1 1 1 0 1 1 1 1 0 1 1 1 1 1 1 1 1 1 1 1 0 1 1 1 1 1 1 1 1 1 1 1 1 1 1 1 1 1 0 1 1 0 1 1
1 0 0 1 1 1 1 1 1 1 1 1 1 1 1 1 1 1 1 1 1 1 1 1 1 1 1 1 1 1 1 1 1 1 1 0 1 1 1 1 1 1 1 1 1 1 1 1 1 1 1 1 1 1 1 1 1 1 1 1 1 1 1 1
1 0 0 1 1 1 1 1 1 1 1 1 1 1 1 1 1 0 1 1 1 1 1 1 1 0 1 1 1 1 1 1 1 1 0 1 1 1 1 1 1 1 1 1 1 1 1 1 1 1 1 1 1 1 1 1 1 1 1 0 1 1 1 1
1 1 1 0 1 1 1 1 0 1 1 1 1 1 1 1 1 1 1 1 1 1 1 1 1 1 1 1 1 1 1 1 1 1 1 1 1 1 0 1 1 1 1 1 1 1 1 1 1 1 1 1 1 1 1 1 0 1 1 0 1 1 1 1
1 1 1 1 0 1 1 1 1 1 1 1 1 1 1 1 1 1 1 1 1 1 1 1 1 1 1 0 1 0 1 1 1 1 0 1 1 1 1 1 1 1 1 1 1 1 1 1 1 1 1 1 0 1 1 1 0 1 1 1 1 1 1 1
1 1 1 1 1 0 1 1 1 1 1 1 1 1 1 1 1 1 1 1 1 1 1 1 1 1 1 1 1 1 0 1 1 1 1 0 1 1 1 1 1 1 1 1 1 1 1 1 1 1 1 1 1 1 1 1 1 1 1 1 1 1 1 1
1 1 1 1 1 1 0 1 1 1 0 0 1 1 1 1 1 1 1 1 1 1 1 1 1 1 1 1 1 1 1 1 1 1 1 1 1 0 1 0 1 1 1 1 1 1 1 1 1 1 1 1 1 1 1 1 0 1 1 1 1 1 1 1
1 1 1 1 1 1 1 0 1 1 1 1 1 1 0 1 1 1 1 1 0 1 1 1 1 1 1 1 1 1 1 1 1 1 1 1 0 1 1 1 1 1 1 1 1 1 1 1 1 1 1 1 1 1 1 1 1 1 1 1 1 1 1 1
1 1 1 0 1 1 1 1 0 1 0 1 1 1 1 1 1 1 1 1 1 1 1 1 1 1 1 1 1 1 1 1 1 1 0 1 1 1 1 0 1 1 1 1 0 1 1 1 1 1 1 1 1 1 1 1 1 1 1 1 1 1 1 1
1 1 1 1 1 1 1 1 1 0 1 1 1 1 1 1 1 1 1 1 1 1 1 1 1 1 1 1 1 1 1 1 1 1 1 1 1 1 1 1 1 0 1 1 1 1 1 1 1 1 1 1 1 1 1 1 1 1 1 1 1 1 1 1
1 1 1 1 1 1 0 1 0 1 0 1 1 1 1 1 1 1 1 1 1 1 1 1 1 1 1 1 1 1 1 1 1 1 1 1 1 1 1 1 0 1 1 1 1 1 1 1 1 1 1 1 1 1 1 1 0 1 1 1 1 1 1 1
1 1 1 1 1 1 0 1 1 1 1 0 1 1 1 1 1 1 1 1 0 1 1 1 1 1 1 1 1 1 1 1 1 1 1 1 1 1 1 1 1 1 0 1 1 1 1 1 0 1 1 0 1 1 1 1 1 1 1 1 1 1 0 1
1 1 1 1 1 1 1 1 1 1 1 1 0 1 1 0 1 0 1 1 1 1 1 1 1 1 1 1 1 1 1 1 1 1 1 1 1 1 1 1 1 1 1 1 0 1 1 1 1 1 1 1 0 1 1 1 1 1 1 1 1 1 1 1
1 1 1 1 1 1 1 1 1 1 1 1 1 0 0 1 1 1 1 1 1 1 1 1 1 1 1 0 1 1 1 1 1 0 1 1 1 1 1 1 1 1 1 1 1 1 1 1 1 1 1 1 1 1 1 1 1 1 1 1 1 1 1 1
1 1 1 1 1 1 1 0 1 1 1 1 1 0 0 1 1 1 1 1 1 1 1 1 1 1 1 1 1 1 1 1 1 1 1 1 1 1 1 1 1 1 1 1 1 1 1 1 0 1 1 1 1 1 1 1 1 1 1 1 1 1 1 1
1 1 1 1 1 1 1 1 1 1 1 1 0 1 1 0 1 1 1 1 1 1 0 1 1 1 1 1 1 1 1 1 1 1 1 1 1 1 1 1 1 1 1 1 1 1 0 1 1 1 1 1 1 1 1 1 1 1 1 1 1 1 1 1
1 1 1 1 1 1 1 1 1 1 1 1 1 1 1 1 0 1 1 1 1 1 1 1 1 1 1 1 1 1 1 0 1 1 1 1 1 1 1 1 1 1 1 1 1 1 1 1 1 1 1 1 1 1 1 1 1 1 1 1 1 1 1 1
1 1 0 1 1 1 1 1 1 1 1 1 0 1 1 1 1 0 1 1 1 1 1 1 1 1 1 1 1 1 1 1 1 1 1 1 1 1 1 1 1 1 1 1 1 1 1 1 0 1 1 1 1 1 0 1 1 1 1 0 1 1 1 0
1 1 1 1 1 1 1 1 1 1 1 1 1 1 1 1 1 1 0 1 1 1 1 1 1 1 1 1 1 1 1 1 1 1 1 1 1 1 1 1 1 1 1 1 1 1 1 1 0 1 1 0 1 1 1 1 1 1 1 1 1 1 1 1
1 1 1 1 1 1 1 1 1 1 1 1 1 1 1 1 1 1 1 0 1 1 1 1 1 1 1 1 1 1 1 1 1 1 1 0 1 1 0 1 1 1 1 1 1 1 1 1 1 1 1 1 1 1 1 1 1 1 1 1 1 1 1 1
1 1 1 1 1 1 1 0 1 1 1 0 1 1 1 1 1 1 1 1 0 1 1 1 1 1 1 1 1 1 1 1 1 1 1 1 1 1 1 1 1 1 1 1 1 1 1 1 1 1 1 1 1 1 1 1 1 1 1 1 1 1 1 1
1 1 1 1 1 1 1 1 1 1 1 1 1 1 1 1 1 1 1 1 1 0 1 1 1 1 0 1 1 1 1 0 1 1 1 1 1 1 1 1 1 1 1 1 1 1 1 1 1 1 1 1 1 1 1 1 1 1 1 1 1 1 1 1
1 1 1 1 1 1 1 1 1 1 1 1 1 1 1 0 1 1 1 1 1 1 0 1 1 1 1 1 1 1 1 1 1 1 1 1 0 1 1 1 1 1 1 1 1 1 1 1 1 1 1 1 1 1 1 1 1 1 1 1 1 1 1 1
0 1 1 1 1 1 1 1 1 1 1 1 1 1 1 1 1 1 1 1 1 1 1 0 1 1 1 1 1 1 1 1 1 1 1 1 1 1 1 1 1 1 1 1 1 1 1 1 1 1 1 0 1 1 1 1 1 1 1 1 1 1 1 1
1 1 1 1 1 1 1 1 1 1 1 1 1 1 1 1 1 1 1 1 1 1 1 1 0 1 0 1 1 1 1 1 1 0 1 1 1 1 1 1 1 1 1 1 1 1 0 1 1 1 1 1 1 0 1 1 1 1 1 1 1 1 1 1
1 1 0 1 1 1 1 1 1 1 1 1 1 1 1 1 1 1 1 1 1 1 1 1 1 0 1 1 1 1 1 1 1 1 1 1 1 1 1 1 1 1 1 1 1 1 1 1 1 1 1 1 0 1 1 1 1 1 1 1 1 0 1 1
1 1 1 1 1 1 1 1 1 1 1 1 1 1 1 1 1 1 1 1 1 0 1 1 0 1 0 1 1 1 1 1 1 1 1 1 1 1 1 1 1 1 1 1 1 1 1 1 1 1 1 1 0 1 1 1 1 1 1 1 1 1 1 1
1 1 1 1 0 1 1 1 1 1 1 1 1 0 1 1 1 1 1 1 1 1 1 1 1 1 1 0 1 1 1 1 1 1 1 1 1 1 1 1 1 1 0 1 1 1 1 1 1 1 1 1 1 1 1 0 1 1 1 1 1 1 1 1
0 1 1 1 1 1 1 1 1 1 1 1 1 1 1 1 1 1 1 1 1 1 1 1 1 1 1 1 0 1 1 1 1 1 1 0 1 1 1 1 1 1 1 1 1 1 1 1 1 1 1 1 1 1 1 1 1 1 1 1 1 1 1 1
1 1 1 1 0 1 1 1 1 1 1 1 1 1 1 1 1 1 1 1 1 1 1 1 1 1 1 1 1 0 1 0 1 1 1 1 0 1 1 1 1 1 1 1 1 1 1 1 1 1 1 1 1 1 1 1 1 1 1 1 1 1 1 1
1 1 1 1 1 0 1 1 1 1 1 1 1 1 1 1 1 1 1 1 1 1 1 1 1 1 1 1 1 1 0 1 1 1 1 1 1 1 1 1 1 1 1 1 1 1 1 1 1 1 1 1 1 1 1 1 1 1 1 1 1 1 1 1
1 1 1 1 1 1 1 1 1 1 1 1 1 1 1 1 0 1 1 1 1 0 1 1 1 1 1 1 1 0 1 0 1 1 1 0 1 0 1 1 1 1 1 1 1 1 1 1 1 1 1 1 1 1 1 1 1 1 1 1 1 0 1 1
1 1 1 1 1 1 1 1 1 1 1 1 1 1 1 1 1 1 1 1 1 1 1 1 1 1 1 1 1 1 1 1 0 1 1 1 1 1 1 0 1 1 1 1 1 1 1 1 1 1 1 1 1 1 1 1 1 1 1 1 1 1 0 1
1 1 1 1 1 1 1 1 1 1 1 1 1 0 1 1 1 1 1 1 1 1 1 1 0 1 1 1 1 1 1 1 1 0 1 1 1 1 0 1 1 1 1 1 1 1 1 1 1 1 1 1 1 0 1 1 1 1 1 1 1 1 1 1
1 1 0 1 0 1 1 1 0 1 1 1 1 1 1 1 1 1 1 1 1 1 1 1 1 1 1 1 1 1 1 1 1 1 0 1 1 1 1 1 1 1 1 1 1 1 1 1 1 1 1 1 1 0 1 1 1 1 1 1 1 1 1 1
1 0 1 1 1 0 1 1 1 1 1 1 1 1 1 1 1 1 1 0 1 1 1 1 1 1 1 1 0 1 1 0 1 1 1 0 1 1 1 1 1 1 1 1 1 0 1 1 1 1 1 1 1 1 1 1 1 1 1 1 1 1 1 1
1 1 1 1 1 1 1 0 1 1 1 1 1 1 1 1 1 1 1 1 1 1 0 1 1 1 1 1 1 0 1 1 1 1 1 1 0 1 0 1 1 1 1 1 1 1 1 1 1 1 1 1 1 1 1 1 1 1 1 1 1 0 1 1
1 1 1 1 1 1 0 1 1 1 1 1 1 1 1 1 1 1 1 1 1 1 1 1 1 1 1 1 1 1 1 0 1 1 1 1 1 0 1 1 1 1 1 1 1 1 0 0 1 1 1 1 1 1 1 1 1 1 1 1 1 1 1 1
1 1 1 0 1 1 1 1 1 1 1 1 1 1 1 1 1 1 1 0 1 1 1 1 1 1 1 1 1 1 1 1 1 0 1 1 0 1 0 1 1 1 1 1 1 1 1 1 1 1 1 1 1 1 0 1 1 1 1 0 1 1 1 1
1 1 1 1 1 1 0 1 0 1 1 1 1 1 1 1 1 1 1 1 1 1 1 1 1 1 1 1 1 1 1 1 0 1 1 1 1 1 1 0 1 1 1 1 1 1 1 1 1 1 1 1 1 0 1 1 1 1 1 1 0 1 1 1
0 1 1 1 1 1 1 1 1 1 0 1 1 1 1 1 1 1 1 1 1 1 1 1 1 1 1 1 1 1 1 1 1 1 1 1 1 1 1 1 0 1 1 1 1 1 1 1 1 1 1 1 1 1 1 1 1 1 1 1 1 1 1 1
1 1 1 1 1 1 1 1 1 0 1 1 1 1 1 1 1 1 1 1 1 1 1 1 1 1 1 1 1 1 1 1 1 1 1 1 1 1 1 1 1 0 1 1 1 1 1 1 1 1 1 1 1 1 1 1 1 1 1 1 1 1 1 1
1 1 1 1 1 1 1 1 1 1 1 0 1 1 1 1 1 1 1 1 1 1 1 1 1 1 1 0 1 1 1 1 1 1 1 1 1 1 1 1 1 1 0 1 1 1 1 1 1 1 1 1 1 1 1 1 1 1 1 1 1 1 1 1
1 1 1 1 1 1 1 1 1 1 1 1 1 1 1 1 1 1 1 1 1 1 1 1 1 1 1 1 1 1 1 1 1 1 1 1 1 1 1 1 1 1 1 0 1 1 1 1 1 1 1 1 1 1 1 1 1 1 1 1 0 1 1 1
1 1 1 1 1 1 1 1 0 1 1 1 0 1 1 1 1 1 1 1 1 1 1 1 1 1 1 1 1 1 1 1 1 1 1 1 1 1 1 1 1 1 1 1 0 0 0 1 1 0 1 1 1 1 1 1 1 1 1 1 1 1 1 1
1 1 1 1 1 1 1 1 1 1 1 1 1 1 1 1 1 1 1 1 1 1 1 1 1 1 1 1 1 1 1 1 1 1 1 0 1 1 1 1 1 1 1 1 0 0 1 1 1 1 1 0 1 1 1 1 1 1 1 1 0 1 1 1
1 1 1 1 1 1 1 1 1 1 1 1 1 1 1 0 1 1 1 1 1 1 1 1 0 1 1 1 1 1 1 1 1 1 1 1 1 0 1 1 1 1 1 1 0 1 0 1 1 1 1 1 1 1 1 1 1 0 1 1 1 1 1 1
1 1 1 1 1 1 1 1 1 1 1 1 1 1 1 1 1 1 1 1 1 1 1 1 1 1 1 1 1 1 1 1 1 1 1 1 1 0 1 1 1 1 1 1 1 1 1 0 1 1 1 1 1 1 1 1 1 1 1 0 1 1 1 1
1 1 1 1 1 1 1 1 1 1 1 0 1 1 0 1 1 0 0 1 1 1 1 1 1 1 1 1 1 1 1 1 1 1 1 1 1 1 1 1 1 1 1 1 1 1 1 1 0 1 1 1 1 1 1 1 1 1 1 1 1 1 1 1
1 1 1 1 1 1 1 1 1 1 1 1 1 1 1 1 1 1 1 1 1 1 1 1 1 1 1 1 1 1 1 1 1 1 1 1 1 1 1 1 1 1 1 1 0 1 1 1 1 0 1 1 1 1 1 1 1 1 1 1 1 1 1 1
1 1 1 1 1 1 1 1 1 1 1 1 1 1 1 1 1 1 1 1 1 1 1 1 1 1 1 1 1 1 1 1 1 1 1 1 1 1 1 1 1 1 1 1 1 1 1 1 1 1 0 1 1 1 1 0 1 1 1 1 1 0 1 0
1 1 1 1 1 1 1 1 1 1 1 0 1 1 1 1 1 1 0 1 1 1 1 0 1 1 1 1 1 1 1 1 1 1 1 1 1 1 1 1 1 1 1 1 1 0 1 1 1 1 1 0 1 1 1 1 1 1 1 1 1 1 1 1
1 1 1 1 0 1 1 1 1 1 1 1 0 1 1 1 1 1 1 1 1 1 1 1 1 0 0 1 1 1 1 1 1 1 1 1 1 1 1 1 1 1 1 1 1 1 1 1 1 1 1 1 0 1 1 1 1 1 0 1 1 0 1 1
1 1 1 1 1 1 1 1 1 1 1 1 1 1 1 1 1 1 1 1 1 1 1 1 0 1 1 1 1 1 1 1 1 0 0 1 1 1 1 0 1 1 1 1 1 1 1 1 1 1 1 1 1 0 1 1 1 1 1 1 1 1 1 1
1 1 1 1 1 1 1 1 1 1 1 1 1 1 1 1 1 0 1 1 1 1 1 1 1 1 1 1 1 1 1 1 1 1 1 1 1 1 0 1 1 1 1 1 1 1 1 1 1 1 1 1 1 1 0 1 1 1 1 1 1 1 1 1
1 1 1 1 1 1 1 1 1 1 1 1 1 1 1 1 1 1 1 1 1 1 1 1 1 1 1 0 1 1 1 1 1 1 1 1 1 1 1 1 1 1 1 1 1 1 1 1 1 1 0 1 1 1 1 0 1 1 1 1 1 1 1 1
1 1 1 0 0 1 0 1 1 1 0 1 1 1 1 1 1 1 1 1 1 1 1 1 1 1 1 1 1 1 1 1 1 1 1 1 1 1 1 1 1 1 1 1 1 1 1 1 1 1 1 1 1 1 1 1 0 1 1 1 1 1 1 1
1 1 1 1 1 1 1 1 1 1 1 1 1 1 1 1 1 1 1 1 1 1 1 1 1 1 1 1 1 1 1 1 1 1 1 1 1 1 1 1 1 1 1 1 1 1 0 1 1 1 1 1 1 1 1 1 1 0 1 1 1 1 1 1
0 1 1 1 1 1 1 1 1 1 1 1 1 1 1 1 1 1 1 1 1 1 1 1 1 1 1 1 1 1 1 1 1 1 1 1 1 1 1 1 1 1 1 1 1 1 1 1 1 1 1 1 0 1 1 1 1 1 0 1 1 1 1 1
1 1 0 0 1 1 1 1 1 1 1 1 1 1 1 1 1 0 1 1 1 1 1 1 1 1 1 1 1 1 1 1 1 1 1 1 1 1 0 1 1 1 1 1 1 1 1 0 1 1 1 1 1 1 1 1 1 1 1 0 1 1 1 1
1 1 1 1 1 1 1 1 1 1 1 1 1 1 1 1 1 1 1 1 1 1 1 1 1 1 1 1 1 1 1 1 1 1 1 1 1 1 1 0 1 1 1 0 1 0 1 1 1 1 1 1 1 1 1 1 1 1 1 1 0 1 1 1
0 1 1 1 1 1 1 1 1 1 1 1 1 1 1 1 1 1 1 1 1 1 1 1 1 0 1 1 1 1 1 0 1 1 1 1 0 1 1 1 1 1 1 1 1 1 1 1 1 1 0 1 0 1 1 1 1 1 1 1 1 0 1 1
1 1 1 1 1 1 1 1 1 1 1 0 1 1 1 1 1 1 1 1 1 1 1 1 1 1 1 1 1 1 1 1 0 1 1 1 1 1 1 1 1 1 1 1 1 1 1 1 1 1 1 1 1 1 1 1 1 1 1 1 1 1 0 1
1 1 1 1 1 1 1 1 1 1 1 1 1 1 1 1 1 0 1 1 1 1 1 1 1 1 1 1 1 1 1 1 1 1 1 1 1 1 1 1 1 1 1 1 1 1 1 1 1 1 0 1 1 1 1 1 1 1 1 1 1 1 1 0
51311 13082 2902 82536 9494 36882 89416 83890 32558 70760 97120 1406 33549 41778 81231 16673 17277 98239 85848 58856 57013 53682 21533 64445 16674 92897 29017 52001 33021 43365 1885 21796 3264 29811 92254 93414 50383 9838 71422 56100 16462 86995 55480 72183 63479 54146 93718 58913 32733 72376 62028 23541 94123 49020 74122 8277 23028 99304 92402 86973 3337 13841 3182 2544 16997 40513 58580 91877 51834 6036 79876 80229 89140 39265 73918 232 56121 95647 21138 30886 3401 75418 32759 65639 87965 94297 96663 73244 660 85017 44035 59282 65196 65796 4282 78164 2790 16631 36349 68084 84615 87082 39528 69708 2743 73281 37603 31115 82943 97793 42400 33709 63704 71626 50366 18961 70292 15281 11326 49155 99126 77311 80976 97424 705 20592 44573 69354
4421 70838 32591 86233 16046 72948 35389 32072 5143 52530 28262 84709 49435 98634 30776 51052 57606 15115 89060 63035 30083 97919 36493 56165 44033 49446 30153 53077 84381 46187 84962 8025 62024 68296 94528 23177 79706 54988 69139 70092 23963 56298 66252 34370 19345 65836 11130 28960 46374 30344 67176 7722 69524 99143 13648 25920 33378 75030 19118 89632 68529 45008 62421 44811 91138 92760 70033 81678 7830 54361 39515 80065 58837 55217 23191 60919 21360 21285 18006 78248 91081 46858 41243 18636 1668 51952 80127 32207 26488 82545 77727 18453 58065 79156 97983 85331 95770 23574 78057 35268 12899 19481 23390 41621 61329 82064 65010 13783 28504 96124 98209 28218 26801 5046 72571 44895 29321 28907 3580 91959 63841 32438 22981 14480 8975 801 63037 56041
79016 25149 99008 48250 84387 37079 67038 66260 18250 68752 63217 34978 4109 10982 89483 53709 20528 48788 22606 24766 25461 92427 97660 54651 54530 70941 29815 62131 26979 56983 53790 97078 18138 44003 64599 38072 48729 73783 88536 70750 97334 85405 90937 80193 66170 829 51603 80619 86470 88619 34666 29824 19008 88128 73438 81776 22387 52551 14015 331 28260 85009 27262 22689 27135 49146 8622 27273 56215 14210 86802 3124 77636 61758 32534 97210 85008 22955 96962 44445 60885 14517 64925 21408 58009 33413 41309 80586 95038 13143 29425 68501 804 92819 54841 47755 2807 78731 21102 29607 41889 77243 36137 92130 8796 4933 92613 57742 94607 60096 3765 47525 68575 21484 78392 19253 42496 5258 4405 71937 41533 53424 95474 74007 43177 48596 19317 14080
65032 46746 57061 70861 62654 89496 26077 19192 81837 38169 73496 19623 65288 41323 12329 79855 26942 87888 74717 92038 52345 72378 28214 5091 50064 86671 87519 6466 10152 87196 51174 84518 94757 16230 95060 13983 81089 93551 99179 81111 42302 27250 13448 18722 93073 59858 92806 8059 75115 98672 50971 45618 39114 60983 64651 78415 59176 40269 29646 71366 18075 35319 93227 36663 59492 89614 41875 21833 39112 79404 92705 78042 91738 73818 73663 2105 60535 45735 92253 58417 38529 93539 70383 51741 42904 50307 31243 78070 92665 8433 13243 37794 26298 10557 15001 63729 32635 23437 21876 66454 69381 26219 43957 36142 76747 94642 62273 96799 6372 67163 51764 45669 47444 52151 87814 44024 21469 67032 60293 18631 81247 86843 91349 7226 48084 16766 45199 61603
90783 26757 64036 20303 3368 27802 48574 45344 76120 8822 91622 59025 78935 54065 31506 4801 51679 55499 76112 82403 48965 57766 81608 86875 20410 37360 24059 77514 44494 64606 21350 11924 83020 45394 9586 91061 45231 79943 93842 33504 74645 65991 51626 82905 52914 82771 84050 67419 77072 73470 29144 44203 47693 9840 39689 35811 70710 62592 2182 13747 13142 71446 22017 75930 89389 27905 15117 72483 95594 91687 25650 36154 71898 11135 10919 34075 42168 2307 19224 90630 10515 28378 72421 81746 90385 8954 38846 80826 19086 2433 37073 46498 29473 74897 3579 39953 30752 35979 37391 97747 27776 37709 14140 2658 96152 13975 79768 19112 71373 79283 27005 78248 6243 73001 47232 424 54496 94974 45207 844 26940 61138 75867 20744 42845 98097 93817 85983
30564 77895 73620 43364 99813 28130 82930 95615 53434 61605 12823 74222 71135 18601 39568 18939 58926 43012 68415 58068 63003 73700 43370 54611 84984 5528 72595 14464 44858 15345 93660 7995 73683 35697 67747 82502 17230 38371 35492 3493 93100 28523 82043 2563 43203 57896 88060 53695 77865 38495 86086 1901 85377 7057 1540 38867 48945 35570 76370 46301 43449 30796 65795 23856 85965 10049 53570 87044 40468 63929 34386 76603 88990 13834 28613 58974 98793 53117 30486 80889 6836 63404 75502 92653 55953 62076 40321 6123 68731 32377 43268 24087 76362 96394 59817 2086 21612 68507 20430 73759 33972 70129 85288 22817 73267 3718 57736 48547 85330 34091 25875 29524 44478 96065 23311 35662 90028 54819 65597 2274 36360 32574 79606 2590 95674 24635 22979 23049
28524 43403 49671 96674 45204 88560 69432 4206 50241 82754 53644 17531 47861 13542 67630 8843 1926 72518 21263 8723 36644 32706 43635 23383 24045 34530 10065 38702 12500 51165 94209 7211 60522 94659 5253 96735 90537 55755 45168 64211 85370 67088 38881 68233 63918 77288 14540 56100 70389 92723 75153 65447 71810 89700 71291 75300 55401 2619 89893 26294 3925 11083 68488 7252 16320 1445 74270 86067 3211 37566 36471 43626 64858 40833 79880 96141 83797 75343 85511 72431 21623 10061 83437 50455 43039 89999 15539 31177 14887 98862 9442 54944 69216 57308 52225 81854 6044 24377 59628 50011 25892 55375 79262 22254 30859 57712 20141 62419 92810 43464 43817 45330 82864 96778 68448 91306 65754 95277 69496 97670 46845 79084 31721 41157 9401 75501 72364 31092
55559 21210 97470 82449 77817 47348 62824 80856 15419 97466 71718 16456 18193 68254 87994 92855 94625 98785 97499 15774 11198 69905 71217 73546 19827 19424 43270 15722 53766 28586 93558 96309 8800 5703 16322 70922 95404 17423 15960 75720 17316 82639 8147 67832 52858 65689 94234 45335 95903 65562 39352 49077 66501 26883 552 27812 40257 53166 8195 69334 24707 64244 56760 82600 73671 40031 19011 18156 66956 35883 80150 95288 87121 19282 62277 75964 99358 95918 50024 62558 42789 43384 58708 15542 10070 38717 92537 59609 75187 77898 28739 98076 27474 6606 61080 80868 26010 61627 77347 42386 25706 78664 75535 35359 58538 13003 32574 65647 61480 23721 93770 15426 49025 11858 980 25600 58525 16472 49043 83973 65514 55477 67827 83712 40310 87756 46810 87118
52176 21931 7958 84563 40515 30102 12612 2853 34181 87739 61397 25613 45955 7924 92839 587 27908 85976 53714 59937 89045 29663 56453 73700 58156 77171 87542 49861 53138 30886 62879 5879 98242 24158 90762 99918 38682 23765 54562 77059 2627 52279 38893 51293 50554 57899 79813 98007 57284 73229 77800 95830 60767 79239 64404 89577 84701 88090 55102 20745 18645 72681 42898 4113 28674 52149 95453 75121 62508 75419 43881 41067 65776 17909 23867 54064 65211 36983 99039 64932 63714 6159 54275 3052 5878 26291 21411 10750 73217 72603 34603 87127 79444 97459 62023 82893 63497 53735 90399 20512 9932 73379 81758 43030 68817 56870 98250 90279 34532 59002 21886 11037 18401 69774 86573 84581 76256 42312 95768 21081 52914 38977 2827 8843 22524 48724 93740 80980
22642 24128 82681 34144 80082 12460 55999 68620 59971 19326 72635 8048 86435 84582 74798 21428 12399 67007 34209 76513 26195 20864 41402 88714 59456 44590 90184 51377 82129 68591 51445 7651 22411 94844 86082 88407 943 3085 27328 79163 85592 67572 22950 80122 51527 4461 95341 52245 52404 78961 35344 42368 81034 78383 8028 10757 50025 23509 12461 33213 15701 35576 2705 59056 93593 40117 88129 4873 402 67820 49944 32324 36514 46656 71724 25644 661 42426 32442 76311 16888 35898 26765 48546 88998 15266 4540 76134 10797 67482 1254 61242 11760 11113 70499 17770 54302 64918 95049 29087 55612 44475 39988 18297 71603 47013 65823 79866 68471 32958 34919 88011 65816 34337 21608 33735 68274 88822 93584 28946 60582 40696 31105 65887 20890 46114 761 78635
79241 54584 51665 28450 5386 34982 64174 76708 2770 9103 33373 39131 96643 64870 60601 52900 90340 24164 92843 58251 78924 37792 17787 70621 12603 52871 79790 70063 12400 14859 18789 50796 99520 96175 76440 80634 13505 77544 8571 6588 12302 39934 3849 81000 39856 60983 86718 34668 74233 17843 52856 84748 2385 41388 994 90316 79696 56221 56022 7608 4483 64686 6237 61838 29839 81764 7794 39506 73038 67602 46138 18695 3422 48391 77961 46954 60006 28285 57807 72466 27909 55594 63575 53376 98913 21117 12007 76760 38950 38520 64690 77192 40820 38742 52781 73906 32992 53047 78351 70679 17021 43437 24472 51586 67721 59779 41275 92485 6781 29035 22984 30066 93398 49873 64145 16870 87300 65759 92759 90840 59343 9292 91260 4438 30097 96256 13188 8638
71583 94640 92934 26034 37110 51825 52509 16055 98623 10003 30976 69151 88795 33027 38864 30393 48368 46870 7714 77729 13287 80807 83346 66313 46393 30681 65397 9693 23562 43947 67459 57856 99002 48087 58118 44472 40582 19620 91670 48165 79906 44712 68779 97238 1211 65673 88840 90971 94109 7707 35912 35348 69215 29845 49194 7921 61874 99168 22664 3122 17055 91010 75581 31360 7099 61029 4583 1232 88623 88085 56808 92758 97434 65228 62910 26344 32228 83175 20719 49155 27155 13016 16046 42885 11752 83133 94235 39644 37130 59311 23861 53589 95110 99231 22913 43637 25555 60941 34986 81279 12558 46083 98259 85372 45197 99387 99559 82892 94538 17007 16599 92077 85278 45546 93240 64021 80140 14545 35092 82572 21920 68259 97537 19453 52793 96634 966 50627
41137 3968 72766 74592 33492 48936 66027 59143 63035 9103 35915 89811 67623 44912 86301 79390 80280 99928 15985 14272 46659 42349 17956 46568 78312 65256 54657 55847 27497 94349 59877 37626 56015 11643 51512 57588 70636 15221 9210 33682 52902 8648 84117 51032 69227 11140 6076 66243 52369 45148 26087 83078 85720 32334 78678 15063 48181 71273 38216 25525 13311 50880 41134 96415 94278 67389 3563 49401 71945 25820 35148 48151 33571 73136 38719 24188 12533 45374 28454 22425 98234 97097 20881 32451 52949 13779 54907 70030 23231 86697 18472 42928 16359 5757 77732 29664 94107 90224 32479 90583 20905 17828 14400 86934 40818 65412 16252 10503 19891 4900 37747 49130 2469 37396 19760 7631 15987 2156 23951 41476 23613 75471 94476 97618 77804 77366 27399 84066
40027 57527 77296 9520 71524 82484 93396 63079 20804 51434 60581 35462 39242 74289 83922 45207 3369 75973 58069 30242 8022 74767 18654 2619 80739 80519 80536 9799 23597 41492 50002 38508 31896 51672 26331 79753 40690 39124 85386 95326 58723 36308 17657 26569 85585 46452 24556 22705 56014 2475 63297 61616 86026 71440 90308 17832 98242 51827 33034 13683 32079 50972 52730 14985 98958 67411 45289 42986 73419 24111 99859 81936 42842 10009 64410 38545 39819 99155 15394 90346 25370 16451 35184 13322 80770 93573 30461 24246 96398 1710 77534 18309 94509 51073 17797 43473 51387 68914 68681 53067 59381 86895 53199 62194 68500 1988 20419 57422 35640 55448 15398 56724 83168 4316 15043 63334 88418 85959 54255 35903 88440 73549 1677 19704 26545 20052 74801 97088
88118 3274 66777 62163 23554 23463 73447 67414 88257 7680 7923 13931 62622 14361 91506 86244 2671 89688 45962 63195 42028 47642 6053 6433 83547 64140 65004 77139 40334 74397 50126 32476 13610 83289 67479 22388 70996 792 37077 17593 98488 55846 77452 50777 76003 66668 17666 44285 17126 91513 10846 51593 3742 33944 76513 48900 22361 21464 34113 62989 84319 39071 50118 65969 28338 61816 96941 56738 87286 9677 76315 27280 76237 60773 60104 95633 72538 85421 28114 81907 20876 87852 72882 16578 39831 96875 20751 30486 40814 87696 25226 73372 93955 93474 97234 51352 32382 10724 69335 72674 63411 22316 89 63714 4466 14428 86603 37017 6302 45230 82562 58006 96018 2031 1555 89739 50152 6464 91011 84348 59638 77316 95966 58022 11671 28095 40384 64243
87988 11812 36932 2143 54975 17321 86399 13456 17241 38905 98172 17835 51881 5838 57532 96977 18096 13156 25251 20824 75532 59861 92659 43855 65110 52610 45723 22411 81538 11544 48149 24112 43148 5549 54234 63624 71723 22266 99937 20843 46215 6698 58221 67415 210 33604 25633 90336 79223 93761 76688 40809 53608 23030 83680 54219 91756 28093 25181 16002 62875 82425 21782 30269 11789 40394 36502 89662 83960 13982 38606 23550 52577 88558 73660 3243 36999 64268 61284 11069 44038 30899 37785 67790 95550 46335 34144 36167 78097 82700 73026 33487 86557 4625 24671 71158 47039 39546 17430 93698 35838 91509 15393 89541 64205 1247 29829 21229 63335 15363 40680 75748 55382 12916 36188 53991 60114 53767 59610 18363 88639 45121 37053 42063 65312 16855 51602 39551
18664 41252 68881 24477 3373 71425 4831 78215 91973 83264 59760 95508 21313 52984 75555 72741 12268 14596 78247 62735 77703 10959 34031 6757 16924 47338 53714 62324 11183 33808 23833 28377 93690 48288 8223 63152 82135 1101 87521 79222 33094 71352 58589 91304 21258 11472 84034 83055 69265 928 93824 85072 747 89724 71742 27970 91509 5770 39058 23982 13277 73035 25288 95167 89732 99151 90242 22637 40627 22396 76263 77968 5282 38115 59930 41203 53262 76271 45487 67146 60974 74920 60444 48225 4831 55625 70908 56392 46073 14681 27165 60934 91956 65041 94763 42301 62970 5326 24922 7710 77288 30705 60636 90824 43267 17140 57785 24337 78708 17673 6457 41881 12432 66778 26711 16152 31157 98257 67892 23247 23014 17470 12349 59679 26755 75922 1606 12232
26046 51514 47938 70080 58172 96948 17364 46046 98087 40173 76733 80327 47068 20931 89561 47080 40873 94642 77860 27374 14734 70086 36717 9515 49336 5331 85085 19020 49619 61253 73477 74673 90690 23486 65439 57077 28403 96587 91409 89950 33081 63278 81418 68244 62301 29545 20219 41002 21117 46381 73643 40517 70514 90611 36448 68727 4889 12706 75693 21050 84929 3873 10140 76018 71519 95438 20031 86359 90772 97533 22024 7795 22193 72544 55431 34831 98946 70549 87437 95793 66805 13116 8797 29956 60005 86378 94034 59934 56577 45099 38577 23853 53548 65291 36078 90054 5387 37603 75845 400 84400 44048 95579 49790 55676 16329 55931 3988 64686 12928 66722 98531 68589 50449 3448 52893 25621 23924 39812 76445 51198 61304 17792 39428 74261 80887 66031 66915
79789 70362 69983 69614 78914 30603 1286 19020 993 43183 73808 349 15049 96403 78409 22441 1995 83215 41115 86854 11064 77492 31181 65150 4534 95099 46244 73175 77864 9703 16564 28958 87059 69791 7701 43523 33862 96565 1694 7764 57155 63120 35510 97614 1339 4599 68794 48764 99175 8270 2866 33670 13601 73506 32070 95498 20529 96425 44048 7771 66076 94768 72766 44957 51709 10160 46465 90566 79051 22890 70604 77205 15754 9246 97092 10273 38263 53355 61754 10333 18612 53362 88318 2116 87536 71157 23153 56429 15253 15195 69986 33056 5238 34607 22349 10542 2125 98624 26839 51377 44583 44854 25849 18524 12953 84175 63467 5143 24773 54182 55526 57021 72094 40388 22891 77802 57067 78401 26546 5238 62446 55988 99558 27154 41400 46079 56640 18253
76577 17900 70228 13757 75989 54864 74428 37775 65383 30668 18174 27664 70134 23297 45312 33429 38349 68019 51127 93497 82480 55594 39444 48484 30144 55070 22301 33907 56945 80597 93863 56024 95789 74467 76871 19635 98271 903 20459 79012 41448 87695 21175 98301 84109 690 13499 96601 87621 28617 53919 62178 24709 61605 17554 29811 88077 44382 78326 32739 30432 39111 4800 27609 89054 73077 19848 74102 91264 4502 72029 89607 49687 32854 55146 69612 10341 94980 36209 96306 42613 65707 76450 82717 4562 11642 31461 64564 6105 82859 43353 77758 85918 32147 32975 74236 84995 66559 6548 31302 82652 6069 63125 10780 2636 78151 98626 41396 43466 54127 52003 87094 94488 77965 52062 55702 1937 70806 70703 94190 71652 70059 83579 88060 3519 9785 53442 48259
80563 66246 864 55591 60173 86153 81521 31041 41557 14496 5996 10885 90316 61390 85177 5417 16186 2161 77446 56382 9352 25791 7034 20294 96722 47960 9019 98353 51092 36268 6747 83766 4439 648 86897 81277 21977 40706 18006 22933 62504 60056 93323 43700 64391 84929 69886 17022 461 45729 28205 89105 21624 10554 46736 95450 66420 56250 40518 87201 83230 49135 28351 89956 37236 29455 75327 83120 28146 1058 88695 56793 39373 67414 53730 49777 68261 40353 66909 6274 48628 18839 41651 20209 84342 97129 54806 39011 56925 11287 26901 8307 12444 57683 25595 90288 71962 65022 97972 53849 72998 80075 8814 196 27784 98739 58428 60937 6097 83843 61156 80306 28645 86006 77696 18744 72553 84634 83141 10508 84736 24608 56921 38852 56440 41667 81706 93659
35786 10676 46229 14975 45927 6987 52196 93331 88066 7320 88705 59012 18747 32969 65360 17214 17865 16010 48758 26428 11548 15539 11501 72502 94455 25091 93939 7204 82255 93701 29793 16863 21822 24395 81583 68464 44131 97524 82271 48138 60556 59720 42646 85062 74539 23776 98272 18025 53940 37866 74446 19723 58281 37251 96482 75740 25402 57323 15616 37916 45218 66878 22671 88644 67505 87271 56385 46208 29631 75367 49572 6175 92829 59302 12472 91051 80130 88847 5074 72419 91652 90999 79430 86075 39178 7653 82955 60822 33194 4935 32079 72267 92083 33403 41898 17930 43229 27074 89094 46741 32698 80080 25893 25287 43873 29964 51749 99131 67611 69454 47275 13986 16207 12903 42365 85007 86958 90442 61788 61664 4878 1741 79703 57833 57298 21266 33020 23022
73708 48584 99629 13160 74803 26063 66192 20252 29633 86477 26672 29963 60570 33123 57034 93055 43674 95598 82296 75793 65746 67815 10691 98857 81014 34665 2974 94004 55972 80578 16549 71348 82384 35608 92360 91288 9126 63331 3065 66361 97892 6455 62129 4879 16446 80456 25895 4768 81320 48397 13878 72254 8266 2404 40172 9242 33427 9 44480 56964 47203 54163 34033 38985 98163 85572 58575 82547 81619 43299 25089 78822 78246 99091 10687 9849 65296 18102 87815 54824 22764 51513 85606 68685 45593 93014 91675 67207 1513 77925 67954 13290 88052 38329 23149 13031 51861 97033 37359 7466 66489 70747 45612 87044 111 18473 59971 49121 47842 28673 39096 58188 90376 83580 12622 47827 5159 7639 21534 75892 78687 37234 62485 55357 9795 264 79689 38758
88720 92893 26160 14313 39205 80813 80446 96864 93103 35469 98854 17442 40963 31469 76540 60024 36 39702 42060 80919 79969 27699 87023 9028 75689 42658 94985 38843 19668 35366 37646 94505 16488 70845 61970 30340 55261 26232 88672 88420 65786 55328 66333 88170 27723 89154 14950 64136 42576 91660 45526 43450 29821 87820 36876 9994 24808 38412 62417 77444 5215 27325 16495 73383 60484 80121 88179 28600 92149 55051 3844 39195 25554 18381 29474 86229 43614 57735 95968 84038 85847 98824 91842 46638 60951 83526 89581 2215 53432 25134 49417 66649 37045 95645 87017 94621 76123 82279 36115 86491 78402 81256 46008 22955 11226 43004 41325 85895 91766 3363 72021 16073 43386 88207 47734 82531 76244 1468 2247 72243 33877 13381 82525 98884 23291 69476 91501 35280
43888 17800 94451 63899 92431 92351 94010 79864 68463 34541 71097 11148 96219 65313 12052 3151 50274 33293 42776 95714 62112 19545 86654 62384 76155 42035 81776 6494 60292 47196 35724 80206 65402 71741 2615 5587 81827 22192 80594 32163 17764 2915 85113 92409 60413 74699 31341 30604 15582 66537 12977 83082 50190 70143 1030 31325 26714 61967 85271 42081 71018 5261 766 85057 70286 8719 30684 18425 53406 30291 40265 67450 46333 87239 96532 66360 35215 34955 42775 15323 91412 48892 2762 57072 35104 32803 857 65042 51959 81591 48831 3940 74139 27838 65376 63585 93744 6587 62545 29664 38076 65144 80002 39429 5402 7300 75004 96966 48941 50444 44415 77512 31331 11786 49077 37292 75555 82009 92857 2189 56140 58327 6915 42479 67494 88268 65244 91237
35714 71535 55160 89114 41509 19023 86176 87910 24206 8403 33234 14442 22516 28189 39441 78647 54638 87979 98711 55907 36653 61844 92955 75609 97905 49220 90805 83215 68044 43187 20508 60138 10490 32169 13375 24307 63796 29684 13006 36070 50947 60602 22466 69116 66087 55901 44142 23868 41963 16759 17476 32678 1431 21591 63992 26859 10470 65798 47902 85817 98403 11524 14505 73192 86971 34740 300 15750 53071 59274 5168 85768 61330 12388 77804 20212 60515 66799 98118 52356 83509 48756 13364 78833 11961 19886 4018 14966 90403 94015 85851 14013 24067 14262 65119 19993 59397 72617 42044 37053 4589 73925 33432 2090 54977 12240 20359 328 16013 12440 5563 94112 50762 99896 77194 57182 65550 16915 36171 80313 52852 82027 56066 39052 11249 45412 65853 34634
65977 92789 44475 2843 28472 26608 55868 10334 12032 18584 25647 77488 18842 97290 55318 94566 42282 56921 19633 92129 41773 69279 52046 69643 18649 4001 83846 21325 72828 33925 43589 80499 81747 35677 14121 32151 12288 98681 67553 49373 46996 97826 20579 65690 54648 99351 10385 78059 10157 48195 85172 54148 52324 99650 69415 41817 83168 69348 21240 48013 42402 41055 10830 72979 2571 81106 69328 87047 39838 97086 83515 99766 57648 66206 87144 80606 17833 95169 53828 19510 33738 87644 59383 1460 36074 2628 71752 19215 46638 50409 58193 2399 121 17040 94965 79632 44147 20132 11810 16816 36801 14066 95867 91117 16765 67757 59659 81122 79267 79069 82602 33993 50025 23103 60215 10867 33143 25014 8722 58050 68743 34093 27478 36175 70225 52859 83775 84916
38716 72148 43298 40483 75992 607 4028 48818 88624 68691 12565 44082 4074 43900 18020 80867 89647 14326 97444 11947 41433 18829 34730 89753 70645 35675 54724 82481 27689 57913 80277 13595 95232 99212 77297 4071 8950 33471 1054 4207 56100 3092 16948 3178 35209 89987 48218 27347 23537 49777 86421 49786 24897 35519 25705 12340 64602 85858 41723 39162 3502 80802 30908 96420 28120 62422 76007 44846 5701 11424 85298 83649 63271 60756 44708 56992 24538 14628 27407 18154 29637 9777 91987 96424 67593 28069 24145 36093 7271 9888 78928 82536 8357 33482 17047 28681 37516 78874 50709 82307 8030 3832 5653 38635 44023 86734 88850 8105 34572 19410 37811 68327 47249 78837 75258 61352 52302 14767 66300 23374 30605 5410 45590 64692 59493 47953 72050 26991
91639 46924 37944 46200 53996 2824 39602 64049 18166 47202 81475 74823 40406 61466 26249 5988 10051 69152 13643 89380 87490 68371 77489 10968 21733 23458 69065 66879 45744 82265 4896 80602 7906 56753 88091 52155 27487 22437 15872 74980 25899 21600 96653 51646 28899 34172 89345 44529 70112 78754 15556 48899 68482 24182 73132 20887 74937 20828 48857 37049 32016 93555 9690 29155 19802 79299 25249 32465 72318 76310 13889 73936 29734 81718 58670 72905 59655 13616 41280 725 44143 10383 11593 79990 61122 11264 49495 58890 23456 79602 43258 46484 65797 57365 82879 70762 49548 32350 19348 51690 6322 58599 30866 24992 30320 47412 74890 57067 52515 91127 26540 23388 24169 59342 6243 97690 42380 52831 95158 35979 35373 11448 91553 16512 29995 28513 82344 88300
31310 37203 51790 39095 49574 87512 22431 86753 86834 50891 66804 99929 72194 43479 25176 98057 81600 21639 24049 95584 72162 20849 26322 74272 78989 63524 37411 38392 29448 21636 36983 27696 29288 98104 4649 34286 94397 71662 94844 89867 97610 37410 57268 64660 54087 4310 59922 19821 68677 73832 89715 94204 77731 62496 9003 48018 54659 98902 36465 93934 56865 36452 26867 55545 5876 18000 41712 88535 992 54910 60523 38118 86161 26268 70714 46724 4537 31237 65049 10694 93214 85646 63225 3779 53594 51200 78838 45211 11519 26233 52914 74005 89929 84690 41630 94679 43002 60012 43645 23387 48412 30503 33470 61375 75745 40436 31384 40479 98651 77117 9886 45225 39109 8138 16017 51915 27509 30739 36162 26336 43713 40982 59548 86675 62956 87625 83933 83294
59760 92870 55712 21885 70983 41521 55221 47465 53029 97552 75605 74200 77229 5074 75011 81950 59795 48394 81473 70279 19536 33199 51013 1706 91605 84328 2051 32966 79527 723 89012 16151 25300 54931 93158 92476 23865 79522 51440 17831 19594 73777 31440 11695 2934 58486 40280 17786 4904 34050 27664 2213 75726 96681 36616 75244 27422 15743 14406 44373 9108 51265 85065 75094 86863 94673 41057 45548 88099 29138 9675 16016 68487 75229 7365 28523 3293 14431 14378 70202 72726 34614 22739 17326 40629 96577 53538 44546 20170 91154 17360 75499 49582 96370 38673 46803 77484 24230 258 88832 32177 21281 40403 96401 34799 7095 20963 39218 7477 92174 63614 40916 58776 28932 96882 74955 79913 41927 57600 46011 92771 33212 26193 84454 29327 33082 55514 37223
28046 22298 42991 78165 22141 22590 23423 91255 31844 90711 69610 4515 95705 31335 80829 47663 60714 97397 55358 92093 50675 16777 95624 96806 89639 42992 63074 65201 76811 63951 94221 65255 6221 57331 47831 99014 311 20337 85755 35702 36932 22379 85433 96106 37905 20515 14371 21542 99627 95231 5949 84804 54188 21408 58788 82067 85103 76585 35820 92351 30997 54296 91873 59552 36282 69541 18883 48076 15181 78470 24806 242 78585 98861 87288 33822 77454 48497 35962 7035 44592 909 59217 36789 64434 55278 98607 50212 34154 98143 11452 28610 26312 94068 58332 33788 20087 98828 21707 8932 4677 23064 2362 37109 90347 98672 30364 17477 29967 1520 50922 31046 85207 92996 75147 40214 6875 14449 80302 10377 60639 5532 91451 52365 22682 35733 96174 93954
66891 30509 55728 43700 57870 98477 16487 33785 57379 66031 41084 26412 93823 27476 92618 62428 49117 31986 2098 62731 55041 24734 32437 56494 42433 61210 96808 38119 9607 20809 36477 76089 41227 29613 72642 35238 33853 631 79091 5600 86994 30303 47385 4299 6542 76665 45120 38603 3549 63874 61270 21562 87257 3698 1804 74988 83486 84095 65976 65927 13322 71134 86442 53221 96887 39338 12379 86139 87866 44060 10996 9799 22095 13736 98817 83989 77931 11366 87512 84277 43183 42813 70740 51374 59124 26780 50936 40168 63249 92515 37819 40961 78206 58928 23187 69590 43293 30149 29230 17980 39987 16208 29701 6136 43071 86636 75172 47898 53078 84476 90112 59800 78028 74358 35828 16592 44374 27232 98245 10903 64827 90145 13155 32739 75739 54223 67804 56684
9121 25497 49607 77166 75820 69206 65189 69638 8775 5088 97404 15577 58704 97921 88130 50775 42300 47462 20293 52074 42740 38773 74543 69373 58215 3375 91054 74745 69921 62760 43232 74312 98139 97272 57445 97606 5788 68461 37451 40007 9626 71755 91223 29087 69808 94656 80946 90662 6473 86155 55808 32421 42979 85070 13229 59683 990 96022 31967 78026 79315 78096 18405 1530 80060 81663 25847 3847 79767 51712 11834 1494 77459 34752 50902 64005 31117 78708 78873 15720 40567 46900 54641 10172 93163 94436 13674 84094 46893 77513 48127 93092 33698 25811 58926 51650 43945 47251 76178 79812 63347 84934 8987 64135 28536 68204 57801 35517 47437 9657 27958 85850 64333 26624 59127 2246 46693 93919 14419 34244 17438 23561 89101 52602 58816 35950 66672 97167
44301 59911 32074 7015 96637 66855 44625 66116 49801 89240 92902 39793 52522 9431 18922 70945 33381 87121 79136 8008 94498 11837 38415 70555 36725 9172 5108 34542 92721 47690 6168 80970 56880 98218 65147 7019 31550 40824 90728 21757 49854 86928 50645 43558 81721 84320 28359 57916 37527 44926 78265 72402 39810 74259 70928 5337 55586 70861 23703 23497 99866 58410 86278 95827 21300 563 2834 58659 94827 3228 72545 73198 97387 8097 53344 464 81098 25467 30183 13353 92348 90362 9840 11712 42245 93001 8376 46242 21485 87099 26338 76313 20713 44508 67281 55087 25877 88436 50946 68333 24812 26694 28994 14481 48164 4484 98843 59844 36054 58030 94473 19240 30759 52051 91918 82142 20688 5739 5736 44936 97854 66955 18422 28051 58805 95389 24970 19729
35906 66185 37036 76866 44314 4135 49693 11696 53858 87238 328 11765 66361 16896 97273 96632 31516 28793 95468 35597 97936 88493 20324 18213 23052 47566 19156 6608 21505 72519 65616 47430 55608 19463 76658 76576 57476 33097 24637 72739 10169 83455 78016 91901 35135 30515 93152 4910 17623 35644 29850 50438 50942 71939 16209 51699 49762 21107 78399 44877 21021 64177 23680 10498 91438 89078 16852 41153 49094 46612 27915 89211 74573 47095 1952 22314 27188 86486 72151 25504 29547 14353 30732 71906 91374 1364 14834 16150 22072 75406 89134 26165 81007 70324 85506 75589 92067 33634 9857 32104 44057 29132 26763 79520 10890 20005 15751 83970 16433 78704 96160 85737 46320 96613 3516 58122 52172 89525 4524 45294 33805 11264 84458 39914 98890 74729 26416 76423
82456 5828 59748 6078 89217 11120 48305 47634 92555 53042 3788 19509 51329 19211 27131 93462 91012 36536 68025 74798 14589 50831 90850 66203 733 36738 96115 23195 92421 59993 3020 4498 21442 28923 22645 36172 80400 87598 4662 99570 31186 59222 82710 67309 13322 46360 36788 28569 25179 19541 58855 53317 1862 17695 56951 47657 64645 19172 74081 81417 47779 74116 6273 28404 33742 22766 43227 22084 52704 52752 72924 21129 50127 42437 50112 89928 34943 5740 26836 13665 91438 46441 83697 61110 10020 42281 56274 5786 74699 37491 69803 38301 55496 60153 59278 13749 83123 88815 29337 5710 3334 16990 33627 86704 54887 52741 26310 33667 23888 18946 73038 99091 89459 78802 90498 36658 59605 34890 23709 78804 65 8901 72252 46361 97022 91189 9810 81071
10609 6750 56352 88813 28699 34394 98550 51089 60081 79873 2624 52050 30124 79797 55930 68175 1189 43382 77313 90552 69794 66850 40646 56312 84968 88201 31965 35333 70014 25101 17728 91493 44711 61485 94485 77409 100 72520 43878 46828 50955 41988 7936 73353 38985 22251 54579 92189 43078 75520 83472 8263 55509 21140 16188 20439 33032 14463 88911 8817 46943 45825 18958 46998 37960 15649 15791 78189 32276 68184 8549 33844 95696 16246 21327 36868 50433 93735 99182 74897 41604 63640 11262 15466 98661 22198 74632 8767 81096 35171 45859 76530 81849 45583 91055 8158 99137 19306 64781 17423 85625 74491 10032 29891 66816 66223 73309 66360 92455 57497 23387 29964 39417 77774 74020 811 87109 58771 19727 49877 95360 80633 72715 59580 55706 60233 47996 52261
88141 60418 56503 74163 29298 70885 93481 43609 72701 84172 29011 23042 61868 95814 50559 69034 89283 9866 44751 17608 68711 19169 88519 78015 81660 30121 67457 24844 13210 47098 59797 55708 6126 83107 24209 36886 96018 80111 64696 92077 26616 13251 44221 14933 49723 55171 56593 78057 73013 44917 29109 78415 61563 61433 26897 80120 87840 80730 58557 39406 78015 18050 81227 20208 44026 50033 6249 82865 62840 90925 64502 9605 55250 81632 87055 1783 59328 69296 51711 31245 61014 58070 95184 58390 80891 39486 21465 48600 51940 11686 48504 32692 61917 19997 10927 31970 42480 88007 931 47553 48987 92784 90061 19901 14057 40214 10761 30014 30683 65391 26133 31533 18856 36548 55589 90618 17070 10209 17506 19874 69905 3338 5290 7735 37371 88377 5530 74321
11334 10240 94011 53904 45208 4886 92215 91165 43703 30156 81913 46816 72286 7668 37460 60098 32622 95375 90919 84807 99088 11360 7415 18731 35490 65648 81908 6420 76103 96956 10620 1371 67866 648 43012 64480 53381 56072 33822 29294 21657 12920 24137 32248 13276 10655 49033 51693 71876 2287 52574 84724 67227 82498 33725 51870 72897 90149 56006 91958 11794 74644 40884 63490 96917 98587 72313 71527 70635 67216 39159 64734 79586 90284 52252 59102 37147 78083 14308 91441 81017 15991 65420 55121 87102 73151 39548 93882 18646 74488 16329 81492 65797 61160 21702 45545 97967 90870 76260 69114 20328 29974 34413 80373 82076 8137 60460 3987 38677 39768 92842 11997 47940 5936 86979 22396 77449 90235 65298 82994 29385 61096 68921 39270 65015 4292 85009 13843
85248 13837 99181 88602 63655 70912 48680 68934 93844 30747 78172 19170 32188 4666 15798 80605 6977 47715 30699 63448 35603 69636 73317 42156 2001 45786 4366 30099 1481 61429 96268 43845 68359 30807 39145 58556 91767 14016 48851 91699 24066 12143 96542 13688 60192 4835 86308 30861 28657 80320 95463 49940 73725 80618 52158 43930 12369 40222 87627 82417 95321 22470 97045 73715 9141 68896 64996 42159 88493 93835 85751 48967 17197 37847 9779 86949 97299 11801 99255 52041 2113 25556 81225 38087 65788 40904 43075 96084 97138 48139 64282 64190 89665 96041 12010 99467 32084 86071 5095 34 97090 22216 65080 99171 22080 73814 36506 37565 66400 72871 76690 39075 48682 17093 35733 93050 55411 11330 37873 26024 67315 44380 45248 37710 35391 56940 70552 68609
25843 14533 70224 9247 56739 52815 91493 32199 72128 62890 8656 50912 15565 90778 60847 35604 43428 98493 51092 89939 49721 17855 45016 44417 31908 51075 40768 14994 88291 42812 42037 42502 39095 40530 55867 50544 71035 2322 75031 70525 83403 96520 47829 13916 53317 94051 97416 78307 90879 40484 6928 83919 69291 75737 91199 73519 94737 86057 50362 30537 81842 12252 76722 81086 95132 69146 37506 98056 76627 11345 50261 55153 38044 27579 50136 62097 48306 70067 12790 37089 78539 20814 92823 9861 14622 59855 6767 53804 98422 3141 84810 12604 17236 54556 33171 76182 92034 91299 69120 55643 81554 72214 43340 76474 7561 53705 51675 89279 21544 17963 91023 7073 87007 22465 55606 99696 29086 7255 61348 69320 55907 31588 93535 42964 41248 49518 751 81235
4550 71874 29467 74103 25543 16985 40549 67555 10353 78672 26254 8266 46540 75333 33974 33087 93059 1878 56261 13878 23611 35436 80721 49191 34622 35277 2781 27680 27050 91661 28133 41736 13237 67582 30811 90894 61890 86860 60983 21668 56297 92223 16218 91013 44546 90137 98719 8858 60741 22252 18559 20665 30119 88226 95102 47097 26626 19394 57302 92215 96315 34926 81033 26515 35216 49867 33912 63118 48116 43150 85476 80254 48126 84610 34278 24604 35503 74673 45164 87362 89172 7921 38513 16519 5239 57625 16908 45422 68079 48687 92332 60002 75613 33702 50790 1369 2138 75773 6421 59373 16136 70049 71543 98758 82240 33993 46414 13564 23319 52557 17522 97084 72365 59650 84807 90624 45521 94181 39791 69773 18145 17414 18160 14531 48470 11712 98776 28794
13830 6257 98002 34567 1383 50945 88489 58242 16773 64332 61630 51114 28730 99955 79986 5108 76877 17662 56112 32432 11659 64843 32574 38728 79761 42803 7122 79733 58909 46940 49536 6503 70843 61437 33490 56292 99555 94346 61588 41657 50685 43027 63715 30613 13197 96415 6528 60817 43825 69403 84941 90024 50012 78617 19578 79094 89156 6996 45998 50002 63267 57367 84166 75515 14465 34857 91382 61619 69102 9740 93446 21273 46686 18586 56619 74997 80337 29093 84498 65113 52695 34571 76053 94197 80337 68721 7381 25473 51378 64917 99261 7429 59077 93442 28757 93165 92349 70447 18804 89298 59606 19601 23611 64390 99194 95230 47442 28412 72679 43729 69091 9623 61902 85599 45455 26652 79409 88523 68792 65089 92623 50140 76691 3694 96670 86732 13702 79107
914 97924 49345 67689 78737 86514 62668 9419 70670 44629 13393 47372 67408 76853 96016 80804 12622 85423 66542 16995 65435 66278 78232 96080 50539 83567 38020 81246 67895 79077 4281 4673 18354 94935 25095 97420 50107 17267 40770 2031 2568 62215 60025 56285 10773 94285 95702 40003 85965 32427 49628 21602 20964 43539 38367 42527 31277 17251 79464 67848 41272 68922 45407 96457 72245 83179 23293 58131 8418 32146 7353 62324 29698 29003 29893 78178 50799 17221 45177 84407 99618 3674 38477 24847 85088 27863 7005 83424 5333 69746 14164 23008 53662 49470 82092 43875 38657 33088 49626 83724 26988 24489 74269 92620 19042 38968 22560 83550 15181 92325 56656 77900 29964 70843 52469 23095 81031 16058 62400 38724 63793 82658 35416 87012 28334 4339 25910 19891
10014 60672 50259 70139 10780 33272 28476 51986 80186 76484 73756 67752 4263 28403 4876 72841 49920 80998 25768 99038 39818 86293 91981 74451 90221 94855 36433 67690 96555 61607 58599 9026 40605 45873 34640 30560 75857 23292 50238 6173 76380 37777 23525 54555 15279 70809 57877 31207 3484 73912 81253 31300 54883 32731 77265 66275 76285 95104 65643 25773 67333 88496 45424 11568 94651 59661 56123 58813 4728 91952 15478 33376 14364 47859 57345 47959 21137 43479 4664 76161 55591 22480 70533 8295 67928 20525 52174 21420 95508 46842 46985 81576 5790 5987 84448 42737 73428 71274 5650 12800 42945 30761 92198 19944 77458 39794 41424 53656 92455 40439 26601 77893 63819 92671 44147 51059 91034 45800 36882 64782 97008 25587 15092 99850 77827 81320 77696 36569
30664 47880 70315 73001 14351 93693 24120 33731 6041 64368 86430 72335 26463 66386 3711 32969 1860 72578 4379 78020 9009 68086 27673 85000 7192 57515 69097 81148 12526 24185 70083 3927 82980 67529 3875 89521 61331 82218 13882 89900 61846 5321 66665 35315 25947 86129 12049 16740 77961 51255 67471 42936 38889 20989 74424 22281 8081 9447 48692 65981 40907 73951 9034 71666 74245 90237 48626 96812 66545 26640 98200 78916 8672 76290 62716 57938 7218 51105 75330 3109 62015 97932 54775 82678 57245 34482 95609 77290 7557 71736 1054 15944 65283 56691 90798 1597 32105 89642 16410 36793 50694 24519 36572 38283 4206 37250 99512 54771 90626 81395 16001 19283 61082 57439 77475 48093 53178 38480 85123 61220 89406 1999 50107 22690 74859 28662 75525 1399
28726 45619 74594 28177 44121 18125 32964 25229 59363 5684 83732 76635 45949 25151 46434 61932 56071 63882 50034 26460 8916 33774 50133 11210 51319 86463 86657 58292 18705 48128 90981 27136 54676 33107 51796 81185 24275 38174 85622 52985 74279 67240 71007 5693 36040 78593 63177 73705 76545 85288 7859 98445 12954 4111 94243 92488 16573 74496 94 42482 9886 60106 83397 69880 15616 47595 46685 44846 95405 74660 24925 27449 91709 1580 46673 24999 90301 94124 28036 54295 53458 39515 25643 62691 52186 76535 5008 11807 51115 41728 4365 48382 33358 99022 93337 17315 61964 769 43372 42531 42305 14489 19166 65615 77357 85134 3766 98848 76078 45721 80174 88818 31619 71364 85796 64622 30178 16597 76352 32721 73424 15136 60247 2348 66296 35352 77103 33547
96362 53629 99969 86514 46332 69479 22553 13230 55396 39006 11226 80863 11057 42606 61109 54793 96616 64598 76778 42783 28545 83949 82794 61974 38275 66046 69791 967 25620 31113 74778 92975 8679 38289 86849 76174 93583 39848 43179 66662 19051 951 87178 45958 17263 4600 13440 42263 69559 15391 41396 43173 24947 58230 50480 87966 49934 18803 50804 35153 87959 16088 43394 55229 87935 27566 75559 95539 57155 22832 62564 33936 72747 46398 16277 37181 36851 62329 41912 98378 17141 77633 84004 21482 39883 74070 2544 30453 97954 76215 63366 59932 57666 96173 49692 38747 23623 48114 28145 93659 22396 88096 43643 28172 37236 41767 59233 72507 7189 37328 44386 82492 42030 48015 60527 17815 12379 94681 89386 30575 67889 7868 35989 42678 47276 1645 22096 37379
45420 79721 20227 30026 63762 57117 55545 43846 2887 28466 26745 83408 82783 15647 79441 94928 36866 98907 71946 36195 55775 54473 11392 37317 62794 45443 33848 80203 68431 36474 14405 28244 41009 40606 94900 80790 85975 68771 83371 41213 54708 21891 88563 81588 44062 35646 14676 72686 12375 95517 98707 96305 46723 20082 70597 16363 98207 65618 30318 94839 59963 57996 49569 9323 34654 48111 98658 41579 44568 10826 34195 95898 84718 41838 4072 51629 44828 82244 65653 84981 29636 89187 43561 36585 5037 99771 21522 20268 74244 66128 94253 29874 34046 89755 2376 88219 18395 69165 80691 42793 70435 96273 82788 50383 81979 68891 81722 46081 77422 83955 28503 48411 71560 60699 55476 63118 40515 69738 94955 96013 2814 90202 55867 62766 24475 94349 75733 1069
29378 10218 86847 63667 21215 39522 1206 62838 17916 79676 79577 24248 53676 70638 40196 6473 23679 4795 65600 37235 78489 3504 77432 38661 8600 37041 20235 16641 9704 72906 82549 13818 54344 56913 98432 22881 1475 23084 44105 53786 711 53736 86361 21703 84930 85715 34 70512 8869 48662 8736 84722 90601 89498 48264 67026 59517 53844 67868 86483 14035 79895 33320 73437 38079 56726 53460 98899 20363 65484 41965 72569 31909 14573 96840 23813 5391 29228 35147 6384 25916 51560 20709 93961 43306 13515 7068 58670 21379 25430 34556 42985 60194 2086 19571 6836 85095 2157 54731 43669 61809 96088 27548 23465 4306 39358 20918 18683 82788 3312 18218 87838 59596 41831 46563 91407 63967 81808 47756 71277 53949 90727 26108 49437 85867 35210 31038 35935
57211 9789 45046 72775 88683 13183 58500 7637 88647 22463 93049 97188 22702 97116 56714 50642 10807 57135 78770 90234 1104 7454 6975 42576 18696 34385 20959 90150 66898 68466 26239 58807 54260 46665 19527 22676 71188 52437 30673 5483 56180 67896 68663 23714 39769 38214 12557 57689 512 94525 53375 71156 24696 42209 18001 74402 61477 18886 64055 22604 75637 40394 95037 59834 58434 49055 96208 45082 38433 80622 58849 95073 44709 43602 5018 46571 76276 69387 49140 12039 46645 77123 24920 70682 47701 28935 88048 8364 32819 2726 47808 91161 82903 71739 93339 44740 15959 51230 38887 24243 55388 52759 24273 73159 97531 87171 34238 51201 70402 8171 24407 94967 88451 64597 14244 71346 11159 1182 11848 28609 49608 76288 66084 48257 45568 40801 44181 15013
52677 85090 75731 23475 12521 36976 91073 49846 94778 96677 19318 70399 71167 14407 64440 36182 23001 61340 77555 17719 95414 15744 57838 24992 93930 84596 87377 66009 32989 39285 66482 17217 25263 44336 991 15940 13285 64735 93690 13680 88527 96963 34520 98558 5086 86747 56951 58230 45147 69902 7857 8053 83727 50699 17073 64619 41640 158 96330 87827 405 45134 83457 64001 56475 51261 71889 47406 61098 92956 85562 19509 62700 67191 95609 30392 25381 75308 97101 35447 89070 73840 72996 83993 25699 75012 73194 93772 5596 53349 32576 49134 21187 28367 55441 67466 44129 74710 65535 43819 91537 9143 52535 13131 43454 76196 75406 4025 27806 59153 39432 58290 91562 41852 69906 14205 34468 83815 18303 88590 22320 13919 36961 40944 10889 38602 55686 76435
42091 96547 79207 86120 7119 11242 5463 86184 33940 33415 68547 45108 16033 52222 53166 97608 88286 10456 32396 96536 9840 22912 30517 75949 83285 22649 13928 21913 74180 57204 138 33989 86416 26829 56853 3550 76523 46207 8606 61151 95481 81940 80190 43034 15440 71774 801 69606 42040 10380 68244 13735 5272 10957 26193 67713 688 59510 37141 13141 92560 51130 14487 63704 78 9423 87906 29485 32433 99227 19397 98471 17666 59486 82898 95666 67100 11651 46026 85427 35525 43593 30700 64147 12566 80885 67747 40268 37418 34938 94770 87621 94081 33898 85743 62259 49195 59823 92401 10147 85335 63625 82903 11217 92128 95042 31902 32672 8465 16013 21941 50201 31326 39173 30902 16660 61044 41711 24313 85183 84469 66951 54541 11801 47715 25903 17144 79685
95857 49835 14764 3525 63489 79108 98106 43455 96546 90357 90888 15210 55511 59134 22815 67504 8212 4873 96545 41337 35597 91336 48934 81683 61958 11323 38901 71180 20996 85740 56929 47019 46587 61847 51805 19484 40885 88796 62503 17894 66474 82120 32540 90558 50572 11686 16594 93395 56500 62053 32208 79732 92709 63907 68518 2961 9439 14035 7351 97013 53916 71796 91306 90735 25630 64774 41513 81079 90631 2409 37275 63855 75567 55586 57897 26940 87448 20043 19315 10490 44366 24092 32061 9535 65377 43517 26543 28365 19447 88768 61938 82191 14844 10157 56553 52101 9501 95467 20918 28253 1818 89399 7327 54172 64302 43782 98017 80048 90816 13706 14691 61554 39117 34567 48537 56021 20329 55981 34244 81028 26048 7484 69130 13761 93643 11655 76626 89094
67826 70871 76528 85834 2087 59420 60240 59203 12497 94096 67714 405 21646 95456 82734 44911 53125 76883 80098 40129 42275 95882 98780 40247 35416 69242 64744 42473 58542 52078 6916 25596 74246 47338 47342 45064 42585 58467 67783 48364 70018 54992 63341 35242 33956 95438 80718 70226 22982 821 46739 6407 76474 53876 87565 93424 95534 63720 78977 94426 87199 80825 56114 79222 47128 26706 75458 63133 36670 47008 7911 3792 22836 67338 16407 14840 70043 2024 99193 96043 71038 64358 44837 22441 9973 55205 35436 88649 50065 13854 36904 11262 58705 25693 22870 32864 84823 9061 56628 97121 37985 56536 62077 50389 25717 44626 45097 93068 39200 81104 40179 53665 73629 97810 32221 8798 27183 73525 14542 25434 48005 27601 50545 42753 61079 27946 94985 64346
86786 67664 11510 71097 20743 45131 45466 36645 37047 66277 86485 37297 99136 76406 40836 5475 26600 214 73738 62372 15287 21526 54991 17474 68322 59522 26581 95779 30444 99475 40401 30933 97562 96711 65898 70213 42182 35438 95941 20145 70651 98256 1341 63511 1349 74457 7472 76101 4543 6259 22164 96552 19753 12355 11625 42723 49626 54156 86064 34113 77474 80979 29467 46923 16494 9500 50919 69907 12183 62886 12642 93213 69949 65770 1155 91933 45940 57438 31086 95831 54408 20169 63738 24009 32965 80027 78183 89797 90828 42915 14439 79879 78454 87704 45718 36790 75647 52907 58737 47746 52003 7758 89617 80184 93893 12259 9885 79140 82457 28626 59472 94362 27418 5240 80707 19215 21595 52019 39499 93386 17355 96856 24052 18863 15426 2592 79232 78687
2479 29297 16099 53774 40928 53320 8860 6681 21805 82971 71156 25333 68470 22554 21025 36670 22592 68637 30517 41869 13840 72753 69501 66013 91164 81861 88531 41022 14067 99517 78571 53383 52059 48723 16902 57680 84524 89028 83418 24539 38717 9577 29175 14513 81054 25494 73638 3186 53229 55198 16236 77551 24809 64088 35929 85895 87616 30428 66469 86925 29183 71429 47039 60600 84102 68913 72703 51974 72423 30504 48728 47627 91241 1290 46405 11019 84118 87161 78279 7401 295 13714 91015 25080 65974 94829 55315 5077 99153 16795 83442 48503 64045 31250 59966 70719 99247 34046 23806 37889 14163 833 29093 56667 97461 21270 22793 30506 9082 42350 97308 45927 97305 6431 59549 71002 68701 73502 92168 71119 14903 87261 80745 75365 72996 62352 31818 98911
92473 12157 50597 67394 64827 26284 59057 70623 13974 25069 67355 97886 44604 74386 26093 47576 20488 26928 47778 85979 299 74964 79574 53069 46282 41232 31509 26172 65661 12393 23329 89543 77968 78896 27095 99512 581 96529 69737 32441 27284 15814 9319 2291 24560 59029 18169 73211 19652 46023 65637 13272 47512 70826 37419 2920 80454 51128 73532 86185 29984 79827 35793 81873 57204 9236 71220 80106 40280 13516 96163 27494 3172 99015 4858 44071 5768 13460 54307 66991 55814 11612 56653 78559 69154 55472 33762 42101 48379 96602 40691 89252 7838 99400 79034 61576 55518 38612 91613 70170 10395 34843 72265 8752 16296 56949 26389 52587 50966 42499 45099 58155 32579 89298 34871 49409 36706 33020 26828 75728 61218 21842 78235 18137 2568 3925 97378 92659
2178 59631 34378 98088 86221 20390 92133 24703 5652 52611 54599 81207 55127 35026 53313 58340 47779 40131 34047 69984 15924 35353 36536 4418 2546 9821 11141 44564 78235 29715 64367 46098 65596 21714 43095 33808 91376 77606 92799 5448 95180 96301 4343 68170 9233 34930 38012 67425 36315 18193 57450 37400 59753 42320 60543 86421 71583 20321 85797 65899 13682 38890 62118 43731 95033 67620 97655 51258 61792 74928 52635 70124 54947 44624 79064 62234 20252 58954 86680 89106 29487 52279 19960 83651 81082 13342 27727 99590 34173 94169 41040 33161 5017 57843 67073 73753 99723 46696 5462 2580 772 44366 47468 29141 27178 97577 43947 35063 8035 82456 24442 9783 14161 93823 28138 3789 54394 63881 90376 44980 90574 69653 26616 32423 81599 60831 96016 45910
92018 25742 34320 99306 25775 21400 78046 20561 44131 54930 83991 18913 4224 73482 67920 52293 23346 72560 13148 63489 81738 25867 7155 92074 89502 66238 10547 88320 52743 63124 14475 72743 52417 88262 39787 4562 21894 30328 67800 96593 27033 84448 59697 11537 47234 84 91177 42740 24205 57759 74338 6897 90688 68407 77318 97445 13378 93878 32375 45952 62992 5323 71435 52981 3956 16608 94874 67874 93671 72557 64009 99271 36621 49912 50906 66808 39616 93543 61280 78170 99832 85153 32048 91385 84760 80419 93154 72693 99883 69704 12702 75255 36429 72300 3333 40613 49325 12360 34780 90149 59476 89068 11149 79698 62236 62531 72379 26414 99349 24829 19943 71924 6127 2750 42539 89426 54968 6129 45847 73562 67939 57195 41207 8706 43311 67549 56431 32208
40331 51035 813 96586 90358 82150 94896 10703 81292 51639 97009 78036 23149 62571 50818 11697 26182 12663 86059 45238 67122 82213 42522 29788 38539 81310 77409 73882 47048 28933 41211 15339 7236 14571 94130 56758 79537 21607 22698 99287 86317 57039 7844 40135 49893 57039 22455 35422 19636 77431 65022 89840 72372 61348 86311 37538 50809 71328 91198 8122 38539 25314 53494 87056 6625 45768 5164 80430 61924 30684 40011 47253 33754 79176 94466 71651 29115 11213 58144 2201 3078 15536 82132 26987 23275 73304 8293 80915 91447 52135 54179 84526 80102 50846 67134 57361 90376 11656 9384 96149 49286 17365 46667 88615 79018 64303 64115 82519 87063 91764 54516 47094 53292 6606 44251 34227 8278 37314 41428 99581 71371 42630 1340 28063 98493 22071 95838 31945
52088 46426 37767 26521 33881 87452 13557 54514 30185 36245 40985 95383 49317 10586 35597 83266 39002 39353 96043 77858 44534 30514 80985 37368 16403 80135 44990 44228 93641 88380 97248 48804 7636 27184 92536 78271 47820 5465 83489 54817 30860 84390 86195 10388 60240 86823 42571 83733 98260 65038 9242 52502 23747 84445 65981 92164 33011 3819 89386 26699 82620 57036 46706 18834 67201 54863 7450 23831 66969 35253 48632 15662 40080 24192 70170 25474 77126 77250 14813 89674 14982 4120 83313 28796 25181 12604 64923 77372 73878 89585 3840 61832 85773 19246 15390 22044 46853 44109 19610 52887 66250 50888 16279 10988 65058 40049 75759 75555 45378 46267 57037 98579 74510 79104 31782 30146 42883 17611 3680 13933 80064 64446 96310 96974 14285 45214 39326 2925
32609 15370 96845 93161 66778 62139 21249 58822 37136 9404 46902 45799 10385 79725 12952 19207 44479 33690 2061 74700 79794 83266 41694 74418 58293 59851 58756 79450 77410 81699 67099 45377 14870 42179 53818 14841 93245 64037 39524 85735 85833 21496 61088 29236 25388 13044 51505 89598 31846 51418 2796 41122 88720 22272 73523 8192 9529 43497 56502 3656 16624 66818 44393 25456 50201 8492 43563 42393 43254 24565 96690 77499 23823 4493 89946 28885 72865 65658 6313 11250 41979 37112 27477 65914 2075 12306 81717 390 99126 44924 68592 27441 49395 6381 65514 91772 9497 74707 58857 96363 89159 25711 1500 18709 46152 88478 12649 27179 73917 98011 67945 4015 15191 66635 19864 30741 20693 9086 13238 76083 88652 38777 25031 92179 98309 54678 96613 55604
241361 889958 1105590 682769 194875 540232 842897 515073 1037395 1143102 1238617 328901 1130048 1175552 368655 701835 509150 788445 277758 637671 470266 1324364 545467 127775 727212 1015269 923604 212643 297165 1313052 615675 163469 796952 679067 1003466 172393 106709 1180698 742298 1421466 60884 84883 1054955 570212 995598 567380 1055120 219838 882420 715892 1263540 67385 366769 1269914 367986 1211999 1038201 851006 1148682 1490947 1213332 1391216 997510 1446242 1099236 308163 149600 648114 1415761 159454 64824 527986 463577 282747 198068 1224023 1043507 361492 5674 1452994 229143 933450 79204 244829 1274620 2150 952962 2563 381925 1012364 485213 266966 5561 613009 814876 726597 422755 149186 406694 240339 1237679 1117815 611855 900477 965309 11877 399182 786877 838578 755739 1091864 610211 548276 382564 876472 948382 1098509 1142131 1270881 10499 956024 950344 174473 867240 1110004 385688 1410799 647495
