64
0 1 1 1 1 1 1 1 1 1 1 1 1 1 1 1 1 1 1 1 1 1 1 1 1 1 1 1 1 1 1 1 1 1 1 1 1 1 1 1 1 1 1 1 1 1 1 1 1 1 1 1 1 1 1 1 1 1 1 1 1 0 1 1
1 0 1 1 1 1 1 1 1 1 1 1 1 1 1 1 1 1 1 1 1 1 1 1 1 1 1 1 1 1 1 1 1 1 1 1 1 1 1 1 1 1 1 1 1 1 0 1 1 1 1 1 1 1 1 1 0 1 1 1 1 1 1 1
1 1 0 1 1 1 1 1 1 1 1 0 1 1 1 1 1 1 1 1 1 1 1 1 0 1 1 1 0 1 1 1 1 1 1 1 1 1 0 1 1 1 1 1 1 1 1 1 1 0 1 1 1 1 1 1 0 1 1 1 1 1 1 1
1 1 1 0 1 1 1 1 0 1 1 0 1 0 1 0 1 1 1 1 1 1 1 1 0 1 1 1 1 1 1 1 1 1 1 1 1 1 1 1 1 1 1 1 1 1 1 1 1 1 0 0 1 1 1 1 1 1 1 1 1 1 1 1
1 1 1 1 0 1 1 1 1 1 1 1 1 1 1 1 1 1 1 1 1 1 1 1 1 1 1 0 1 1 1 1 1 1 1 1 1 1 1 1 1 1 1 1 1 1 1 1 1 1 1 1 1 1 1 1 1 1 1 1 1 0 1 1
1 1 1 1 1 0 0 1 1 1 1 1 1 1 1 0 1 1 1 1 1 1 1 1 1 0 1 1 1 1 1 1 1 1 1 1 1 1 1 1 1 1 1 1 1 1 1 1 1 1 1 0 1 1 1 0 1 1 1 1 1 1 1 1
1 1 1 1 1 0 0 1 1 1 1 1 1 1 1 1 1 1 1 1 1 1 1 1 1 1 1 1 1 1 1 1 1 1 1 1 0 1 1 1 1 1 0 1 1 1 1 1 1 1 1 1 1 1 1 1 1 1 1 1 1 1 1 1
1 1 1 1 1 1 1 0 1 1 1 1 1 1 1 1 1 1 1 1 1 1 1 1 1 1 1 1 1 1 1 1 1 1 1 1 1 1 1 1 1 1 1 1 1 1 1 1 1 1 1 1 1 1 1 1 1 1 1 1 0 1 1 1
1 1 1 0 1 1 1 1 0 1 0 1 1 1 1 1 0 1 1 1 1 1 1 1 1 1 1 1 1 1 1 1 0 1 1 1 1 1 1 1 1 1 1 1 1 1 1 1 1 1 1 1 1 1 1 1 1 1 1 1 1 1 1 1
1 1 1 1 1 1 1 1 1 0 1 0 1 1 1 0 1 1 1 1 1 1 0 1 1 1 1 1 1 1 1 1 1 1 1 1 0 1 1 1 1 1 1 1 1 1 1 1 1 1 0 1 1 1 1 1 1 1 1 1 1 1 1 1
1 1 1 1 1 1 1 1 0 1 0 1 1 1 1 1 1 1 1 1 1 1 1 1 1 1 1 1 1 1 0 1 1 1 1 1 1 1 1 1 1 1 1 1 1 1 1 1 1 1 1 1 1 1 1 1 1 1 1 1 1 1 1 1
1 1 0 0 1 1 1 1 1 0 1 0 1 1 1 1 1 1 0 1 1 1 1 1 1 1 1 1 1 1 1 1 1 1 1 1 1 1 1 1 1 0 1 1 1 1 1 1 1 1 1 1 1 1 1 1 1 1 1 1 1 1 1 1
1 1 1 1 1 1 1 1 1 1 1 1 0 1 1 1 1 1 1 1 1 1 1 1 0 1 1 1 1 0 1 1 1 1 1 1 1 1 1 1 1 1 1 1 1 1 1 1 1 1 1 1 1 1 1 1 1 1 1 1 1 1 1 1
1 1 1 0 1 1 1 1 1 1 1 1 1 0 1 1 1 1 1 1 1 1 1 1 1 1 1 1 1 1 1 1 0 1 1 1 1 1 1 1 1 1 1 1 1 1 1 1 1 1 1 0 1 1 1 1 1 1 1 1 0 1 1 1
1 1 1 1 1 1 1 1 1 1 1 1 1 1 0 1 1 1 1 1 1 1 1 1 1 1 1 1 1 1 1 0 1 1 1 1 0 1 1 0 1 1 1 1 1 1 1 1 1 1 1 1 1 1 1 1 1 1 1 1 1 1 1 1
1 1 1 0 1 0 1 1 1 0 1 1 1 1 1 0 0 1 1 1 1 1 1 1 1 0 1 1 1 1 1 1 1 1 1 1 1 1 1 1 1 1 1 1 1 1 1 1 1 0 1 1 1 1 1 1 1 1 1 1 1 1 1 1
1 1 1 1 1 1 1 1 0 1 1 1 1 1 1 0 0 1 1 1 0 1 0 1 1 1 1 1 1 1 0 1 1 1 1 0 1 1 1 1 1 0 1 1 1 1 1 1 1 1 1 1 1 1 1 1 1 1 1 1 1 1 0 1
1 1 1 1 1 1 1 1 1 1 1 1 1 1 1 1 1 0 1 1 1 1 1 1 1 1 1 1 1 1 1 0 1 1 1 1 1 1 1 1 1 1 1 1 1 0 1 1 1 1 1 1 0 1 0 1 1 0 1 1 1 1 1 1
1 1 1 1 1 1 1 1 1 1 1 0 1 1 1 1 1 1 0 1 1 1 1 1 1 1 1 1 1 1 1 1 1 1 1 1 1 0 1 1 1 1 1 1 1 1 1 1 1 1 1 1 1 1 1 1 1 1 1 1 1 1 1 1
1 1 1 1 1 1 1 1 1 1 1 1 1 1 1 1 1 1 1 0 1 1 0 1 1 1 1 1 1 0 1 1 1 1 1 1 1 0 1 1 1 1 1 0 1 1 1 1 1 1 1 1 1 1 1 1 1 1 1 1 1 1 1 1
1 1 1 1 1 1 1 1 1 1 1 1 1 1 1 1 0 1 1 1 0 1 1 1 1 1 1 1 1 1 1 1 1 1 0 1 1 0 1 0 1 1 1 1 1 1 1 1 1 1 1 1 0 1 1 0 1 1 1 1 1 1 1 0
1 1 1 1 1 1 1 1 1 1 1 1 1 1 1 1 1 1 1 1 1 0 1 1 1 1 1 1 1 1 1 1 1 1 1 1 1 1 0 0 0 1 1 1 1 1 1 1 1 1 1 1 1 1 1 1 1 1 1 1 1 1 1 1
1 1 1 1 1 1 1 1 1 0 1 1 1 1 1 1 0 1 1 0 1 1 0 0 1 1 1 1 1 1 1 0 1 1 1 1 1 1 1 1 1 1 1 1 1 1 1 1 1 1 1 1 1 1 1 1 1 1 1 1 1 1 1 1
1 1 1 1 1 1 1 1 1 1 1 1 1 1 1 1 1 1 1 1 1 1 0 0 1 1 0 1 1 1 1 1 1 1 1 1 1 1 1 1 1 1 0 1 1 1 1 1 1 1 1 1 1 1 0 1 1 1 1 1 1 1 1 1
1 1 0 0 1 1 1 1 1 1 1 1 0 1 1 1 1 1 1 1 1 1 1 1 0 1 1 1 1 1 0 1 1 1 1 1 1 1 1 1 1 1 1 0 1 1 1 1 1 1 1 1 1 1 1 1 1 1 1 1 1 1 1 1
1 1 1 1 1 0 1 1 1 1 1 1 1 1 1 0 1 1 1 1 1 1 1 1 1 0 1 1 1 1 0 1 1 1 1 1 1 1 1 1 1 1 1 1 1 1 1 1 1 1 1 1 1 1 1 1 1 1 1 1 1 1 1 1
1 1 1 1 1 1 1 1 1 1 1 1 1 1 1 1 1 1 1 1 1 1 1 0 1 1 0 1 1 1 1 1 1 1 1 1 1 1 1 1 1 1 0 1 1 1 1 1 1 1 1 1 1 1 1 1 1 1 1 1 1 1 0 1
1 1 1 1 0 1 1 1 1 1 1 1 1 1 1 1 1 1 1 1 1 1 1 1 1 1 1 0 1 0 1 1 1 1 1 1 1 1 1 1 1 1 1 1 1 0 1 1 1 1 1 1 1 1 1 1 1 1 1 1 1 1 1 1
1 1 0 1 1 1 1 1 1 1 1 1 1 1 1 1 1 1 1 1 1 1 1 1 1 1 1 1 0 1 1 1 1 1 1 1 1 1 1 1 1 1 1 1 1 1 1 1 1 1 0 1 1 1 1 1 1 1 1 1 1 1 1 1
1 1 1 1 1 1 1 1 1 1 1 1 0 1 1 1 1 1 1 0 1 1 1 1 1 1 1 0 1 0 1 1 1 1 1 1 1 1 1 1 1 1 1 1 1 1 1 1 1 1 1 0 0 1 1 1 1 1 1 1 1 1 1 1
1 1 1 1 1 1 1 1 1 1 0 1 1 1 1 1 0 1 1 1 1 1 1 1 0 0 1 1 1 1 0 1 1 1 1 1 1 1 1 1 1 1 1 1 1 1 1 1 1 1 1 1 1 1 1 1 1 1 0 1 1 1 1 1
1 1 1 1 1 1 1 1 1 1 1 1 1 1 0 1 1 0 1 1 1 1 0 1 1 1 1 1 1 1 1 0 1 1 1 1 1 1 1 1 1 1 1 1 1 1 1 1 1 1 1 1 1 1 1 1 1 1 1 1 1 1 1 1
1 1 1 1 1 1 1 1 0 1 1 1 1 0 1 1 1 1 1 1 1 1 1 1 1 1 1 1 1 1 1 1 0 1 1 1 1 1 1 1 1 1 1 1 1 1 1 1 1 1 1 1 1 1 1 1 1 1 1 1 1 1 1 1
1 1 1 1 1 1 1 1 1 1 1 1 1 1 1 1 1 1 1 1 1 1 1 1 1 1 1 1 1 1 1 1 1 0 1 1 1 1 1 1 0 1 0 1 1 1 1 1 1 1 1 1 1 1 1 1 1 1 1 1 1 1 1 1
1 1 1 1 1 1 1 1 1 1 1 1 1 1 1 1 1 1 1 1 0 1 1 1 1 1 1 1 1 1 1 1 1 1 0 1 1 1 1 1 1 1 1 1 1 1 1 1 1 1 1 0 1 1 1 0 1 1 1 1 1 1 1 1
1 1 1 1 1 1 1 1 1 1 1 1 1 1 1 1 0 1 1 1 1 1 1 1 1 1 1 1 1 1 1 1 1 1 1 0 1 1 1 0 1 1 1 1 1 1 1 1 1 1 1 1 1 1 1 1 1 1 1 1 1 1 1 1
1 1 1 1 1 1 0 1 1 0 1 1 1 1 0 1 1 1 1 1 1 1 1 1 1 1 1 1 1 1 1 1 1 1 1 1 0 1 1 1 1 1 1 1 1 1 1 1 1 0 1 1 0 1 1 1 1 1 1 1 1 1 1 1
1 1 1 1 1 1 1 1 1 1 1 1 1 1 1 1 1 1 0 0 0 1 1 1 1 1 1 1 1 1 1 1 1 1 1 1 1 0 1 1 1 0 1 1 1 1 1 1 1 1 1 1 1 1 1 1 1 1 1 1 1 1 1 1
1 1 0 1 1 1 1 1 1 1 1 1 1 1 1 1 1 1 1 1 1 0 1 1 1 1 1 1 1 1 1 1 1 1 1 1 1 1 0 1 1 1 1 1 1 1 1 1 1 1 1 1 1 1 1 1 1 1 1 1 1 1 1 1
1 1 1 1 1 1 1 1 1 1 1 1 1 1 0 1 1 1 1 1 0 0 1 1 1 1 1 1 1 1 1 1 1 1 1 0 1 1 1 0 1 1 1 0 1 1 1 1 1 1 1 1 0 0 1 1 1 1 1 1 1 1 1 1
1 1 1 1 1 1 1 1 1 1 1 1 1 1 1 1 1 1 1 1 1 0 1 1 1 1 1 1 1 1 1 1 1 0 1 1 1 1 1 1 0 1 1 1 1 1 1 1 1 1 1 1 1 1 1 1 1 1 1 1 1 1 1 1
1 1 1 1 1 1 1 1 1 1 1 0 1 1 1 1 0 1 1 1 1 1 1 1 1 1 1 1 1 1 1 1 1 1 1 1 1 0 1 1 1 0 1 1 1 1 1 1 1 1 1 1 1 1 1 1 1 1 1 1 1 1 1 1
1 1 1 1 1 1 0 1 1 1 1 1 1 1 1 1 1 1 1 1 1 1 1 0 1 1 0 1 1 1 1 1 1 0 1 1 1 1 1 1 1 1 0 1 1 1 1 1 1 1 0 1 1 1 1 1 0 1 1 0 1 1 1 1
1 1 1 1 1 1 1 1 1 1 1 1 1 1 1 1 1 1 1 0 1 1 1 1 0 1 1 1 1 1 1 1 1 1 1 1 1 1 1 0 1 1 1 0 1 1 1 1 1 1 1 1 1 1 1 1 1 1 1 1 1 1 1 1
1 1 1 1 1 1 1 1 1 1 1 1 1 1 1 1 1 1 1 1 1 1 1 1 1 1 1 1 1 1 1 1 1 1 1 1 1 1 1 1 1 1 1 1 0 1 1 1 1 1 1 1 1 1 1 0 1 1 1 1 1 1 1 1
1 1 1 1 1 1 1 1 1 1 1 1 1 1 1 1 1 0 1 1 1 1 1 1 1 1 1 0 1 1 1 1 1 1 1 1 1 1 1 1 1 1 1 1 1 0 1 1 1 1 1 1 1 1 1 1 1 1 1 0 1 1 1 1
1 0 1 1 1 1 1 1 1 1 1 1 1 1 1 1 1 1 1 1 1 1 1 1 1 1 1 1 1 1 1 1 1 1 1 1 1 1 1 1 1 1 1 1 1 1 0 1 1 1 1 1 1 1 1 1 0 1 1 1 1 1 1 1
1 1 1 1 1 1 1 1 1 1 1 1 1 1 1 1 1 1 1 1 1 1 1 1 1 1 1 1 1 1 1 1 1 1 1 1 1 1 1 1 1 1 1 1 1 1 1 0 0 1 1 1 1 1 1 1 1 1 1 1 1 1 1 1
1 1 1 1 1 1 1 1 1 1 1 1 1 1 1 1 1 1 1 1 1 1 1 1 1 1 1 1 1 1 1 1 1 1 1 1 1 1 1 1 1 1 1 1 1 1 1 0 0 1 1 1 0 0 1 1 1 1 0 1 1 1 1 1
1 1 0 1 1 1 1 1 1 1 1 1 1 1 1 0 1 1 1 1 1 1 1 1 1 1 1 1 1 1 1 1 1 1 1 1 0 1 1 1 1 1 1 1 1 1 1 1 1 0 1 1 1 1 1 1 1 1 1 1 1 1 1 1
1 1 1 0 1 1 1 1 1 0 1 1 1 1 1 1 1 1 1 1 1 1 1 1 1 1 1 1 0 1 1 1 1 1 1 1 1 1 1 1 1 1 0 1 1 1 1 1 1 1 0 1 1 1 1 1 1 1 1 1 1 1 1 1
1 1 1 0 1 0 1 1 1 1 1 1 1 0 1 1 1 1 1 1 1 1 1 1 1 1 1 1 1 0 1 1 1 1 0 1 1 1 1 1 1 1 1 1 1 1 1 1 1 1 1 0 1 1 1 1 1 1 1 1 1 1 1 1
1 1 1 1 1 1 1 1 1 1 1 1 1 1 1 1 1 0 1 1 0 1 1 1 1 1 1 1 1 0 1 1 1 1 1 1 0 1 1 0 1 1 1 1 1 1 1 1 0 1 1 1 0 1 1 1 1 1 1 1 1 1 1 1
1 1 1 1 1 1 1 1 1 1 1 1 1 1 1 1 1 1 1 1 1 1 1 1 1 1 1 1 1 1 1 1 1 1 1 1 1 1 1 0 1 1 1 1 1 1 1 1 0 1 1 1 1 0 1 1 1 1 1 1 1 1 1 1
1 1 1 1 1 1 1 1 1 1 1 1 1 1 1 1 1 0 1 1 1 1 1 0 1 1 1 1 1 1 1 1 1 1 1 1 1 1 1 1 1 1 1 1 1 1 1 1 1 1 1 1 1 1 0 1 1 1 1 1 1 1 1 1
1 1 1 1 1 0 1 1 1 1 1 1 1 1 1 1 1 1 1 1 0 1 1 1 1 1 1 1 1 1 1 1 1 1 0 1 1 1 1 1 1 1 1 1 0 1 1 1 1 1 1 1 1 1 1 0 1 1 1 1 1 1 1 1
1 0 0 1 1 1 1 1 1 1 1 1 1 1 1 1 1 1 1 1 1 1 1 1 1 1 1 1 1 1 1 1 1 1 1 1 1 1 1 1 1 1 0 1 1 1 0 1 1 1 1 1 1 1 1 1 0 1 1 1 1 1 1 0
1 1 1 1 1 1 1 1 1 1 1 1 1 1 1 1 1 0 1 1 1 1 1 1 1 1 1 1 1 1 1 1 1 1 1 1 1 1 1 1 1 1 1 1 1 1 1 1 1 1 1 1 1 1 1 1 1 0 1 1 1 1 1 1
1 1 1 1 1 1 1 1 1 1 1 1 1 1 1 1 1 1 1 1 1 1 1 1 1 1 1 1 1 1 0 1 1 1 1 1 1 1 1 1 1 1 1 1 1 1 1 1 0 1 1 1 1 1 1 1 1 1 0 1 0 1 1 0
1 1 1 1 1 1 1 1 1 1 1 1 1 1 1 1 1 1 1 1 1 1 1 1 1 1 1 1 1 1 1 1 1 1 1 1 1 1 1 1 1 1 0 1 1 0 1 1 1 1 1 1 1 1 1 1 1 1 1 0 1 1 1 1
1 1 1 1 1 1 1 0 1 1 1 1 1 0 1 1 1 1 1 1 1 1 1 1 1 1 1 1 1 1 1 1 1 1 1 1 1 1 1 1 1 1 1 1 1 1 1 1 1 1 1 1 1 1 1 1 1 1 0 1 0 1 1 1
0 1 1 1 0 1 1 1 1 1 1 1 1 1 1 1 1 1 1 1 1 1 1 1 1 1 1 1 1 1 1 1 1 1 1 1 1 1 1 1 1 1 1 1 1 1 1 1 1 1 1 1 1 1 1 1 1 1 1 1 1 0 1 1
1 1 1 1 1 1 1 1 1 1 1 1 1 1 1 1 0 1 1 1 1 1 1 1 1 1 0 1 1 1 1 1 1 1 1 1 1 1 1 1 1 1 1 1 1 1 1 1 1 1 1 1 1 1 1 1 1 1 1 1 1 1 0 1
1 1 1 1 1 1 1 1 1 1 1 1 1 1 1 1 1 1 1 1 0 1 1 1 1 1 1 1 1 1 1 1 1 1 1 1 1 1 1 1 1 1 1 1 1 1 1 1 1 1 1 1 1 1 1 1 0 1 0 1 1 1 1 0
52249 29240 10540 43442 4144 52976 15974 41168 81666 75076 30917 50405 90828 28682 119 38405 1516 50339 65176 473 35800 64355 76447 42337 35173 72770 58645 17082 9951 20480 93836 85525 22225 17670 80633 26206 38990 42595 20203 24542 55280 90242 45574 60577 69422 59579 63143 93117 20037 62483 8854 63597 77833 85484 61937 34462 95365 77161 70523 41902 70171 82712 72406 32908 90761 91561 38085 22542 94142 35843 23333 85958 43034 20482 89387 64920 9804 71544 46667 41188 43736 86458 37087 17469 12341 30981 38878 64774 45361 53346 55267 52259 93169 48093 40381 35443 64708 14537 29809 45479 99052 9686 40092 87107 96980 54394 12471 47922 30250 31584 58275 98619 94461 23880 79865 86358 44076 13405 59451 41185 87049 7942 44725 17004 90569 37686 81022 69520
57604 32620 18718 62525 9154 13355 94029 7162 95566 65724 54341 89452 50963 61746 46485 63988 27699 72306 79509 72787 34587 64697 28499 12366 49451 86329 65671 32942 33395 64098 10835 37343 93796 32922 64156 39573 14709 62414 15639 16734 9276 1178 27456 22374 59974 61838 68179 2846 6329 99013 69465 43077 85691 21231 33377 74388 32652 70297 59039 34842 58681 86764 14891 50413 72270 17825 82331 7977 33677 73068 53908 36547 70529 71898 32181 65191 17335 30405 53783 40612 74262 62227 95843 87952 37361 16281 73205 46391 8349 77704 69126 25010 47931 44870 22509 78133 79470 709 51983 42148 67162 10489 28904 49702 16450 22904 29600 93270 63543 35900 72078 74277 77501 87909 98409 77333 89109 28886 86818 20654 41689 25015 82137 81344 33211 84203 46215 84529
66934 35451 33960 56045 41764 95219 56744 10229 81295 56143 89642 31504 45081 37755 90173 9093 27625 50429 36069 88439 12787 3468 55272 97901 428 9298 97843 72706 39940 11425 43044 15080 96029 89996 59526 29992 82415 93920 2770 21404 33170 83129 78925 89276 8005 82077 57657 92441 90759 81007 17899 48741 53215 35551 73989 12400 39774 15002 87290 75213 12077 82869 39111 70809 52330 80230 4710 67273 99974 71626 90227 65203 47435 87117 89064 11336 19645 54514 15180 38159 40047 57780 65709 83670 35385 1852 77485 68676 61261 15313 67378 95874 93922 9810 75003 17363 86534 53155 57478 72278 26002 24911 47193 95105 7908 11595 29987 86413 33957 10918 89483 40489 75044 84885 75700 59735 92784 75223 41801 65742 31653 65651 43929 53339 89285 7405 20336 66446
96464 71317 24768 11698 33988 29075 1387 97557 51533 21953 32113 96756 80688 97795 50591 59797 7029 9482 78502 91848 39639 88843 83823 92114 52845 5459 9498 3380 88943 23849 71988 41738 78331 69078 99442 36854 83016 73241 48414 3139 53026 61854 95690 55150 6471 25208 85356 18962 6748 9797 23601 52607 53236 26737 45485 57863 83229 58802 34729 14923 1681 34785 77909 28018 15969 68867 43587 31693 96273 77644 62096 4875 92263 57425 41767 10693 26226 73132 10228 97871 78221 48042 81456 27368 30841 53756 78976 30656 47631 71563 73418 43004 95619 20458 92814 51755 79162 89731 40292 65423 45116 96459 4165 90447 25940 18167 55273 18263 42395 61514 61245 55317 34282 19099 16479 91868 19199 45726 77200 75279 8099 86845 88532 83923 33505 26728 90090 31598
74728 76817 53583 46191 47868 59562 1706 15300 23289 35955 45085 16869 79717 30662 87974 50657 22437 63945 61029 60341 34387 26224 55377 21850 5761 39174 97517 31982 18571 26148 67233 71006 37259 15748 3808 39503 33953 90950 5017 48042 8567 26549 53273 20881 67701 79106 22620 59974 39383 95179 31895 88253 24209 12335 43064 28997 97137 41553 67909 30670 4281 95838 54783 70701 27114 38496 98933 47471 47130 24003 96866 9931 1599 89466 74654 27336 23144 67432 11234 87215 89005 29352 54696 859 43162 93470 21210 99747 27627 57276 36284 52742 15164 59275 42000 36074 32074 85062 38907 60692 10482 78529 5771 45490 71652 14566 1581 49310 80602 26545 79763 39024 6618 58539 67565 5854 54397 58912 57085 66749 60932 88684 73437 42913 51421 50870 56401 77182
96743 28952 76309 5715 87113 44168 98266 71263 90509 33960 76668 52837 13075 85072 48786 73880 43037 36309 74188 56531 40046 19959 26482 9491 51161 50957 96758 25381 39849 80855 96707 62020 8689 16002 80987 40939 65336 8925 72107 1491 72977 24773 52180 52825 34209 30859 85055 57988 72203 63475 57475 62171 95429 62034 47774 91743 89514 94490 98063 20228 83349 22538 84439 61795 33369 64340 50416 95461 28283 65536 38188 64930 39456 28652 47745 16654 40825 58903 46308 52603 16029 45638 92096 36849 38805 13091 70933 31130 28551 65907 77680 75158 31187 97205 20875 23784 85506 89891 28516 35311 18206 36847 50550 13926 62904 44078 46934 35216 52142 94395 37106 55905 36077 97072 28189 77505 1493 46461 17749 13053 47237 70814 19240 61411 82023 59712 20415 88793
59446 94668 84472 48507 54060 77493 64645 84785 22962 3302 92728 96134 6126 65471 6480 26105 91563 87287 15752 10629 28742 63338 53554 36197 87765 26561 5165 96132 4008 43928 20951 35533 92896 6218 59967 86105 62125 31198 79113 21781 95664 76173 21627 77225 34857 72513 74596 69072 78240 86293 23191 18891 16769 20891 51080 81526 53501 17177 92531 17396 28560 91875 81226 30420 76390 67720 65832 64434 99760 57023 18910 45603 18002 16565 37557 40139 76669 51170 37320 40450 58969 30596 51599 38478 7489 53546 65923 74539 80681 69358 62859 65370 52278 76135 19378 19462 96517 65738 17493 62210 68578 64343 93876 37910 78938 84469 93 79880 65715 18111 24648 9280 12707 24298 7977 19709 73554 97635 58796 71740 70828 31576 33370 7424 44128 61442 27555 66677
42401 23638 21518 10375 77071 47444 87415 40229 32121 20165 50555 36792 95784 48739 46494 81968 47458 85402 34544 74852 52763 82697 81531 63474 84644 10069 48623 91597 34087 26973 63255 36739 48440 49280 53227 10546 72370 91384 57750 95119 11089 70677 43094 55673 66777 75179 85715 68275 76074 62935 54139 77358 67716 27147 99393 32679 53948 83157 29671 36549 99628 41277 8285 74191 75327 18981 33862 58883 20872 43455 83891 44662 1451 19402 89238 61111 3407 88706 65023 20008 86747 49220 88456 33944 92051 28140 57204 30457 4385 34562 83486 83153 32432 13116 97957 55144 45963 35918 61553 7072 23881 10964 95731 97709 64503 47716 90309 4333 76798 45806 72128 4722 41812 33876 79673 70095 88479 31822 40485 48029 46244 54214 36754 60529 5748 1115 7673 53318
58734 55221 21960 72858 25183 37474 61573 42942 65674 69585 60023 6683 80580 48457 77411 20202 17994 94676 68451 47509 30374 25913 94730 1230 59626 38714 53623 37633 82358 3352 8936 51645 76737 92569 92590 44106 65704 77152 72186 20457 7734 11902 99211 85577 53068 36595 15917 51480 12483 27147 40892 45958 98253 28924 92357 92800 26957 8549 52529 24967 96822 55014 2602 24561 83196 28648 65396 74523 23902 92341 33517 20487 51427 93533 46183 30422 20059 33567 70406 58153 84974 55393 19296 34090 40009 84656 96200 63209 63484 5121 52779 35242 76029 13562 9451 42049 61007 95613 22069 87395 44223 26591 35272 9766 23380 99444 51488 46802 77159 68376 57546 11424 50055 88659 78480 77363 71377 17039 50353 69 66880 83951 99338 14742 65235 46057 85102 26639
56139 19233 5078 74738 56774 44620 87930 29995 31103 12981 98184 78248 67404 35942 78472 65448 56475 66002 97731 11976 5564 68705 26185 60313 38216 36463 37995 32255 64845 68926 78870 61166 72477 64579 20544 29103 78748 93932 7705 72172 66525 97503 27453 17723 83412 39962 97827 90229 60507 2540 19872 65531 93960 32318 95424 23848 84478 12837 20908 71850 62190 13172 87810 41780 37470 88815 95344 50970 52362 5132 63571 95482 41927 87683 66523 24599 31357 95824 98164 92028 33420 23279 10432 77901 92032 88735 34931 50770 27765 65979 99812 52799 10696 56171 40424 26181 24008 75180 41089 83470 6229 45343 64419 89328 50652 6002 74384 64007 89764 64616 7139 92225 82585 44448 70938 75417 51711 53270 18620 27 54172 88873 8833 13445 47893 78020 59037 30673
68891 37460 67387 60252 34991 94408 62657 6565 10244 72652 24121 38063 6921 1605 99837 66990 22900 82473 79532 51263 90310 6349 48570 18455 21925 9732 58627 41505 58286 53392 97464 96090 79457 80957 88271 77107 41835 11631 61963 46366 92264 62077 18271 65710 8969 37495 43204 708 41777 76495 45706 7917 95159 79859 12747 73132 20955 79289 72396 59037 10138 62535 94335 43270 41434 85117 1289 77525 53975 18928 11551 68022 77143 63508 31255 95410 94400 89898 74761 74921 86357 48490 9982 38460 20423 40170 50669 9297 80692 64801 21511 26315 71319 86282 22769 5381 21486 34416 71584 91790 26983 60998 34796 89777 26716 74103 47627 99269 2859 99069 55515 10878 69086 99912 7530 45379 41011 20154 57722 29518 41224 32730 68730 80364 53623 88239 80929 5151
29 17172 55721 51342 91401 70409 75334 47012 40543 12086 36733 37818 89409 91741 39273 88528 66551 63542 61900 82195 4878 24410 21150 61338 1362 39618 7142 44079 27401 26427 66626 39837 95125 4445 60973 94267 93118 21162 2408 56163 38461 13205 24427 49076 23715 83804 6313 78795 93748 4366 3020 60821 49435 75412 34320 45466 44026 84091 22233 91857 3010 6693 95946 92834 92828 83204 66092 27562 52971 32102 90265 1929 28895 21302 90149 99029 33036 67784 44089 31925 41170 49902 62969 56608 92914 78989 87290 561 41463 80456 59243 75484 68391 93761 92361 47620 32752 17796 61653 95488 7643 27641 41837 85226 40 13136 2447 985 38357 1830 54600 71356 37079 60360 17068 75233 5752 25211 80609 78419 99905 89876 4648 35882 98739 50494 78584 4151
75402 87502 55241 94191 88864 9825 92326 51544 43131 23087 64565 80365 88741 83842 13592 19814 8702 821 51635 11118 24387 95548 3223 10634 45637 78412 25242 38255 39944 36246 31519 24616 42533 41766 47586 7766 61491 73631 27585 76929 97779 17994 41716 3125 68818 73671 88923 62806 10448 97308 28074 24414 6635 6202 75304 56264 21446 66606 98397 66858 77713 15267 20336 74941 48444 95279 74267 7836 39607 40875 58683 81508 90398 10886 81050 11364 16115 50195 94044 4206 98295 5157 43210 49081 41067 75705 73127 26011 62596 33437 6568 62230 9260 3774 81973 79512 90681 71168 26480 11720 1993 36543 82459 65230 76203 98632 10326 87184 94129 87815 18906 46916 71813 76878 55007 49397 39143 7770 54955 77669 14216 78539 81287 84107 44549 32574 94376 37895
68250 25266 82863 95689 62594 2361 37160 77484 8211 68492 97631 64117 55256 77928 56620 7454 8684 13483 65279 6204 88168 6859 81622 77470 70067 74776 16205 42919 77379 29890 5261 20853 60022 27804 35098 11381 92280 63206 96866 69158 99537 72753 52454 94780 71065 93854 17879 40021 17836 61456 85626 45971 5560 53161 13220 86988 97289 73637 7702 66929 5686 72394 23411 66448 17871 34172 90150 4542 45886 83949 60027 44895 61348 18473 10999 55623 29797 32354 2420 24837 75270 17965 29895 59647 64798 37814 42768 78061 47543 37878 64991 90505 4738 57206 36121 96211 79144 68151 33660 83414 50897 69611 34194 18545 56909 90594 24473 54137 48999 58490 47607 71412 43879 4248 61221 67896 59389 39106 15880 6331 65629 82724 39834 54134 91860 34254 57488 47073
34986 22658 41296 56110 52052 36204 66882 34470 4839 4994 93748 94849 86693 86227 72539 29481 87192 92926 30538 55727 84943 19564 72798 15219 43903 60475 33170 98913 85252 42503 34699 46049 95777 14585 1115 4954 96895 43571 94267 56371 69407 54463 87454 86595 79804 38497 51116 53528 95819 81318 87052 20544 29001 60902 19619 10918 29367 37252 54914 53211 11566 44753 68283 57535 98618 1137 5300 44422 62673 50611 80869 66072 26448 24342 59409 28839 84982 78404 17379 23755 66968 1262 49031 29439 2325 11988 11035 71198 54807 70994 83979 52659 89890 85492 82356 81459 96682 59058 67390 11358 81083 64332 44349 90560 21931 98946 62427 78185 44005 10560 99389 41710 58375 89944 40128 81979 34690 24041 72963 94939 8953 40767 10663 77926 7947 96988 63130 50639
62308 44642 7691 51652 8949 41126 31074 19835 55966 1171 70395 45843 75439 77948 36071 7662 30572 47012 10476 79131 87288 23539 14031 35779 17012 54407 63680 73653 70065 34014 24657 96095 25061 98998 80387 44627 55737 88245 49041 60057 57739 96801 64247 50083 42058 5290 98775 47971 5794 61127 22064 97157 29572 9699 96402 35400 973 50680 71091 39382 97702 22899 95612 25837 15345 75515 53502 45709 75928 74512 32933 67561 69367 24954 4204 73979 25467 53051 77022 82173 2882 29536 63692 2729 86127 27192 6283 56187 73990 52973 88732 94014 43408 43106 59309 22420 44349 24147 51551 72879 63827 13345 93244 4029 95200 84894 98577 77880 273 78285 79533 91379 36101 63189 84696 28388 29115 80777 25361 52642 27474 54151 70945 9062 63157 61156 39478 24268
33742 10249 23365 39651 83910 78076 88791 69082 28071 77473 39515 98078 72227 48475 33038 32438 70445 10946 61790 46562 26639 69845 18982 55211 47854 18517 39521 39514 29497 20940 21785 4334 75274 64427 46165 49792 86715 20437 99437 15698 17401 39035 64280 34171 7029 41441 25434 1885 61341 58293 54765 32366 97256 71083 9908 5558 589 75297 78730 24357 28806 48389 34971 6782 2083 1594 49277 29683 87202 80030 16074 49278 43596 90064 18187 64586 38939 62548 86285 39495 18554 22758 29069 74029 4152 67598 84886 42199 6573 83822 7364 39333 14980 96728 68045 26203 51335 9636 22010 48204 42138 92201 12501 22835 46433 32663 62106 68289 778 34613 31265 2945 11298 67502 32906 29277 4896 82357 42298 60981 16024 91212 87855 24043 68358 11810 61307 87701
55568 86953 32977 93532 88481 83045 84926 90350 18709 82543 70877 14526 27 23292 71722 71767 62099 91879 98360 1215 1328 89 36978 38508 28908 88243 54482 96405 34879 58258 43532 85037 54702 87873 7720 36463 44210 85604 44405 60208 55264 97311 39392 72591 35527 47928 87822 27348 54551 66915 4687 79886 44747 60325 11665 38404 74362 59729 12185 74547 97820 38818 14597 70071 16742 6619 73262 92825 21600 64546 99114 27238 91899 29216 85270 36872 84502 8275 10165 36124 63327 11544 14541 52976 91259 30617 79951 70674 84288 6915 46193 54576 50965 71832 17683 18803 48294 46952 40269 5079 58567 62764 18012 76365 37683 7009 10769 86182 74054 35645 91920 17291 50819 51277 90220 43015 87359 36028 34534 37449 3549 51297 13197 15006 19419 32330 82181 30667
57754 56046 1183 85377 10792 19940 54391 21406 50776 93540 32035 55132 59609 51368 27216 45032 93652 99075 98505 20540 26059 67117 93333 34496 22169 35889 22497 49653 89071 53591 46054 61807 47186 36303 68181 27428 9478 20728 40247 63090 89306 12293 26713 24058 79514 97572 69731 96555 61656 44828 72264 74906 41889 54486 28592 91179 30034 77209 56775 9599 19247 78453 6924 1246 43554 14065 39286 40402 91085 63948 20666 17689 58491 98018 84920 25388 26836 43256 2309 1943 44305 47661 49451 10454 99699 5681 82738 86396 122 42167 35778 57097 45425 33280 49788 21635 66087 2348 79383 67595 43119 90676 40106 67868 13497 5413 82885 62362 94816 43985 22748 13750 17602 22248 52158 90172 1999 66277 86060 93749 57452 9698 64493 21084 27728 19329 89503 23494
45677 28072 89857 62227 65831 13289 8760 75946 7537 49598 51454 22173 94830 30811 50388 13886 55425 42525 77438 82611 40986 59704 53607 85982 7292 59310 18719 96141 53849 1669 94374 30820 53665 32927 81570 71986 64940 3107 14102 10133 55293 39584 84326 32264 51791 63192 32824 11601 2478 27855 84841 83181 16894 86377 31917 73643 57027 94642 78248 39056 84298 87833 33839 24473 44269 52204 54203 77433 7988 35555 72184 31833 66968 55097 73741 21998 1006 31781 81119 35331 92276 11486 45071 38833 32792 76646 77951 65284 28320 70406 17226 51733 61790 29011 53305 78220 3009 26353 35326 79968 96871 57474 34110 82010 43187 81267 60352 5541 84929 7319 7635 31039 80852 36504 21343 78894 54318 30619 52429 55213 19136 7742 56970 80093 72498 69563 12272 98551
41253 99281 39291 85269 10234 8933 17403 14158 512 87706 63716 27042 72287 38070 79894 7442 79624 10998 31568 77834 22721 81540 69317 63330 54557 4027 792 37369 30857 45735 60680 61172 8015 35750 42338 89174 8276 93276 44260 88107 27797 5044 33276 48011 31178 89879 50143 88656 4179 74741 94988 35308 26540 84802 36645 57191 11637 8699 76715 75442 26176 49065 82236 31904 88637 47182 16905 39670 93723 57057 9346 32372 91496 35965 12071 95997 15159 88509 5528 90658 23429 46922 10122 66035 36092 13220 8188 34035 24887 63306 86979 96000 43867 41797 8087 88529 35169 73929 40387 68302 55711 36594 35947 7541 50080 97290 1801 97571 91670 46586 48413 84569 68994 47735 41418 17097 14290 1043 80055 10657 80432 97247 56435 68732 65836 81100 54785 25551
38756 30659 31258 29310 73200 37238 31185 53804 26138 59854 3222 50088 59108 22257 63355 20852 87375 29114 58497 77631 89561 84260 67278 35614 92283 73352 13186 32962 61468 19227 18308 57576 73231 61572 85779 13208 92766 63694 86707 66772 5159 78592 54790 72680 10738 81202 20405 45911 22957 67444 27167 32534 91601 26178 82436 60532 49743 11409 33713 7159 44429 46604 74168 65767 532 18072 17941 25678 14787 59434 43261 62041 98530 66298 96756 45488 2224 64470 22115 49148 25390 75872 25941 56224 57255 96446 26351 2319 6657 82155 72564 16624 45273 62045 37939 96858 25942 42774 90269 45751 91637 49485 98023 45609 35051 20394 56898 21584 7942 40628 80089 36139 73411 51350 6034 10986 61011 39998 14934 2688 42726 308 5403 31127 76709 23683 85865 50528
19680 17790 82517 70311 68931 11366 20502 36067 1069 21908 25135 92246 17673 38039 75640 10575 26992 20589 26366 98218 19879 41854 39355 2305 87235 77416 34644 47869 29243 90016 42452 81499 51400 10390 2414 65460 22898 92062 52043 3175 57075 17196 60727 80584 84579 66507 33937 95491 11078 62372 81639 71829 95106 53539 60000 242 4047 92023 46010 81080 86515 3937 22014 66159 94164 12549 80518 91142 8783 88857 51889 8273 19793 80364 22746 65437 43644 15814 81597 37831 16577 29454 71808 49217 60895 48444 8217 3160 61851 92419 40310 81358 12946 5324 46584 44351 25049 58079 42040 93607 21216 54490 27841 61924 23366 25297 79107 88778 19033 11015 50348 32138 61032 10974 6227 45091 49427 6213 18775 96529 87341 40883 26459 35705 10507 4430 70001 49869
65945 87358 28989 61273 47172 31501 54175 78211 41244 88548 92187 82523 83670 96706 37761 86104 4769 13214 25673 84717 46271 96764 87301 89063 7736 30684 77858 91773 29442 24997 29845 8109 58742 37741 6467 38935 98844 51853 14924 49743 78211 14990 80648 54171 74562 12962 42077 70558 16638 62905 81539 73826 64492 44799 72027 27276 23146 77588 44222 51125 5417 45516 75160 22549 60157 28838 65313 79949 89964 62290 15282 15487 68210 14676 79998 93513 7004 48557 52788 91114 78716 96176 60574 83679 84327 8942 34895 6848 97561 20270 91842 41743 23394 17202 97593 1037 47267 26173 81459 83327 71514 65729 75242 81859 41370 96433 12850 66280 6405 70517 92023 33787 17833 83186 77128 12306 32122 38370 11901 33210 49165 55861 42821 5218 46528 91792 74054 65813
80058 61807 54874 45270 29200 74550 12014 52436 69890 59357 70381 40048 89225 95251 37962 96269 82299 88759 99029 59181 89168 61419 53554 45165 58124 42463 32652 16433 6625 38003 31878 59522 29121 44439 26125 30189 4161 75582 22765 59456 16553 47336 48112 96578 97439 73126 87053 16208 84243 50169 73895 72072 83439 46114 75915 81081 78823 9368 50785 14223 11499 95853 32370 41918 19754 97912 7617 28310 18257 71183 52321 99918 4444 98207 98086 78551 94105 97645 22727 38837 57903 994 72280 40422 72806 24895 89260 17376 57109 61019 60686 80571 15923 66219 78024 34457 47283 28504 37886 11392 4245 49907 26563 5184 43196 99068 43453 38938 43978 46877 233 80669 75097 78335 699 33672 4360 61292 53405 81798 70407 34159 9433 82476 29994 86929 1078 52130
30162 2174 87699 21027 99433 53789 82037 95516 54611 19054 77938 53681 26276 48594 10473 59628 55658 81367 5931 98409 59253 94735 32789 76612 6206 85574 33876 77034 18161 39003 72658 66037 27433 5897 96602 61123 26758 82658 39801 96941 90494 50330 81306 4416 86421 91527 57303 2399 73740 27440 86138 30697 63838 81203 70251 58222 5732 37687 88969 71259 58613 20989 89718 19868 75364 61067 89569 98166 59320 60391 48362 31723 38268 28227 14818 49047 54019 92997 89458 43341 24303 2610 21562 93262 67279 42609 86683 67606 3848 27156 57619 62940 97417 98593 57721 24876 75768 97163 69420 55591 10271 30438 31958 7143 56507 43656 13171 8642 58403 18390 99259 93284 75285 93142 2881 91999 14063 1519 81677 10651 26495 4572 95099 43491 39106 81078 62270 92422
88904 68465 99313 34411 77449 64138 84534 68382 95583 92233 49978 71405 42272 42372 54522 28992 81089 15132 87778 26373 67498 12530 61152 24826 78251 78003 3816 51885 36674 84898 16635 46456 89178 36209 22839 43241 21003 42074 23537 74486 98702 75417 15858 3667 87419 63093 80895 64138 96910 77221 69807 56786 47726 83830 86878 10881 79992 67197 49958 33678 83976 42630 63455 24088 54829 31484 11225 12089 46534 16345 36522 583 91396 75070 29485 67727 46379 57421 32725 51971 603 97110 29573 39319 22749 20288 39757 36626 61199 49908 23905 2601 79751 51275 7668 28416 26594 88915 55799 89765 55112 83732 78995 11182 30485 60431 141 43148 8943 76457 13943 69678 63762 91940 11648 60449 56234 66526 32892 98331 15811 55349 82544 96220 27932 87964 6547 82698
22037 90677 37433 99771 26983 26787 96316 50758 42135 36599 90236 16773 8157 16861 67245 86089 87416 86123 22011 26280 60439 40242 9716 45557 53884 97705 27962 63980 52771 24088 71483 4585 54845 45134 80254 93559 18660 97824 82864 37520 21992 9813 97729 3749 10859 90254 76699 38602 78393 533 96160 48058 89506 97929 19945 38385 78728 28314 39261 71952 78038 84837 27344 74691 49463 82081 33130 64325 77587 66100 11908 49823 450 18813 88579 2038 62108 97334 97731 53513 83211 7015 48908 74667 67683 4687 10513 87395 38296 48772 41816 66515 46708 93492 60341 16878 83577 48760 43982 90319 98898 3036 92777 44300 94549 49704 94754 55947 90746 30657 98486 15962 77473 34969 28571 62346 30276 51289 34318 89107 48430 5685 22896 98754 92507 222 29681 91937
75092 92167 19629 52570 87519 82945 11217 54946 59697 82086 94533 33989 65791 27209 12791 92980 87839 25180 65077 80390 42818 92920 54669 32611 66754 92734 89745 22958 64667 1404 34087 68383 40171 583 72073 42160 55950 64521 94990 44814 30242 60033 39 32983 95949 77145 21404 67240 88571 63294 98846 4944 54010 59015 22045 55964 18227 22122 54513 48280 62541 74727 2107 30892 64006 39239 83136 34708 20924 17375 26683 5533 71688 92137 57201 87191 80902 92658 88698 75647 25315 58607 34154 8258 77051 60762 46174 28696 85082 6224 1282 8688 36340 60525 71517 78458 44285 38056 36367 16976 81739 63292 67455 23559 98080 79856 3270 75605 29155 33674 55336 63540 42976 31812 39369 84756 93157 53798 42757 63643 227 49221 60951 70170 51998 76300 42270 66079
64137 81180 59018 57702 74639 55332 1649 12410 57001 24982 48667 52053 9546 99290 42044 31667 81533 13812 41264 65393 91433 33641 20022 55681 56779 98248 79478 26275 91798 92022 30080 22690 45291 83749 48407 11053 77608 35886 76922 43246 55435 91219 78680 92089 36179 48426 82601 91150 46841 80413 48398 3681 77689 2529 25097 19950 41046 74576 25727 51568 63431 7716 75758 27559 73079 40736 54386 61010 96023 24747 51718 11591 21016 30257 1158 66217 42749 74622 81776 10166 81520 83856 24845 26696 57237 68080 71702 72537 85700 52030 86425 49150 91724 9830 83496 85989 14419 97906 39517 38733 35085 97388 54351 45447 41684 85618 59723 9562 34214 5028 49497 38040 41574 15491 70604 4310 3719 28700 27933 50158 95550 26928 69050 44239 71751 76299 36044 39863
20059 66204 47727 13427 42976 63084 19577 66308 93423 26275 183 21392 1166 9610 47143 12759 52879 68378 46037 83692 69466 84380 16906 265 79961 23885 7236 11020 66586 87714 46885 58252 12291 90679 79151 18246 72030 98992 23323 92504 30130 28482 28361 69457 85089 9386 71855 49564 50233 93 89523 84649 10228 47002 37130 60113 1986 35222 6630 93356 80209 5789 72357 86187 68690 28355 819 84473 57109 6941 6738 35040 25973 97565 45257 46535 1755 67979 15731 73948 64967 4538 47677 89015 40862 60951 47851 24189 19833 9324 14800 26896 36131 72753 16959 71376 53882 37404 7834 72375 89386 84426 26537 69554 67376 31639 85728 14793 78879 86775 49938 85702 79656 19917 7541 23625 59636 55113 64000 40727 24038 37537 12696 16079 42114 56155 18047 17075
6130 47815 67082 98052 63656 40323 64853 56340 63561 63249 43968 12980 56388 1652 81439 3962 31015 56127 62987 1664 71684 579 2385 98778 68396 50107 64811 4017 53715 57479 81225 32313 67575 95903 9488 10228 26293 75123 45241 27229 80438 38032 12282 82267 24218 25560 40042 13599 80619 35624 71580 15102 57770 64181 86576 66405 47534 4245 73281 38677 41073 53555 43326 35912 28843 96739 49486 37894 79030 94653 3713 58073 23419 41771 11939 43978 38182 45209 97996 90260 94244 92260 96005 84349 91731 31461 55721 67694 59416 29786 48827 39549 32335 30443 35105 37217 26006 58722 95271 31933 82668 8055 80413 81359 68414 59354 54554 66136 34757 19437 43539 33707 79312 1099 27213 72528 82778 50640 58198 45179 48060 98759 34124 17481 39979 39114 55688 69757
24949 95440 60846 2918 72797 28145 3538 37911 41370 39973 52263 2583 36493 96937 69799 12525 33170 4892 12899 91552 16081 85926 29427 81649 84364 3436 40732 56188 20043 93671 1480 70781 18283 2570 60983 61513 47548 94359 33321 56173 37002 80407 88661 18426 71512 36522 44880 49647 66052 742 67684 19245 12611 66874 82688 25858 69479 24824 68680 85696 49132 74371 27213 74313 55359 61148 33177 77851 22673 97607 94139 27320 85993 12366 1874 91339 57353 99930 36837 88076 3247 44784 53396 65825 72793 22655 79070 76704 1727 78552 59523 6538 8898 81327 10899 64656 93421 21398 97205 40207 90285 41769 96735 56197 48846 74303 18554 6040 73161 20345 78274 51614 20823 44447 82078 3328 56536 28982 76930 71875 16966 94449 20346 36580 70935 53888 3255 96955
81777 39030 2165 59679 26713 9377 24841 85534 74666 82847 15455 42126 80641 29800 19787 52434 88911 14037 81337 89667 43459 14690 17806 77755 96239 43609 2320 34956 41912 26219 59800 31652 47582 69448 81842 29386 60269 46086 19363 52630 30752 5214 51009 22790 68367 31119 43995 15826 53247 88421 36986 85760 23571 40098 82671 56442 29198 98879 80026 69658 29415 19003 69588 24761 71429 15158 52009 55326 79794 95178 70623 41623 43830 26578 43919 58369 47312 46046 16522 8789 36975 71521 1405 27781 35247 84473 56204 23702 42136 94628 47219 91191 46430 92742 48745 64370 96905 21500 38475 17058 79120 41628 81051 70435 32667 53913 84968 34697 39513 11279 39975 70802 14306 59606 4084 21015 90081 97548 82248 30333 37797 28953 13303 32132 43020 97856 31942 99536
67366 39273 59990 13430 35585 94406 90858 35072 86836 12162 73383 82864 15234 70367 35112 42202 53194 95791 17533 1077 52177 42753 85647 81176 30318 13131 20372 42552 69580 93097 54510 9466 56261 9030 35451 32136 96818 52619 58737 9605 26665 20217 86269 45637 58951 15275 98674 57267 96628 13951 1515 10149 93340 97317 41924 30912 43370 47899 57357 75965 9533 61094 3936 50974 21190 19503 4721 80465 59328 15546 46647 58475 91580 28894 47781 34681 7386 57262 61124 71556 4915 72162 12894 81430 74942 54712 68601 19416 61165 83741 82609 25295 41050 61668 3513 7110 29005 33472 40758 7085 55573 355 81132 7391 72995 46775 50409 90105 55773 87341 26975 19100 52990 78236 8579 27244 52906 23248 92423 32769 4890 8452 80114 72496 26249 93936 83744 83217
26964 88368 49556 40275 36982 23457 27400 73070 42020 71305 1248 57072 49572 18442 76557 49439 30146 35057 89057 20292 10407 18702 94630 11573 86328 55658 80728 824 92187 90889 35805 27679 97305 73724 79854 83043 86070 54892 7394 71552 6428 18742 56699 18505 17129 23126 70889 13578 7424 53886 8595 15395 82244 17789 45381 86766 75090 30491 29589 83843 67845 24383 47855 81140 33990 44304 85009 18022 54520 91132 234 42345 22486 20896 47002 49225 30099 65090 91404 58506 12368 1002 37408 78047 1881 57009 29382 57067 18668 97066 37220 63984 29943 28340 93540 65010 73882 11959 31276 81917 15770 38917 84771 33521 3643 26627 13090 86834 27198 81856 8799 72813 806 93064 94864 78342 95157 30279 22757 41248 36274 39803 86519 1591 55607 88099 69879 61712
11959 93414 71057 75008 82837 1610 94685 22774 89577 11155 88063 45369 73340 29149 84316 19925 40212 95590 24429 69291 51499 97774 34274 31950 24797 19099 17463 3906 45750 2174 33928 9579 66632 59902 44383 28700 89792 13768 21019 21167 86768 38318 91823 7964 99285 35690 72862 18719 71843 33859 46850 41534 6103 18688 25965 1024 28113 97832 11592 71542 38586 77557 76548 34045 26252 38870 82400 81374 82798 81779 56265 94412 69222 13950 60439 51869 59326 33557 89339 88326 96051 30927 288 77875 35021 48525 2618 28554 38964 92428 39915 53624 94460 62677 47307 62407 48969 56194 9314 90593 86589 94419 5074 94876 56176 37453 92808 75239 59845 62241 21566 77113 61856 32989 96101 12625 37694 98277 34445 4063 51125 30412 72856 22008 24968 93102 41315 65424
23563 63582 39490 87199 3067 28319 51752 52817 98351 78548 52349 3385 93142 71714 48941 26386 45817 68258 52806 76629 59252 22941 17957 86833 28570 83615 44682 11616 73170 16796 45437 33825 46793 20626 39005 87001 43699 73910 88659 93878 87602 27052 17576 82238 36695 77960 28177 30347 23669 85044 80342 64447 12610 75326 45531 9291 34841 58073 21149 31889 87418 65300 27634 97567 37570 22372 33609 74125 62592 2378 46068 60355 7420 60506 49531 55943 61931 80730 75586 19918 55445 68497 46727 75358 70854 91180 2917 93668 74298 37365 11746 69806 5421 21590 67713 35458 78598 34633 68683 2413 37247 84003 44716 65473 30424 99346 36570 13553 97179 21901 64257 91781 42536 60189 36747 92180 10179 85889 63690 22192 83973 93822 45156 45647 12489 71325 30511 35550
90712 87085 23603 20923 84364 16614 71180 54540 13107 45119 41242 32920 85876 80680 18076 31621 62603 94777 37540 99575 31394 88453 71808 40003 2473 30395 90946 39522 24982 6429 93136 82329 76812 10250 74993 41872 34266 97435 6897 63689 51708 44374 52413 32538 21672 4408 61112 95722 71389 81231 77924 56939 37580 51751 66730 51412 87347 5100 32328 91977 21579 57202 48633 53576 58227 2191 48385 38736 62526 83250 68518 74431 96560 73659 27820 37170 47376 13222 84301 92998 50708 85413 24844 68918 55115 58484 66109 77101 17616 87488 22151 11874 61736 73879 57209 72071 14207 54860 47228 49746 24142 88115 19471 33541 89238 85559 45788 25545 57074 30917 15741 42292 15925 87297 89028 61269 37339 37962 55366 65574 24242 19996 40843 43490 92269 39766 4859 26063
87215 6245 7577 63765 88695 96326 16439 40495 47923 60363 80057 69174 14431 24232 74744 81013 1755 90499 35888 83634 45579 69953 67559 12954 69929 82118 17437 79946 28717 74706 43538 33294 44248 31780 26288 5099 31814 67712 95224 11326 76526 90744 54469 65351 10531 41110 44390 947 93393 48303 80236 41329 22491 10365 36173 542 92744 46654 50530 23149 6220 31232 39071 5362 96539 63808 41973 43384 53593 88993 97394 93536 31445 11286 92629 8499 62883 34381 73817 67406 64455 86851 10659 12677 89814 36608 57407 41595 11432 69316 54962 12730 47735 6587 35649 87796 65806 33099 1058 8766 57019 53904 64744 33025 57739 51508 2165 87046 86375 63527 59951 2737 89104 38065 35385 1481 44306 38550 84840 40875 72365 92449 54492 20858 55553 97585 46380 27769
57650 35364 52879 81709 59067 59761 39246 58478 51653 64922 58451 41904 49747 33321 40317 99334 95557 42402 51163 82623 21296 50716 29576 14969 78121 63198 1901 65956 98241 25707 60804 2923 70704 29634 52445 92233 11018 98199 71491 10530 51900 28627 24688 98549 19616 79818 65318 68533 49609 12999 81956 59855 56293 6314 90265 42709 52190 60890 52765 86856 67539 1301 29239 49441 84258 14535 34443 37320 29268 22286 88301 91337 87354 67090 47030 83220 88687 87424 43288 89880 74267 59451 60063 76230 55815 6695 75841 7722 30673 46086 16844 57269 851 67287 64924 47416 38115 62028 27268 15622 80113 39558 6212 63143 68803 43394 21902 31678 98483 49800 79334 9230 25276 49572 71479 16276 91967 30496 31113 11969 1168 51375 29100 18170 32796 75572 1151 68808
11403 50946 2084 7077 29994 90643 85518 45097 62926 25934 36942 63302 63591 73630 44073 33691 30331 39442 66400 3559 70548 20640 2419 97272 50854 7399 57520 34439 41289 15894 52985 80830 73746 14866 72550 19722 36908 8399 71385 54017 16590 18921 41363 41318 26732 41419 53427 65213 57447 14971 15507 56503 67262 6951 45379 76345 99778 52113 51795 6716 80457 40400 61535 20491 6952 31918 77879 62589 50958 58042 56220 22687 61589 69855 98603 37578 25688 64660 87173 67738 59200 73434 71129 8186 5560 22927 37678 35856 91140 44538 32661 60316 81888 60060 52221 80607 71469 91179 82857 1828 39736 80509 21574 23049 4600 29224 2705 92785 60680 62176 12204 13241 38425 6833 17951 66058 60041 43973 65282 59874 87970 63092 41955 79089 65732 83801 56730 92700
57137 11778 6420 54986 74575 32036 93850 90954 41692 8527 72365 38025 63634 56024 72579 40142 45485 32470 55314 14448 99774 93260 81443 97705 15688 75432 4078 86496 68444 40129 27898 96793 32193 67434 64540 13230 54321 37395 96899 55759 22156 47421 86864 60033 94388 16988 59447 70794 30139 47188 32712 70978 44896 58643 20317 83312 10686 49983 81739 46332 43615 2960 4999 35538 50802 27284 65617 97314 39146 90623 73197 18107 98020 63374 57894 16884 11624 82235 45191 57471 12581 1850 76198 84306 44924 58703 99079 27927 16447 12957 21498 54188 31703 74923 70753 95779 37462 68636 91772 93665 48824 17296 65202 15154 51034 7525 8010 25386 74739 72137 84213 39036 47074 52160 39469 67682 14298 75966 33988 39166 78416 81779 49861 9724 43249 30098 48204 6192
59362 51161 49079 82797 53371 16644 73544 32261 35735 75261 14166 15146 42864 92815 83452 20132 74677 4926 11510 20346 13926 78204 45298 4448 76644 81417 15718 99485 99270 76895 87026 31255 90981 93260 50401 67861 77050 27748 14345 44368 69971 99768 85283 32325 46023 86174 99739 7489 27584 53995 10886 46843 67816 65065 45778 75779 27397 29524 35455 69730 2608 79998 79856 49422 75285 49774 56619 71090 82705 84586 69913 34948 81507 20495 16976 57146 99328 26769 78318 43685 87285 49918 75005 10596 34433 32230 60131 24156 80548 34486 21265 66499 29926 87891 19928 57523 81091 68264 18546 13883 25387 15085 65931 28681 35334 80570 23450 69512 97411 32295 78984 44964 83722 23339 22243 58137 6425 83062 5345 4009 12494 84380 18072 70461 73430 61048 99818 74989
38333 11195 96743 29259 11726 11749 52196 48591 16404 39441 38963 75158 94741 30011 51582 69335 47281 62331 88168 29815 74698 7761 46325 73016 89153 37380 1188 16154 39254 22869 52232 12314 68348 15901 82203 11866 71114 83761 60713 84698 30319 94611 29463 63591 82116 8143 77369 67748 53498 70410 29554 58443 53857 80192 56837 98027 73714 90534 26767 8513 84208 44563 57341 86939 8975 36812 128 88687 96195 48286 81697 49002 47898 63680 42855 8792 83517 22088 31984 20128 36100 65544 50387 68126 51812 60587 51979 71875 86360 33588 27768 40412 30795 70748 62611 98769 91852 33655 60599 93660 44142 27519 44314 49738 45065 26757 82294 92386 35734 88058 18057 14832 77254 63159 38235 30722 81169 40181 45320 89117 31165 77556 88848 49069 53331 37272 71488 85546
19831 3033 40392 26546 93185 76584 60770 42828 5193 90268 32079 89201 22487 87472 38271 64715 70156 73419 33074 1728 85916 60247 16334 3715 66956 72709 27054 71313 4060 24119 79988 36636 1485 89652 99392 63463 2333 50953 97572 13462 19408 20454 32910 21404 81260 93466 72600 94896 51785 69843 61149 46258 91809 17797 63456 48721 83502 30258 87289 21247 53920 86274 24533 7670 25610 59852 25783 33999 85685 86331 75878 73830 28199 13049 38805 32331 63217 92451 84781 54443 2245 63103 22500 1579 32552 93941 25964 91204 8834 82559 48543 22305 10858 38507 43741 77099 52939 296 4349 92045 39244 62077 16797 59333 58453 65147 97616 94301 2861 62226 61784 69212 38236 93967 25288 70259 82420 87969 29771 17207 27426 72387 7126 54139 54944 53501 76102 90446
44905 59129 82829 26083 77824 47694 89539 83161 86709 16191 61998 11254 5541 14338 21501 17589 56003 26533 60130 95445 83423 10428 71558 97224 6056 56055 58684 72305 82942 4710 81733 60070 52074 50546 24320 10335 61744 40889 46345 24149 99088 92235 70075 83414 47991 53861 14297 36607 37951 94022 51390 85582 84846 65214 41156 16873 64050 58491 8392 36312 59401 75899 37901 91732 70125 59597 79759 23153 71764 68773 56248 9177 42256 25540 70698 41309 23980 63513 56506 41884 33906 18074 99551 18403 15925 82731 98462 90495 97631 22703 6524 20437 75062 54651 2077 70492 90619 45544 97883 51845 74127 21030 62914 26293 98272 27454 16718 320 88194 39248 56908 34578 10233 65589 37259 31998 73259 74530 40007 20943 34347 11879 75753 21195 70598 98750 9059 48532
21845 28159 36559 67797 27688 91291 30033 34793 25935 70962 18307 48303 4969 37494 96220 2803 58533 26797 93159 19664 3218 10487 94001 67490 97619 1309 27428 2513 20786 5101 42896 15768 44443 62197 10910 27213 20921 97540 89006 8767 48216 22643 28140 69485 93953 18528 22074 61443 24488 13727 24003 73992 84702 95593 79969 51663 52386 83294 40637 10987 6616 57884 98068 61046 90948 51053 43264 62316 8841 2532 60037 11192 29809 33231 67591 84696 20521 53452 3990 56421 15454 1255 3208 81036 94493 44031 75470 59517 2859 84895 46650 46056 96698 58941 3563 86786 43432 3827 42880 98937 21060 23655 25978 77302 92915 9042 37374 60424 60641 76426 87624 25664 1391 46462 71837 28455 14310 90757 86503 78374 44621 4249 41777 75017 26481 35438 51723 47330
92219 1347 51537 15477 58584 77519 58737 88781 199 2197 68845 18858 37191 51507 56570 60243 89419 38001 69261 41048 55355 1977 84332 22581 27370 62753 99064 54755 54893 77503 78608 50725 4545 90885 63314 85605 72476 38175 8890 34373 56225 52474 90163 17793 17579 93439 72257 53471 66128 64935 6589 95880 18589 97554 10284 67804 1643 24509 32368 34504 80050 87540 69152 102 35165 99123 67743 96114 65440 99093 96642 54501 85691 74020 66002 24218 30247 78648 5048 34578 39811 82559 26923 47023 43696 87100 70092 46274 58843 17668 43208 89260 52891 62970 49567 72460 86765 25645 69905 16639 88752 88252 72275 20969 92128 44871 32746 59997 44677 51805 43614 47851 63087 78921 6626 27622 5974 29583 8702 19106 98998 29952 2588 41433 16086 11887 74800 34993
54244 62453 75826 45542 18688 76376 20227 55523 45396 74299 7812 93590 8476 73928 25540 33975 93576 14239 65132 56449 30720 15036 91037 37606 23107 67540 2794 47920 78856 73174 42135 9177 91845 17036 85379 13009 25842 14462 79863 53331 76735 24878 76915 44827 27695 88987 60637 4118 10996 71909 20578 80088 98717 45470 16459 53200 69343 62746 33253 76674 4791 75398 94475 44294 88179 26807 61688 28904 28492 32745 15845 88747 46249 9244 99108 66571 75581 11210 77121 53844 44075 28293 22898 29972 22603 17333 80043 54498 88570 44524 64978 50594 9675 40836 70137 53197 49389 25720 98967 57549 76100 58168 15617 47018 17384 90599 59814 22141 32380 36196 90024 48436 17887 66795 70861 48821 12415 87651 8964 54986 82765 29810 68627 93772 82574 26227 74425 66648
61260 40425 92330 38081 95334 96392 66405 10879 41218 15595 44526 72140 65828 18670 28992 79124 60023 55070 26379 94591 84839 69031 92620 96799 56532 44132 690 1471 52464 89329 65690 54708 20607 21290 7125 28626 11613 80185 68855 30056 29623 60144 14891 24156 67910 7442 10619 35930 18958 76584 43972 20565 5120 6509 36590 2664 94819 31534 81136 75118 58605 98645 51752 46406 21335 79346 34925 98265 26147 883 55770 67789 69589 1516 95946 3592 14107 95340 26976 44245 54986 19345 51118 64572 3592 87313 34468 92806 72214 34445 10241 6515 93807 71862 42327 37408 96164 2445 50757 5406 72807 15572 20417 16548 43740 54393 62258 76774 50879 90946 33204 20144 79120 59953 78114 45734 80478 12651 21539 44951 54543 87124 49218 75206 20678 13508 59797 89026
21937 36328 44415 36489 55844 96593 5306 85437 45258 50308 24796 53257 74167 68780 58291 68424 94328 52953 58384 27820 57393 1948 8863 35667 35655 36796 14660 71494 5753 69625 96670 64659 83782 74724 99869 95139 75850 65504 54187 78775 26208 68831 59320 1594 15529 63433 49128 65255 61894 77841 54664 410 78824 58792 23042 71248 68659 65116 46694 42395 51124 92821 85031 5795 5353 77269 79323 10322 46034 89700 88576 80027 67628 35046 89060 5897 98947 70581 69472 72411 90907 70653 39689 68712 89293 50518 22087 55208 20767 27008 8274 5605 51464 22654 59169 66089 52435 97981 87434 76490 71192 43561 84886 41659 94644 19731 3623 18353 78856 83700 15223 69734 6465 41593 8235 89976 31863 70158 63604 32174 13191 24214 64883 45187 96132 73705 81209 60917
73214 87453 67290 88737 65618 46709 94550 58594 21597 17133 56863 63705 55353 47306 24520 1741 23522 45837 35673 93465 11471 54731 51790 83651 17003 15385 71289 98198 86733 57288 34667 46052 78875 94052 93151 6503 31839 8330 67467 43033 58391 46378 23132 69304 30267 45072 24808 26324 28934 61751 55959 31169 78326 83990 58910 39165 39889 78113 19724 87837 74334 68483 28578 31868 83371 50220 61720 99647 26780 64617 17007 17015 96431 63323 11412 77045 9067 180 51799 84869 51394 61938 70535 18789 30394 79773 95862 52314 900 71620 96863 8912 46852 56960 90747 21577 42729 40269 28339 64379 56831 90228 49747 86556 34837 57152 25598 33560 13777 28706 65199 35171 2653 30790 82515 63167 80 27177 84240 9033 50040 64831 16634 79719 72553 28445 16652 58729
43484 55894 10793 58422 49949 92069 85146 19572 89572 65115 88357 61793 95763 38898 85919 17614 89362 63550 28442 6510 31772 11605 81020 21231 49610 38521 50862 9860 16783 18442 66007 17440 38624 72994 66402 54326 21571 56754 16587 75389 43276 36215 37414 43044 96043 59269 99132 37231 19023 49520 27901 31842 3611 69557 30634 55333 94030 71921 67796 85400 61393 29869 84959 74760 54430 16458 94498 52660 36594 80142 5437 7148 28543 1621 18952 31960 95965 19747 88676 43218 48539 97437 31032 10024 42299 73416 5440 9002 26966 63480 31654 79834 94965 41212 53398 91809 53532 46004 83701 13684 67173 22697 77955 62266 28020 55147 66683 80504 36451 48496 39915 70758 98299 47476 85465 68528 99261 59899 1022 189 63452 7591 19369 34887 20949 17676 22377 23534
43866 92142 1173 6692 38688 46190 29482 879 27515 95214 95070 78812 39990 79495 82194 87303 63518 88553 4185 73846 16580 30380 98027 25105 32625 71901 60493 62878 29593 1693 99430 2380 73667 77950 73851 76977 51752 29492 67644 17582 16477 3294 68052 79064 67574 41276 70042 33741 94548 85137 64137 42190 42364 6334 13820 78944 38435 97905 95031 14344 52278 17209 24789 94783 64966 57346 28156 44620 25327 92771 50944 47518 43120 33872 43800 25043 24793 18185 81125 58695 24181 63662 81837 92331 30824 31303 24391 70225 47861 71477 3883 65287 70207 42828 13782 48549 53651 31337 44501 72926 49197 53796 70680 88100 53315 32640 23443 6860 48680 48796 51507 50882 56806 94928 44724 57382 54711 64194 14733 11368 97393 43014 28407 96002 94454 86756 74429 58980
95286 34174 37262 63596 69478 94403 65731 58379 99158 5461 49537 29058 9585 21907 92170 20961 91099 4486 81924 69015 28623 54724 29791 75525 5779 803 14429 87214 397 87546 34523 88890 42040 49417 21063 27802 56036 46657 77017 24364 37882 31525 54963 67926 36242 34415 64944 40806 69617 74677 66319 74041 17239 59145 88950 42655 75983 87464 59637 73743 89113 5637 15243 9405 77861 377 21887 33939 37048 7957 96962 65318 57493 77709 61267 52462 9519 68373 5949 97087 12385 52117 69267 82846 36316 57232 19673 526 42057 57713 42487 48685 78778 69711 10713 13671 94418 48735 74567 80497 91738 70178 59819 87032 61336 80562 26627 12285 89959 64873 71640 85192 80828 26080 67235 38350 67078 27435 70421 92143 40803 8373 31838 13576 58067 26903 12121 38239
65810 81726 89729 46945 87304 35089 40556 38473 56626 91463 49506 31919 22769 25706 49378 33163 26719 79993 68685 52207 55256 61007 11195 17201 20186 53327 50817 19782 20166 6154 50448 53883 94747 73817 38287 42416 82490 42165 63745 91139 81087 33993 8964 86163 75525 10762 16356 55398 23257 63245 65097 59286 35719 29169 78763 87105 41578 96139 48115 92084 49703 18223 36922 2848 65754 80490 27155 23132 92525 1145 99553 62152 84910 62896 21000 31644 16120 8270 3754 43505 47084 59021 74357 69256 75300 77018 33665 32613 58575 4931 2014 9338 64881 90609 1450 69335 92143 6698 97146 15404 33351 9607 72754 19895 17209 65823 13173 87086 9087 59820 33435 84957 54937 70577 90513 61966 91786 70350 29475 39149 28052 9951 67414 99889 11004 33435 43799 30360
21637 47150 26966 25159 93696 87346 56562 71385 16732 52208 22246 41288 69300 98124 4799 40629 99591 87664 14492 41909 28752 2972 3797 83512 64547 7705 45918 5018 86907 5123 41321 29734 73631 56461 32378 84026 22395 22897 63173 34916 61992 51769 96832 43429 36019 44448 71642 82460 8185 85228 34234 27074 57826 44329 27450 2641 85306 13772 2262 26326 73091 28166 74931 17901 38055 33014 24536 45128 6475 70075 19629 82202 36800 758 84187 1779 46020 64584 54670 56471 25578 38020 31063 18192 7036 29547 78230 30669 2086 12918 25279 45287 32096 66735 58665 26798 98496 38693 40692 11353 51305 14611 28752 99391 80930 56606 47906 77188 12717 80595 34909 17863 74030 32438 23761 21744 21474 73915 44896 53515 28834 16824 66497 36980 33302 25118 90432 50474
20909 82176 65569 37871 77256 11114 42118 95989 86806 20507 67920 24362 6705 14715 34310 88736 8298 28298 34285 91363 32969 8407 79650 28911 69566 53025 72354 17067 33251 1354 11366 52249 16771 97584 32263 72818 98228 67986 21857 33441 73693 63628 60517 98544 65467 55059 50079 74867 74172 52054 10443 52837 16795 16147 12810 29962 55908 47623 9096 88010 69335 33885 86701 4909 84928 23786 30079 14643 27705 13330 1259 6438 24047 30773 65607 11093 94927 25240 82561 35694 34363 31791 66620 89479 71206 2019 57214 18 6348 70604 14234 19066 51620 76073 11045 76972 63709 64557 86815 72610 37597 74560 74222 90661 624 79555 4094 66097 7314 61855 59099 83441 16016 17156 45383 55808 78010 75004 52833 91556 8949 64838 89021 45289 54288 66494 55462 35326
86166 38676 55253 1256 42717 29527 97110 86830 44154 55323 93434 52317 5779 87227 55678 79702 62253 30510 44543 80298 3661 27977 52683 65661 60003 3013 68178 49884 71305 43142 75913 69472 6068 40796 6039 77840 94999 16850 6748 70779 62284 72251 75825 32245 41149 13005 77094 59419 37475 80982 15823 67908 73224 68735 47318 47782 60526 48050 89152 60109 68016 2761 36263 23398 36167 42201 75445 91286 52938 84787 96840 86859 16670 59840 78039 3042 97772 96724 7297 7637 38326 94080 21834 62905 15660 14673 58707 75166 10123 19451 57248 75315 18961 53356 18781 76188 92476 62632 55200 79530 83342 72790 51877 12237 42172 60758 93011 50178 42713 39088 45579 72885 76495 32975 37227 39325 29306 26875 60823 79058 32139 11658 77064 82087 44138 73822 39705 57343
30610 53707 85145 71568 24906 54278 82357 43332 16812 92008 97264 36584 65764 83424 2826 30472 99930 42499 66479 48645 19728 70232 74325 74351 28842 77444 54254 22637 73985 25363 63218 52677 75355 42807 2681 80936 69929 17446 16905 85131 22399 6566 5582 16696 71740 66410 67200 66615 99375 46245 39614 4062 12866 14605 23572 81293 78650 23243 73338 54073 32450 37578 77053 55361 86834 4493 61833 49396 1548 62915 98496 12644 20962 52816 58507 86944 14646 26560 39266 39711 11125 79592 47759 63133 97274 92003 99160 21318 74717 74749 22037 54084 91427 72138 33877 76039 27231 59469 85370 16595 18657 18717 44148 61165 21592 63206 8133 41836 9023 22052 82313 54633 90678 3162 7772 95371 42331 39040 84061 91072 29533 29867 51076 25663 72688 39757 99142 92441
73857 31231 18456 78724 44680 25533 14636 87331 74662 69827 77779 43616 69381 74617 26436 37794 11884 11026 63941 34518 31242 15852 29072 72684 31388 24284 88467 54244 94410 12869 91869 45067 93768 95654 43799 73467 98757 42730 69429 54481 73728 65108 32071 55396 40830 76626 45966 869 67206 44064 9838 87520 43049 33098 9235 57009 82529 73206 82236 14235 10158 28678 98014 44387 74857 25226 36717 71965 97504 89536 87693 95886 77739 40382 66066 67136 32797 29808 92073 94671 56735 71288 85705 13206 25263 98887 38906 45460 96202 58154 42029 42286 9262 48349 88520 23243 8086 80238 58785 79890 77042 78704 70894 41439 31396 13197 26803 71227 5793 40533 58009 31529 64214 61809 24781 71112 83419 26135 11807 90148 65893 14282 4285 64061 45056 91628 12343 67698
24442 59595 66623 69661 19208 66825 89498 7480 32366 44935 54836 10462 81068 43537 65116 32857 16434 44504 11193 62994 44553 50273 23235 54035 67086 3149 43045 13821 61469 70048 37303 58673 63761 1481 12382 8603 25856 67001 60501 33605 93752 69156 85288 38444 7319 54860 59861 96041 25097 91709 27378 71704 27509 5050 60453 2255 37816 39062 57369 92656 2326 16858 38262 10156 9928 16876 99824 19190 39991 55360 95914 5255 70897 64425 93147 1841 53805 65337 32227 11754 30000 82543 43916 63061 54059 32813 68933 85986 69503 70697 59838 76873 93087 58592 81980 70719 45176 81248 73285 71832 95359 58372 5540 60289 73442 52676 10584 67958 62467 89985 4373 7945 28963 54173 71762 32405 44077 67089 95741 85727 78773 19807 67505 84607 36142 53738 56922 86375
14867 60608 41893 9596 44172 55570 39173 35166 18971 28158 2777 51004 93792 58523 98012 44544 79755 7038 23501 63661 32896 96266 61452 6772 71932 90425 24397 71534 72301 91890 25078 25019 19752 54988 99486 96576 73165 63822 90146 34891 3577 53547 14390 24766 13762 3105 51919 14172 25134 29830 82188 97857 99384 83648 6107 50225 24365 95316 20683 96467 29740 39089 81460 64546 62826 86508 9511 25415 44000 16985 26004 8342 27828 71236 24567 41905 15698 46015 6141 35183 77642 76590 7567 51384 99162 19017 32139 29842 97283 39033 63933 70023 44851 41989 6363 98333 90329 30986 10468 25667 26048 47160 5732 71218 42859 30633 50162 94296 57777 39002 24683 19742 26039 48863 22067 38577 59401 26994 55464 72907 32205 3576 55728 56490 38098 22194 23366 34688
143995 822910 1054761 443505 274159 329938 838726 873227 466835 677579 838064 1010832 718355 779440 269673 280786 645116 100408 827322 673386 747847 209559 715869 606074 239374 12557 181694 603710 1193079 397269 603123 797520 213932 1035101 536347 764961 146357 893733 1019377 553161 776779 725844 916544 64244 199377 1046948 165528 43732 395582 1032782 944487 25274 960574 148280 976225 617947 455666 947281 219415 785297 332560 469041 568143 462331 605778 732801 42492 494105 858367 862637 855791 1132226 1426150 932688 117842 246811 463075 67728 509397 910314 749278 1241034 373184 132597 189478 450599 1258378 1038882 326682 309240 174516 644771 510054 731194 508232 106855 973346 506384 267708 452629 456501 830042 182956 1051265 123193 518662 633082 737201 665775 904393 726152 443390 323301 6943 662205 671452 514459 348352 751235 429358 469788 1018981 967383 253011 1178086 697961 1068699 277765
