64
0 1 1 1 1 1 1 1 1 1 1 1 1 1 1 1 0 1 1 1 1 1 1 0 1 1 1 1 1 1 1 1 1 1 1 1 1 1 1 1 1 1 1 1 1 1 1 1 1 1 1 1 1 1 1 1 1 1 1 1 1 1 1 1
1 0 1 1 0 1 1 1 1 1 1 1 1 1 1 1 1 1 1 1 1 1 1 1 1 1 1 1 1 1 1 1 1 1 1 1 1 1 1 1 1 1 1 1 1 1 1 1 1 1 1 1 1 1 0 1 1 1 1 1 1 1 1 1
1 1 0 1 1 1 1 1 1 1 1 1 1 1 1 1 1 1 1 1 1 1 1 1 1 0 1 1 1 1 1 1 1 1 1 1 1 1 1 1 1 1 1 1 1 1 1 1 1 1 1 1 0 1 1 1 1 1 0 1 1 1 1 1
1 1 1 0 1 1 1 1 1 1 1 1 1 1 1 1 1 1 1 1 1 1 1 1 1 1 1 0 1 1 1 1 1 1 0 1 1 1 1 1 1 1 1 1 1 1 1 1 1 1 1 1 1 1 1 1 1 1 1 1 1 1 1 1
1 0 1 1 0 1 1 1 1 1 1 1 1 1 1 1 1 1 1 1 1 1 1 1 1 1 0 1 1 1 0 1 0 1 1 0 1 1 1 1 1 1 1 1 1 1 1 1 1 1 1 1 1 1 1 1 1 1 1 1 0 1 1 1
1 1 1 1 1 0 1 0 1 1 1 1 1 1 1 1 1 1 1 1 1 0 1 1 1 1 1 1 1 1 1 1 1 0 1 1 1 1 1 1 1 1 1 1 1 1 1 1 1 1 1 1 1 1 1 1 1 1 1 1 1 1 1 1
1 1 1 1 1 1 0 1 1 1 1 1 1 1 1 1 1 1 1 0 1 1 1 1 1 1 1 1 1 1 1 1 1 1 1 1 1 1 1 1 1 1 1 1 1 1 0 1 1 1 1 1 1 1 1 1 1 1 1 1 1 1 1 1
1 1 1 1 1 0 1 0 1 1 1 1 1 1 1 1 1 1 0 1 1 1 1 1 1 1 1 1 0 1 1 1 1 1 1 0 1 1 1 1 1 1 1 1 1 1 1 1 1 1 1 1 1 1 1 0 1 1 1 1 1 1 1 1
1 1 1 1 1 1 1 1 0 1 1 1 1 1 1 0 1 0 1 1 1 1 1 1 1 1 1 0 1 1 1 1 1 1 1 1 1 1 1 1 1 1 1 1 1 1 1 1 1 1 1 1 1 1 0 0 1 1 0 1 1 1 1 1
1 1 1 1 1 1 1 1 1 0 1 0 1 1 1 1 1 1 1 1 1 1 1 1 1 1 1 1 1 1 1 1 1 1 1 1 1 1 1 1 1 1 1 1 0 1 1 1 1 1 1 1 0 1 1 1 1 1 1 1 1 1 1 1
1 1 1 1 1 1 1 1 1 1 0 1 1 1 1 1 1 1 1 0 1 1 1 1 1 1 1 1 1 1 1 1 1 1 1 1 1 1 1 1 1 1 1 1 1 1 1 1 1 1 1 1 1 1 1 1 1 1 1 1 1 1 1 1
1 1 1 1 1 1 1 1 1 0 1 0 1 1 1 1 1 1 1 1 1 1 1 0 1 1 1 1 1 1 1 1 1 1 0 1 1 1 1 1 1 1 1 1 1 1 1 1 1 1 1 1 1 1 1 0 1 1 1 1 1 1 1 1
1 1 1 1 1 1 1 1 1 1 1 1 0 1 0 1 1 1 1 1 1 1 1 1 1 1 1 1 0 1 1 1 1 1 1 1 1 1 1 1 1 1 1 1 1 1 1 1 1 1 1 1 1 0 1 1 1 1 1 1 1 1 1 1
1 1 1 1 1 1 1 1 1 1 1 1 1 0 1 1 1 1 1 1 1 1 1 1 1 1 1 0 1 1 1 1 1 1 1 1 1 1 1 1 1 1 1 1 0 1 1 1 1 1 1 1 1 1 0 1 1 1 1 1 1 1 1 0
1 1 1 1 1 1 1 1 1 1 1 1 0 1 0 1 1 1 1 1 1 1 1 1 1 1 1 0 1 1 1 1 1 1 1 1 1 1 1 1 1 1 1 1 1 0 1 1 1 0 1 1 1 1 1 1 0 0 1 1 1 1 1 1
1 1 1 1 1 1 1 1 0 1 1 1 1 1 1 0 1 1 1 1 1 1 1 1 1 1 1 1 1 0 1 1 1 1 1 1 1 1 1 0 1 1 1 1 1 1 1 1 1 0 1 1 1 1 1 1 1 1 0 1 1 1 1 1
0 1 1 1 1 1 1 1 1 1 1 1 1 1 1 1 0 1 1 1 1 1 1 1 1 1 1 1 1 1 1 1 1 1 1 1 0 1 1 1 1 1 1 0 1 1 1 1 1 1 1 1 1 1 1 1 0 1 1 1 0 1 0 1
1 1 1 1 1 1 1 1 0 1 1 1 1 1 1 1 1 0 1 1 1 1 1 1 1 1 1 1 1 1 1 1 1 1 1 1 1 1 1 1 1 1 1 1 1 0 1 1 1 1 1 1 1 1 1 1 1 1 1 1 1 1 1 1
1 1 1 1 1 1 1 0 1 1 1 1 1 1 1 1 1 1 0 1 1 1 1 1 1 1 1 1 1 1 1 1 0 1 1 1 1 1 1 1 1 0 1 1 1 1 1 1 1 1 1 1 1 1 1 1 1 1 1 1 1 1 1 1
1 1 1 1 1 1 0 1 1 1 0 1 1 1 1 1 1 1 1 0 1 1 1 1 1 1 0 0 1 1 1 1 1 1 1 1 1 1 1 1 1 1 1 1 1 1 1 1 1 0 0 1 1 1 1 1 1 1 1 1 1 1 1 1
1 1 1 1 1 1 1 1 1 1 1 1 1 1 1 1 1 1 1 1 0 1 1 1 1 1 1 1 1 1 0 1 1 1 1 1 1 1 1 1 1 1 1 1 1 1 1 1 1 1 1 1 1 1 1 1 1 1 1 1 1 1 1 1
1 1 1 1 1 0 1 1 1 1 1 1 1 1 1 1 1 1 1 1 1 0 1 1 1 1 1 1 1 1 1 1 1 1 1 1 1 1 1 1 1 0 1 1 1 1 1 1 1 1 1 1 1 1 1 1 1 1 1 1 1 1 1 1
1 1 1 1 1 1 1 1 1 1 1 1 1 1 1 1 1 1 1 1 1 1 0 1 1 1 1 1 0 1 1 1 0 1 1 1 1 1 1 1 1 0 1 1 1 1 1 1 1 1 1 1 1 1 1 1 1 1 1 1 1 1 1 1
0 1 1 1 1 1 1 1 1 1 1 0 1 1 1 1 1 1 1 1 1 1 1 0 1 0 1 1 1 1 1 1 1 1 1 1 1 1 0 1 1 1 1 1 1 1 1 1 1 1 1 1 1 1 1 1 1 0 1 1 1 1 1 1
1 1 1 1 1 1 1 1 1 1 1 1 1 1 1 1 1 1 1 1 1 1 1 1 0 1 1 0 1 1 1 1 1 1 1 1 1 1 1 1 1 1 1 1 1 1 1 1 1 1 1 1 1 1 1 1 1 1 1 1 1 1 1 1
1 1 0 1 1 1 1 1 1 1 1 1 1 1 1 1 1 1 1 1 1 1 1 0 1 0 1 1 1 1 1 1 1 1 1 1 1 1 1 1 1 1 1 1 1 1 1 1 1 1 1 1 1 1 1 1 1 1 1 1 1 1 1 1
1 1 1 1 0 1 1 1 1 1 1 1 1 1 1 1 1 1 1 0 1 1 1 1 1 1 0 1 1 1 1 1 1 1 1 1 1 1 1 1 1 1 1 1 1 1 1 1 1 1 1 1 1 1 1 1 0 1 1 1 1 1 1 1
1 1 1 0 1 1 1 1 0 1 1 1 1 0 0 1 1 1 1 0 1 1 1 1 0 1 1 0 1 1 1 1 1 1 1 1 1 1 1 1 1 1 0 1 1 1 1 1 1 1 1 1 1 1 1 1 1 1 0 1 1 1 0 0
1 1 1 1 1 1 1 0 1 1 1 1 0 1 1 1 1 1 1 1 1 1 0 1 1 1 1 1 0 1 1 1 1 1 1 1 1 1 1 1 1 1 1 1 0 1 1 1 1 1 1 1 1 1 1 1 1 1 1 1 1 1 1 1
1 1 1 1 1 1 1 1 1 1 1 1 1 1 1 0 1 1 1 1 1 1 1 1 1 1 1 1 1 0 1 1 1 1 1 1 1 1 1 1 1 1 1 1 1 1 1 1 1 1 1 1 1 1 1 1 1 1 1 1 1 1 1 1
1 1 1 1 0 1 1 1 1 1 1 1 1 1 1 1 1 1 1 1 0 1 1 1 1 1 1 1 1 1 0 1 1 1 1 1 1 1 1 1 1 0 1 1 1 1 1 1 1 1 1 1 1 1 1 0 1 0 1 1 1 1 1 1
1 1 1 1 1 1 1 1 1 1 1 1 1 1 1 1 1 1 1 1 1 1 1 1 1 1 1 1 1 1 1 0 1 1 1 1 1 1 1 1 1 1 1 1 1 1 1 1 1 1 1 1 1 1 1 1 1 1 0 1 1 1 1 1
1 1 1 1 0 1 1 1 1 1 1 1 1 1 1 1 1 1 0 1 1 1 0 1 1 1 1 1 1 1 1 1 0 1 1 1 1 1 1 1 1 0 1 0 1 1 1 1 1 1 1 1 1 1 1 1 1 1 1 1 1 1 1 1
1 1 1 1 1 0 1 1 1 1 1 1 1 1 1 1 1 1 1 1 1 1 1 1 1 1 1 1 1 1 1 1 1 0 1 1 1 1 1 1 1 1 1 1 1 1 1 1 1 1 1 1 1 0 1 1 0 1 1 1 1 1 1 1
1 1 1 0 1 1 1 1 1 1 1 0 1 1 1 1 1 1 1 1 1 1 1 1 1 1 1 1 1 1 1 1 1 1 0 1 1 1 1 1 1 0 1 1 1 1 1 1 0 1 1 1 1 1 1 1 1 0 1 0 1 1 1 1
1 1 1 1 0 1 1 0 1 1 1 1 1 1 1 1 1 1 1 1 1 1 1 1 1 1 1 1 1 1 1 1 1 1 1 0 1 1 1 1 1 1 1 1 1 1 1 1 1 1 1 1 1 1 1 1 1 1 1 1 1 1 1 1
1 1 1 1 1 1 1 1 1 1 1 1 1 1 1 1 0 1 1 1 1 1 1 1 1 1 1 1 1 1 1 1 1 1 1 1 0 1 1 1 1 1 1 1 1 1 1 1 1 1 1 1 1 1 1 1 1 1 1 1 0 1 1 1
1 1 1 1 1 1 1 1 1 1 1 1 1 1 1 1 1 1 1 1 1 1 1 1 1 1 1 1 1 1 1 1 1 1 1 1 1 0 1 1 1 1 1 1 1 1 1 1 1 1 1 1 1 1 1 1 1 1 1 1 1 0 1 1
1 1 1 1 1 1 1 1 1 1 1 1 1 1 1 1 1 1 1 1 1 1 1 0 1 1 1 1 1 1 1 1 1 1 1 1 1 1 0 1 1 1 1 1 1 1 1 1 1 0 1 1 1 1 1 1 0 1 1 1 1 1 1 0
1 1 1 1 1 1 1 1 1 1 1 1 1 1 1 0 1 1 1 1 1 1 1 1 1 1 1 1 1 1 1 1 1 1 1 1 1 1 1 0 1 0 1 1 1 1 1 1 1 1 1 1 1 1 1 1 1 1 0 1 1 1 1 1
1 1 1 1 1 1 1 1 1 1 1 1 1 1 1 1 1 1 1 1 1 1 1 1 1 1 1 1 1 1 1 1 1 1 1 1 1 1 1 1 0 1 1 1 1 1 1 1 1 1 1 1 1 1 1 1 1 1 1 1 1 0 1 1
1 1 1 1 1 1 1 1 1 1 1 1 1 1 1 1 1 1 0 1 1 0 0 1 1 1 1 1 1 1 0 1 0 1 0 1 1 1 1 0 1 0 1 0 1 1 1 1 1 1 1 1 1 1 1 1 1 1 1 1 1 1 0 1
1 1 1 1 1 1 1 1 1 1 1 1 1 1 1 1 1 1 1 1 1 1 1 1 1 1 1 0 1 1 1 1 1 1 1 1 1 1 1 1 1 1 0 1 1 1 1 1 1 1 1 1 1 1 0 1 0 1 1 1 1 0 1 1
1 1 1 1 1 1 1 1 1 1 1 1 1 1 1 1 0 1 1 1 1 1 1 1 1 1 1 1 1 1 1 1 0 1 1 1 1 1 1 1 1 0 1 0 1 1 1 0 1 1 1 1 1 1 1 1 1 1 1 1 1 1 1 1
1 1 1 1 1 1 1 1 1 0 1 1 1 0 1 1 1 1 1 1 1 1 1 1 1 1 1 1 0 1 1 1 1 1 1 1 1 1 1 1 1 1 1 1 0 1 1 1 1 1 1 1 1 1 1 1 1 1 1 1 1 1 1 1
1 1 1 1 1 1 1 1 1 1 1 1 1 1 0 1 1 0 1 1 1 1 1 1 1 1 1 1 1 1 1 1 1 1 1 1 1 1 1 1 1 1 1 1 1 0 1 1 1 1 1 1 1 1 1 1 1 1 1 1 1 1 1 1
1 1 1 1 1 1 0 1 1 1 1 1 1 1 1 1 1 1 1 1 1 1 1 1 1 1 1 1 1 1 1 1 1 1 1 1 1 1 1 1 1 1 1 1 1 1 0 1 1 0 1 1 1 1 1 1 1 1 1 1 1 1 1 1
1 1 1 1 1 1 1 1 1 1 1 1 1 1 1 1 1 1 1 1 1 1 1 1 1 1 1 1 1 1 1 1 1 1 1 1 1 1 1 1 1 1 1 0 1 1 1 0 1 1 1 1 1 1 1 1 1 1 1 1 1 1 1 1
1 1 1 1 1 1 1 1 1 1 1 1 1 1 1 1 1 1 1 1 1 1 1 1 1 1 1 1 1 1 1 1 1 1 0 1 1 1 1 1 1 1 1 1 1 1 1 1 0 1 1 1 1 0 0 1 1 1 1 1 1 1 1 1
1 1 1 1 1 1 1 1 1 1 1 1 1 1 0 0 1 1 1 0 1 1 1 1 1 1 1 1 1 1 1 1 1 1 1 1 1 1 0 1 1 1 1 1 1 1 0 1 1 0 1 1 1 1 1 1 1 1 1 1 1 1 0 1
1 1 1 1 1 1 1 1 1 1 1 1 1 1 1 1 1 1 1 0 1 1 1 1 1 1 1 1 1 1 1 1 1 1 1 1 1 1 1 1 1 1 1 1 1 1 1 1 1 1 0 1 1 1 1 1 0 1 1 1 1 1 1 1
1 1 1 1 1 1 1 1 1 1 1 1 1 1 1 1 1 1 1 1 1 1 1 1 1 1 1 1 1 1 1 1 1 1 1 1 1 1 1 1 1 1 1 1 1 1 1 1 1 1 1 0 1 1 1 1 1 1 1 1 1 1 1 1
1 1 0 1 1 1 1 1 1 0 1 1 1 1 1 1 1 1 1 1 1 1 1 1 1 1 1 1 1 1 1 1 1 1 1 1 1 1 1 1 1 1 1 1 1 1 1 1 1 1 1 1 0 1 1 1 1 1 1 1 1 1 1 1
1 1 1 1 1 1 1 1 1 1 1 1 0 1 1 1 1 1 1 1 1 1 1 1 1 1 1 1 1 1 1 1 1 0 1 1 1 1 1 1 1 1 1 1 1 1 1 1 0 1 1 1 1 0 1 1 1 1 1 1 1 1 1 1
1 0 1 1 1 1 1 1 0 1 1 1 1 0 1 1 1 1 1 1 1 1 1 1 1 1 1 1 1 1 1 1 1 1 1 1 1 1 1 1 1 1 0 1 1 1 1 1 0 1 1 1 1 1 0 1 1 1 1 1 1 1 1 1
1 1 1 1 1 1 1 0 0 1 1 0 1 1 1 1 1 1 1 1 1 1 1 1 1 1 1 1 1 1 0 1 1 1 1 1 1 1 1 1 1 1 1 1 1 1 1 1 1 1 1 1 1 1 1 0 1 1 1 1 1 1 1 1
1 1 1 1 1 1 1 1 1 1 1 1 1 1 0 1 0 1 1 1 1 1 1 1 1 1 0 1 1 1 1 1 1 0 1 1 1 1 0 1 1 1 0 1 1 1 1 1 1 1 0 1 1 1 1 1 0 1 1 1 1 1 1 1
1 1 1 1 1 1 1 1 1 1 1 1 1 1 0 1 1 1 1 1 1 1 1 0 1 1 1 1 1 1 0 1 1 1 0 1 1 1 1 1 1 1 1 1 1 1 1 1 1 1 1 1 1 1 1 1 1 0 1 1 1 1 1 0
1 1 0 1 1 1 1 1 0 1 1 1 1 1 1 0 1 1 1 1 1 1 1 1 1 1 1 0 1 1 1 0 1 1 1 1 1 1 1 0 1 1 1 1 1 1 1 1 1 1 1 1 1 1 1 1 1 1 0 1 1 1 0 1
1 1 1 1 1 1 1 1 1 1 1 1 1 1 1 1 1 1 1 1 1 1 1 1 1 1 1 1 1 1 1 1 1 1 0 1 1 1 1 1 1 1 1 1 1 1 1 1 1 1 1 1 1 1 1 1 1 1 1 0 1 1 1 1
1 1 1 1 0 1 1 1 1 1 1 1 1 1 1 1 0 1 1 1 1 1 1 1 1 1 1 1 1 1 1 1 1 1 1 1 0 1 1 1 1 1 1 1 1 1 1 1 1 1 1 1 1 1 1 1 1 1 1 1 0 1 1 1
1 1 1 1 1 1 1 1 1 1 1 1 1 1 1 1 1 1 1 1 1 1 1 1 1 1 1 1 1 1 1 1 1 1 1 1 1 0 1 1 0 1 0 1 1 1 1 1 1 1 1 1 1 1 1 1 1 1 1 1 1 0 1 1
1 1 1 1 1 1 1 1 1 1 1 1 1 1 1 1 0 1 1 1 1 1 1 1 1 1 1 0 1 1 1 1 1 1 1 1 1 1 1 1 1 0 1 1 1 1 1 1 1 0 1 1 1 1 1 1 1 1 0 1 1 1 0 0
1 1 1 1 1 1 1 1 1 1 1 1 1 0 1 1 1 1 1 1 1 1 1 1 1 1 1 0 1 1 1 1 1 1 1 1 1 1 0 1 1 1 1 1 1 1 1 1 1 1 1 1 1 1 1 1 1 0 1 1 1 1 0 0
91998 18775 14314 34126 69113 51302 7886 91782 23382 44929 43943 2441 47845 90329 13619 54228 17356 9214 30307 2283 26317 72121 67496 78627 24206 39826 40549 18251 83850 65376 36221 70170 94881 22669 95372 82478 83192 51966 55123 33564 52827 79308 23611 37756 39611 43893 48956 67778 43889 12961 47659 71166 55136 57234 21018 34409 59231 24456 82273 51580 16722 92246 19802 9975 78218 26588 38650 24824 39160 4796 87651 89018 64704 17348 81470 81487 94889 1072 8007 55634 29707 59545 28965 44141 36523 44639 20532 90672 27653 15952 32096 9666 81907 72884 25464 37357 24313 17145 75722 30920 57297 58318 89064 64919 43868 5519 3693 50265 16503 630 80025 95574 94184 27914 12442 93315 86448 52066 68020 75074 83289 13581 217 66074 8793 2383 93328 37778
3840 54448 22313 3160 10997 55957 77449 56141 33581 83338 76560 71344 66030 70231 38026 77373 40730 44965 24006 24178 59893 42361 81019 81392 62657 37522 85152 67464 46565 46049 22255 30279 99096 24877 49138 89242 54011 69754 95759 66711 64512 73426 27528 53109 59215 34436 74380 67846 70441 46077 29808 79797 82284 84152 63505 45401 69858 77578 16085 48635 73615 80930 89246 29936 50212 53632 57167 49116 23410 6470 30608 10621 73108 77318 16660 80339 12141 28745 62400 38963 56863 60394 91533 11292 17539 9671 41211 74946 12319 22482 43739 74857 23680 56960 39066 36263 48910 77543 17110 53540 62578 30424 76416 90617 45669 5157 88621 75948 56105 51819 25493 80878 54153 53449 67845 49383 32769 41720 2067 67708 50735 55094 40160 19647 8070 15116 84857 64998
73416 54884 16255 36955 89584 68523 77967 61960 88492 93516 38831 11006 20820 77624 41329 72630 99280 26727 40253 93933 28863 179 86502 3464 14781 61289 94858 32019 78007 58851 72142 9094 51894 66811 80213 37404 13665 36698 4474 51978 45118 41226 69342 42036 99182 52248 90728 67077 71285 5659 4310 28716 80286 63628 25164 19738 18436 51399 12054 15262 86739 77487 85607 79573 90206 94734 30691 1509 16764 8734 8980 52622 53085 82684 85348 74804 26785 72127 43112 69738 40635 61842 44722 16023 83287 42665 9221 81763 87666 17162 53900 41627 1969 19473 86382 3957 8226 64276 76436 90517 10693 82667 32417 41515 58883 22777 6418 22815 12695 66974 83172 41515 20014 17226 20609 46006 88479 9004 698 10370 86683 15130 39519 66762 10798 51504 77060 81939
15892 20175 15691 24380 84697 2827 34394 88365 1795 68948 4601 99176 46213 80302 12772 82090 31784 82435 76490 16501 46652 51035 45677 39790 75911 3185 54837 1357 61135 23806 89411 6999 10907 24200 66032 63495 44805 42740 38020 1141 20477 38230 69336 91914 11692 34002 73931 72675 50521 5331 18368 99699 85340 6996 70652 45265 87089 79721 44448 70742 51301 67865 49613 82735 31544 43907 57909 78644 72435 12122 65898 24846 36083 13171 42027 46570 40221 84906 32887 35524 53528 55702 20454 26160 41680 93240 26104 41749 75251 1307 25984 31612 38598 9082 205 1105 26328 95496 61542 47375 61909 46132 71166 42848 19005 7476 70330 35582 63648 70630 99993 40984 36949 5285 14523 39715 97810 26593 137 12951 63204 49933 35017 43359 46578 22817 69075 79863
15095 79675 76722 57954 19117 93014 51678 15772 44948 91065 18695 98835 19656 73969 24191 41504 19896 38574 70865 85572 80241 58604 89566 29624 2482 60400 56290 85742 82008 20330 62348 14442 23819 68029 52525 41586 59991 4884 58952 17836 53845 25635 12592 52014 92919 32144 25125 39120 55895 87412 70279 63454 86413 50872 81581 40533 27854 91545 66641 67452 56206 94964 87197 90005 4091 10449 55526 9349 41147 61546 84211 99482 48361 22178 67748 63363 28707 94463 85719 44471 30927 20426 27228 31022 29301 41558 72328 16793 48763 38131 59469 23671 10757 51498 4475 42992 76700 13114 18677 48524 83292 1466 92640 11050 35203 50963 30061 19256 77984 40631 84161 27358 33578 36337 33708 52331 48186 28445 8484 46842 59324 82017 62659 36801 50919 51682 36955 50941
35344 30522 93382 57330 8326 75991 97068 84036 66295 40676 29379 56536 99219 9775 96338 82176 3469 90469 92572 69401 8998 30273 78097 88972 12528 95768 55911 81142 34148 54577 30441 87303 20973 31224 10897 87297 2916 48966 55557 88973 18729 48926 38346 91840 12759 66271 91435 89719 90660 56628 80142 81780 30403 83701 2614 75993 11938 97847 8125 48016 10862 52794 83018 97067 71148 50844 43020 47794 99995 37128 6384 43327 87672 91425 99778 32006 49171 30427 46616 50961 89824 58875 34658 45597 80213 58068 44255 48444 57715 72821 70911 86098 2557 33420 83441 62607 72713 10689 96301 59045 65378 84678 42611 84806 38785 52973 96476 28398 71025 10546 57695 47182 2101 28216 39425 25989 63200 85065 38248 74236 86524 91839 3468 41915 52909 27016 70269 63205
63377 8771 72038 74225 42335 32340 38589 82685 81396 89859 41982 79675 27779 60464 29294 27177 25559 32024 62869 14661 2827 81193 23975 47594 24985 82638 52757 64257 46880 56320 26297 18792 31344 63452 94979 86228 13839 93600 96768 10641 62743 99010 42990 65912 81936 80849 93520 25745 56296 44738 64570 28678 54914 87631 36655 79590 75645 10188 90398 92769 77392 160 51399 13787 68298 96872 41576 29320 38960 90552 39095 11473 72761 17271 20564 14017 43056 88442 64408 67907 58789 76782 77916 88107 99149 64414 81706 67605 51709 76804 8924 71263 18682 39924 21472 80374 79080 49798 67899 20320 95527 80849 67373 94317 98429 49202 93068 31502 85237 94193 33256 61730 12549 1676 95588 31913 34325 18183 36794 22844 98159 15611 24718 3219 67847 51234 32420 93432
39243 89537 65912 33075 50413 63909 38917 1112 84683 49653 68887 9746 89992 94985 45155 99017 32498 481 36995 93161 75318 44458 22969 1350 44615 90484 51069 39041 58550 80231 1297 98617 81940 19719 1497 18293 82851 45260 21120 37021 74133 2197 14537 88496 14763 69947 61782 59709 57953 13827 86487 93405 41179 88683 49321 47037 68411 17004 73909 45390 35498 97606 20410 6127 49688 29069 70806 34967 92207 60819 64848 71236 93336 2671 64394 72665 64937 5353 68239 73200 26344 76847 20696 20306 19354 24126 76643 61238 25829 32994 51408 12679 37913 98133 1503 48992 40866 42958 42670 24074 61738 41271 50546 8879 27315 4561 70844 85476 35060 96986 71538 77764 539 29809 63107 2446 7113 69098 13446 12992 46105 7284 78897 9321 42942 25130 61130 72560
53070 68392 30031 70550 2661 88795 61844 70979 77101 82119 92268 49062 47878 92855 30048 60821 75797 32045 44763 68874 16723 73027 41565 42150 55992 55124 61557 64033 19022 54366 8952 71760 39545 26389 62278 7699 88136 10293 64995 92099 18419 90571 9618 37984 20088 8833 32068 34147 59626 93534 25516 23912 18513 93722 95997 19965 1874 56473 83262 47320 42115 2756 73637 28461 36252 37754 71819 95255 43701 87176 58659 21223 62178 77834 48773 92785 93436 1081 29096 66768 20591 74902 48306 2503 14869 74266 67616 73476 75495 82815 44663 22064 30248 50277 29339 82530 42367 57557 67386 9629 75980 47305 84459 10600 97834 30775 31138 14236 36776 41170 39746 31147 51625 44643 22444 44793 91126 11637 80173 71568 75102 18796 80011 72914 53621 4473 46590 65093
17926 82741 966 10240 22187 91212 56212 80041 85991 37296 62994 52092 55925 78329 81620 53447 39896 80530 9609 96121 38761 91102 49438 98491 86711 91279 17779 6945 53815 14142 28281 56519 3515 36601 44570 54746 55928 5212 49909 69485 68665 2768 28210 74292 33083 23802 4945 8525 80540 93404 42168 92910 10278 24873 55300 9491 86283 50988 33041 93476 15650 94473 88676 89801 17024 61747 69484 39153 32911 74340 57826 69472 35723 40000 41321 99917 11467 85484 43346 46614 69918 77285 25778 63342 8060 8895 7988 47655 47896 66029 23875 19649 48943 70632 33841 78083 34147 22519 73472 71280 49934 16941 72894 29012 7648 14463 76898 45916 6970 12683 22341 86331 30092 70217 35121 88065 2599 26062 92146 44562 97940 199 92895 4498 58461 78124 43624 40459
70047 5957 24639 66564 47998 24228 39201 78570 82061 1306 28865 67030 86756 85415 94799 18303 640 49570 2168 62902 74170 909 90988 28974 75863 85397 68125 23903 49347 9286 3385 63869 60705 17448 12885 67125 85762 46252 42479 71821 12744 18086 1606 8121 39026 29357 98379 86524 15149 22778 29403 58953 35911 20153 6197 3692 75902 36217 42847 38466 57813 47807 86845 67831 95277 41850 2326 4740 95662 99474 93370 22976 66458 30533 85057 26922 24105 75317 89362 961 2423 28122 52689 11359 27865 97901 67201 44236 53453 70173 37817 87144 55585 909 82769 44840 63031 70948 66776 76742 10693 36505 39495 46561 87647 2758 11130 35237 40584 52815 80627 90348 7030 38937 80953 69635 56090 59550 78308 74146 46977 86096 10756 52135 98582 63840 5313 70374
39837 93325 13661 92371 66511 99308 70225 74620 83350 46635 87283 12401 41339 95858 21540 32079 38221 69705 9890 38146 35513 78194 99271 44910 66703 51883 3422 31349 73314 3941 60972 59458 42310 12334 47670 85463 95299 85361 92493 73456 71252 65308 46506 24586 76437 17191 561 41553 36344 3661 67621 20477 17759 91684 15832 73549 63381 26942 38845 58172 14565 33250 87979 63497 86478 47354 67545 69193 70688 50727 63173 40041 39482 49202 20890 30419 38983 61751 91137 97463 25018 26232 74379 45160 45069 47108 68143 57455 62964 63819 6338 99878 93742 53347 31996 24731 15882 6495 48496 85330 32000 87285 50048 58529 85780 48631 98345 66700 47799 85207 32506 57967 64348 84214 4119 89530 53885 88249 5559 7764 41448 16919 60592 58418 69457 30751 77878 70213
45883 68540 41579 30274 1907 46853 84895 53644 39466 6341 64981 22490 8725 88730 3864 14911 32630 67924 76116 57247 89717 97240 10699 23826 79165 44105 18294 4380 49853 58452 73455 41966 49429 48633 96728 12168 22728 21820 39165 76858 87037 34958 22753 61598 39804 48451 89109 25691 43305 99052 14161 29540 49935 70151 59760 19743 54238 64486 15160 51788 14395 50402 97893 87204 50519 82503 84870 390 30628 4794 24881 69616 68697 98779 19326 86080 41062 38380 17816 63077 98240 85211 40129 88345 85569 38523 50150 15522 71355 87791 14163 13490 46276 94631 62846 82727 69426 37350 86384 45736 89151 68000 13177 41674 54553 56089 65655 27898 53962 94050 54402 87642 98102 25778 28367 59489 59194 42159 88117 13394 96083 474 64531 77138 77913 45796 97474 95053
13610 64471 3295 59085 4739 51979 26816 37575 25760 84649 36346 1804 94910 52780 31447 54749 94416 5678 52917 21826 14317 13232 70461 52655 59196 14365 57239 53538 15381 51780 67558 25356 75633 33662 83735 59776 74030 55940 4004 12955 63048 61859 61436 18345 16863 74527 74520 76525 76458 83217 6464 94224 20164 82145 72594 20408 64372 80150 81866 78703 93906 98007 36527 80108 7272 88264 573 89124 8481 19013 63571 85190 63877 14484 45703 35200 16482 15221 12114 2969 18738 78149 33065 4280 96353 78522 86488 5397 31531 50586 15856 13226 43413 89102 65348 11464 62597 33499 14890 69550 10374 512 66289 66451 79221 66631 37910 6036 15456 15235 11289 39601 21222 88831 38640 79441 1736 71489 44869 97699 67525 71945 6982 23093 78597 60989 40540 5932
56189 98782 55131 38104 27460 84268 94354 61593 27803 95472 26379 40862 99672 93137 11367 8433 95970 34790 18497 7898 79689 74628 43326 5954 26619 36426 98506 47327 65230 20229 31944 88963 7843 93701 33467 83779 11431 46316 86133 63174 79421 84914 4756 59761 11264 46249 42843 86594 56667 61804 47725 12883 37450 30883 81458 76480 67904 24018 31754 37403 97743 71461 62207 89629 57798 50106 73560 60393 27713 57594 63246 46962 24513 63247 7841 58270 35523 26349 71118 46840 64645 20040 93315 26331 20200 54968 29613 59323 26257 78848 28170 40088 43683 81587 80128 640 90466 68011 8015 55051 6880 11899 712 39794 87820 58763 38160 36086 12915 75848 46039 32762 56468 43482 83307 40809 13507 52708 60662 7699 88665 53001 6792 96461 94454 54274 55382 77753
94148 22969 55993 79525 40001 99409 39979 15495 18199 4617 45595 82672 94887 49689 67252 7787 34396 79078 76391 86718 20938 35414 83758 59611 69397 52193 66122 35513 13990 29760 57224 75694 57558 757 68069 53035 53246 53825 89471 98126 35191 1047 50651 56051 38852 99693 16020 26134 9827 46043 11739 47860 6372 2770 49860 71520 55425 56123 93235 1004 83732 13125 87210 44747 9850 23330 35898 71442 68198 3933 83734 94235 87852 61777 63709 96081 85345 30260 98124 19537 45256 93438 94250 70225 54550 19209 99476 29137 65430 30645 36490 32183 79338 6333 78269 5990 52158 25634 465 64110 29167 56084 64516 77922 32390 96529 60341 68191 38758 33662 83549 43993 20693 53757 52629 80555 29474 60639 21860 5724 7051 83891 75853 95267 41466 28718 96286 43684
42936 56806 13811 19706 41265 33677 45670 35449 65895 92847 32565 16465 70715 190 35354 2062 40596 56642 90017 61078 42645 87829 12685 52023 72363 59800 30151 89004 13908 45200 76118 89656 35494 99987 29794 36615 35168 33712 9340 82298 1962 35433 14002 37863 74216 87665 382 50724 16588 52514 49080 92617 11664 56370 15733 30750 93064 32281 21802 5296 3420 81354 28479 33745 68476 21964 88780 56037 73924 1297 34112 1980 84855 53435 60300 23252 68877 55099 85553 5322 11930 10816 56428 53900 36750 59178 11526 8742 46922 60345 70965 82228 33941 12614 84135 76921 53298 87337 18331 77196 54196 51511 37262 39293 85261 78006 96951 26761 4059 97298 85450 2835 73997 97384 61522 57315 6619 65652 88492 13828 29709 92781 13599 94606 64056 39797 9767 46224
36016 34514 21121 25528 9349 9687 80716 65057 90946 85617 54350 49143 55490 64171 32421 73885 961 16333 69539 28298 15338 20888 43692 80082 64367 1272 20872 40327 80498 48431 91084 28689 51676 76936 17869 85057 89018 83230 12099 23028 1788 93107 25527 93846 66079 53179 16919 54541 47938 52493 17289 91878 87339 23409 95419 36729 57597 55163 6730 21914 33642 43374 38835 2884 83066 74765 32864 90572 95943 93737 75958 41236 52618 94375 72851 57223 16684 15218 45123 37188 64483 9829 22770 31223 76911 19767 93933 18119 80891 21121 83212 26314 21943 48332 57069 46821 24475 80911 8982 81952 86455 97448 73223 72497 44269 32501 53045 1280 96021 56034 66010 1964 27999 73692 99782 46124 3241 81056 58703 35143 99034 98945 5221 79392 75401 28845 49711 82432
62892 34944 14811 44045 95415 50042 96816 9003 64100 65455 66500 68049 38535 6917 20064 30982 93091 15250 27054 63813 17066 53277 15005 93258 52749 6497 12632 45230 84282 91546 56114 27323 96522 58288 82487 70013 21444 72896 16846 40355 40748 78745 46666 14949 92894 4206 85551 37457 48169 90220 11214 74429 44218 51445 10282 11446 88566 93493 19077 7392 75199 74076 81507 99846 42328 80777 38284 99719 1057 78880 22412 96010 77999 89068 96459 41301 6999 14035 22787 27051 57304 47165 58632 83551 39215 27832 49343 41336 2724 37812 12603 41966 82907 15777 39477 53243 54200 19931 56221 31359 23354 43630 49626 80589 47980 65533 73568 21873 10372 90840 33056 63345 13163 76801 56055 84631 11452 3258 40550 53215 89638 19075 93499 10995 87385 91936 77033 50949
25308 65141 46641 72621 20819 23113 83225 24654 29941 96655 78051 44318 36105 47676 72920 77654 24825 40584 2162 85555 83803 9156 2952 55412 6426 70415 3803 48381 46805 84523 64518 80099 19155 70011 28561 35690 73651 66575 24096 89688 91648 45559 9244 32909 42400 77381 40550 23858 812 89912 96855 88239 977 73456 76032 28951 86190 9221 27210 16730 76935 62859 92394 60000 25341 7816 79257 13412 53161 41885 91299 9764 72257 17637 89968 34577 75735 83313 6524 43769 88663 18102 92501 37806 35465 68762 88431 58728 6945 64186 79940 46749 76026 98234 131 26842 69095 77637 84132 38100 63015 4922 38089 92757 50875 18466 71787 70230 35010 56387 38110 73959 94416 39056 81793 97964 43571 7471 64122 20417 24988 75947 34868 2704 37071 26728 7808 135
90714 65121 63899 33328 85379 93097 12275 55504 59394 83636 22570 15545 10077 26102 54675 81564 72004 64152 71190 98141 1439 59809 90761 99038 16040 60583 73169 12680 18600 74128 95810 86797 96909 12922 12105 66919 57671 74549 34134 2421 5573 31198 93980 32876 56462 18500 60798 55033 98606 99796 49832 32752 12496 60599 68085 70939 3817 42830 48669 279 64587 47650 46193 92800 52475 37156 87262 14863 12693 45956 18010 762 77716 37992 76226 50210 13508 11238 87648 23095 66618 78918 56120 62497 49804 37636 37968 44615 46683 96720 39322 82781 41304 58814 60660 83764 64048 60827 32905 42650 37278 510 51849 29435 17959 91973 68451 1009 50516 25916 87917 44101 14083 88848 54286 55873 50434 71370 68912 62681 66353 81747 10882 6243 22652 91121 40214 29064
26008 89741 71661 20607 9998 54251 11928 57379 51527 97298 80072 13091 34862 87607 5958 19019 58315 13105 74027 77889 19393 92469 50857 84844 34333 71925 97729 5785 66213 34709 82214 55491 17857 56473 21619 97353 30238 24697 64313 10297 22736 25445 51156 77250 9012 70770 20830 87241 15948 46821 91194 5138 4871 87296 59749 82892 30320 25709 49638 95547 30796 94399 53980 18047 10543 34785 12821 2392 21465 34937 23762 54127 92985 3291 69623 55596 15735 69941 50981 63025 93583 37761 79143 42251 18721 12254 97575 86341 56086 72830 11039 59773 95659 86054 42272 75383 25590 19926 61719 45018 41243 32811 63350 33473 50562 9199 4841 73596 26960 60779 37146 96774 91999 71787 6995 55319 74186 38961 90027 15314 38495 24662 83223 44446 2701 5412 67066 64861
95643 98861 49416 95509 27844 4769 73488 24175 89117 8014 23776 36836 359 50043 66965 53121 51723 98978 64216 20011 19493 32456 36566 32625 76761 59989 53987 83504 33183 4280 64738 82346 85760 3706 98802 12013 63129 61140 92027 83943 41076 67097 30962 97757 64300 55089 79288 32944 54541 31456 89060 12835 37720 92253 89286 49170 71179 12536 1455 8962 54229 92672 66352 27620 85662 37384 30295 29795 90874 83523 76809 65885 819 72400 54881 52358 16415 40137 13107 43245 51537 48975 52375 97319 80280 23863 6505 4562 44517 36874 10612 3247 96882 39327 15764 70986 40584 29010 18812 66936 53993 78781 30562 77289 83107 66611 78346 56044 15264 72371 91741 8385 54992 37029 58023 2812 68039 8352 21632 23912 19157 81791 12661 59095 36144 76784 98126 40630
47651 72172 81503 91788 41856 34056 16045 87391 36866 64081 73547 65264 41252 67753 99658 18415 70456 8042 14502 69609 18308 75560 86307 5000 82923 47626 9403 13047 31772 5054 70488 44647 57914 89855 9560 70613 81415 30927 85717 80620 39613 1927 34781 66009 36385 36106 68059 75468 567 51040 24337 54485 24260 96817 84714 43038 67621 78308 50638 64620 29064 26017 73076 64676 50000 54100 28887 28388 27945 79643 17164 85355 46347 35764 83919 47341 10556 51607 73464 56840 95780 36326 81711 39681 92986 51520 54406 15016 4854 5190 68187 4654 45652 75712 37343 1910 39913 84150 69916 72522 65917 13538 77539 36428 15000 32041 2356 95388 71599 12683 32786 77664 86257 34591 76876 15130 38215 91592 40011 6382 96049 32873 4811 73200 210 28325 95307 12846
42767 75264 25680 85107 13610 49619 23640 56436 51536 63393 13846 89404 38018 24349 85665 73021 72420 26379 22469 90553 38504 32712 22411 39388 44878 21583 36471 86587 47190 40549 84258 42152 2169 96878 90791 72405 34896 65182 79948 81815 64274 2237 47879 67176 16540 40192 33836 91412 70052 57110 58666 79952 49913 88095 3427 17823 20689 82714 89239 25397 44068 78918 18972 45077 37003 8349 91616 58363 36928 3521 79258 99790 80172 21437 49060 57382 23081 30245 62444 82724 41167 12261 96975 54290 8201 27850 26394 65270 52692 86157 5645 14001 77975 7295 45387 82723 76614 98689 71285 99145 3829 76548 54036 94459 85286 74502 11969 58940 13269 66829 22506 12039 21576 96018 26784 44434 15998 66429 45711 31575 21659 14940 77424 76577 7565 50441 53185 68908
45258 21544 69382 68644 25595 5836 12542 54606 20130 63232 9328 79891 8963 23092 60878 89698 76103 40636 76929 37411 30256 97950 64640 76547 17715 19803 33702 64816 74546 88192 65748 89504 95317 56457 32401 24614 1015 93497 75297 26466 5490 73779 71601 50661 38262 84177 67791 13450 50474 83263 43291 24014 23436 82429 20555 99022 553 34844 23686 51120 97718 45865 82344 42823 9488 95858 6444 33477 42928 3274 76082 43245 69611 61540 45748 93100 47119 25925 35425 11070 64983 96335 87796 92049 36237 21819 29626 55990 90357 59508 99736 9667 69130 29780 64842 48021 55612 21582 665 19820 19737 85180 44164 96914 26277 89506 31227 2753 32626 19270 30241 18829 8673 24732 39113 24919 22274 89222 70568 11868 3242 98885 63849 42575 6795 19114 66498 56983
46849 15335 73338 13570 69927 4967 13502 1098 72798 25162 48593 27508 93877 58349 34978 86615 86022 17747 49376 88210 66128 71077 19127 36642 39783 31901 91864 24001 31212 64112 31781 39529 64303 82093 69778 75723 88397 15173 8667 9228 94635 14489 99420 58749 98277 87969 22401 25288 81243 81023 43665 14278 21277 83245 93127 30205 31141 24605 89773 92959 4543 36867 58958 55529 18888 30743 98729 90582 40132 98450 90321 58630 67522 28699 81971 72282 7134 48708 80719 90412 20821 43911 22047 18759 19543 7600 88812 18743 64902 33947 91581 88182 45306 13487 30683 73177 26059 10693 93065 93484 75037 52592 89455 79750 73352 5569 37234 88816 74689 26164 58889 11697 32441 67936 51952 49892 61848 45579 11581 28766 50507 355 5857 51068 93678 77249 70783 97121
68808 44890 43776 22946 94162 31633 57183 73310 16374 30872 5724 95111 28909 54200 62636 29397 92609 29208 86658 92126 27911 33350 30303 97812 71294 39198 66144 29739 91554 7676 77504 82458 77229 43564 63765 98507 49914 47202 9715 65435 53027 94890 30843 82882 81099 26667 29616 89833 33535 48191 42618 67611 72480 56313 33344 32038 12897 82131 92222 53467 43213 94700 31689 83766 87090 75683 74898 63618 15724 13425 87003 65353 90610 32349 36210 56706 70217 18238 56570 34491 12118 58862 1449 81985 42418 38396 73333 34622 76636 90277 48919 48770 10850 62571 95075 97196 52920 25108 72399 21503 8017 92672 47063 91861 96357 61883 61036 75001 88444 62721 5008 30135 73963 93536 77800 9241 52435 98487 32916 55165 53034 36059 1965 69042 94807 83420 91057 99202
7951 55239 65503 72541 88644 84424 94016 98306 74497 27951 98636 94031 92766 49139 89591 54955 89966 3283 52589 79023 98362 47727 78305 77120 60260 873 23607 12425 5956 17628 3250 77089 206 83129 40908 28635 77425 35035 91000 74859 57931 99105 67945 54067 26832 15264 96122 99927 55206 72647 80884 4635 12608 2910 64445 35480 7579 10974 55823 58032 84772 48951 24023 22180 54775 16323 42994 9010 89835 95769 60042 71011 81714 63720 86572 42507 4347 44377 61447 19784 12428 39019 35364 97376 71959 40435 84435 56675 21387 84506 99944 15236 65791 63215 99621 25722 25833 70942 31180 65739 15167 98561 77543 96705 41243 86811 93078 28500 43482 11708 55931 67717 77343 60306 48552 15440 81529 68582 73621 2007 84642 2875 2302 91035 36607 77615 48642 63825
70684 59411 68545 37340 47973 66755 36858 70616 37161 59759 72704 713 19016 41179 83844 19961 58361 39436 73334 38263 48901 1103 71659 93475 62 22648 41162 52216 43170 31831 84007 66915 29751 92476 88432 24574 28948 97637 82106 47996 87495 44717 87015 39622 57901 69313 9625 95328 93864 36336 96262 63282 58784 61510 19925 42477 61865 21318 42489 93869 54432 38096 59796 27906 39418 73994 95818 68199 76887 41080 95116 46951 38021 81358 83662 34667 49668 51452 25647 54967 71431 79129 67654 44066 5835 47395 95364 96263 61433 65256 55447 48360 97218 68156 65892 12411 26365 17516 47194 70558 64523 35854 65356 65315 69614 63941 74377 96691 34702 50574 15229 46688 82843 79558 30119 20816 65229 82845 15597 82136 31916 66870 60148 44114 15302 69857 50805 75479
25358 10795 21200 5974 95855 30764 70989 48275 7195 98550 78611 48344 72977 44938 18068 16423 5706 55914 68712 37106 21678 45269 83414 89974 33002 97501 79657 96833 76661 33604 55658 45512 94907 80976 60785 91324 71090 5650 79002 86099 82218 28422 76767 57102 25856 2243 64992 89239 38147 77114 70724 7530 38666 25430 53029 3806 56047 47221 69060 60284 41765 39170 71254 617 8088 48528 22132 19025 81103 85367 80487 35153 37293 45431 11306 14845 29172 18153 30688 68173 46959 34884 37706 82430 32826 76132 74575 50361 40186 12242 25395 49733 49194 17726 71631 80184 15581 42691 23337 55355 79901 12840 66428 43339 54612 51227 66699 45329 95680 18253 88867 33164 4463 62933 76704 93121 83486 68180 78415 13296 44286 39130 41998 90778 79289 21629 28328 57610
37182 76245 38012 6874 82787 52715 82069 63480 13618 46492 29332 50417 67507 17927 25945 37666 1892 98446 78329 73747 24368 99201 52325 47049 49605 41478 44454 39747 57352 30766 60786 86944 64019 12020 43579 23712 7581 80675 22287 89993 77134 5602 99258 52682 4769 4805 32028 46468 54246 6202 60997 41198 91664 29832 13380 721 59649 87626 78523 65597 42434 96941 72683 52611 69954 49750 41069 40891 84570 13370 74894 59923 90175 34628 6727 45983 25631 12096 85135 67544 51437 64791 10556 47011 65520 43038 48311 90413 27752 1884 34701 66722 20363 12938 75010 37288 28165 95952 20524 11163 95538 15530 8876 80005 69896 97009 35773 75661 60941 12165 54421 77616 9722 58631 2081 17124 34736 32747 16498 27106 61188 8384 89387 986 7667 86070 92336 72768
27304 38019 66226 63261 71580 99131 72906 80766 92608 76291 20626 21172 63938 55188 57012 67761 36955 87764 87915 51189 8945 40637 35023 7313 34122 44596 41290 71598 76331 45960 44033 13943 13248 80364 91512 73846 71767 15597 49912 11429 70411 39858 81024 65456 30894 66827 39662 1346 25413 59660 76297 30821 94683 17910 84307 89308 30767 79710 7132 3199 34994 16626 73629 20871 20234 47966 44161 81763 7571 66215 65321 26153 9405 28292 74164 60891 89074 93896 55229 56517 45959 58919 28749 3896 87547 21487 89535 4087 33735 76498 68937 41659 69482 3588 57201 20678 16191 99067 36273 76129 64812 3285 99620 78251 86291 89174 10479 30763 41195 33444 62724 91955 56398 96098 14075 83262 75884 66368 90190 40311 43054 6498 8480 4565 35019 84412 47529 7355
26555 8818 24798 1769 7961 43059 33393 9860 18024 58234 88994 66543 1319 40740 96621 19508 87530 93526 14993 48708 42949 27745 58514 48928 77522 93867 14373 43748 55939 49841 50052 82991 477 35847 54555 80761 57478 47178 22705 64542 81626 59027 90453 3446 44541 13565 72063 54569 84663 37506 76512 50904 84264 99014 30573 54860 28736 41665 94912 18350 77696 85854 79788 22472 42750 10508 26043 49151 43000 328 30673 1268 32156 41617 55741 4722 15290 14579 18733 91314 49853 77354 89778 65827 56163 26261 74343 95867 59797 61558 75490 12455 9980 58471 84259 89061 95289 29708 99168 21839 70719 2054 15984 15006 22637 84068 31730 39490 26117 78604 78167 19247 2291 40723 82952 135 95695 74276 90451 89039 4053 97731 41944 19434 62232 61281 26305 35937
6160 22720 70410 43259 77156 4596 16834 37058 31013 39667 27105 11899 53281 98644 96059 81559 83943 80040 16982 22331 72301 59838 97982 31976 40857 27410 36801 31172 75280 79443 19828 21355 61815 30850 1111 75814 78910 444 23741 68605 82265 18667 83518 7368 53747 23577 60478 40872 54857 39838 18720 99858 31677 7841 25879 11545 80908 20576 90010 71450 1144 97497 81364 25733 41881 98908 59215 42055 57971 89336 76780 31242 6782 31078 80638 38375 91439 34280 21242 13266 24332 91248 67911 56261 92622 58341 21340 11207 37278 59536 53338 71060 1644 38013 14973 43846 26623 55895 21397 36960 52366 27780 52479 95832 38340 49542 69492 50270 83669 78707 56719 65347 85159 83154 53178 32848 80748 57517 32438 17280 50545 90125 61653 83803 3466 6284 18324 14268
90327 11578 18719 27901 13321 11867 43831 9588 26353 84106 73489 36128 5018 68223 8575 37250 43822 64146 816 70721 31546 44203 24508 51502 67059 93623 60064 917 92394 10569 64781 48855 69426 21881 81690 4046 14489 5283 25184 17485 12209 66801 29666 23449 84495 37675 94889 56322 73097 79746 8939 93465 49751 86673 40368 85761 45814 24761 85185 82572 56915 8116 82674 13086 42115 73313 41014 38102 99641 57198 43993 23199 9829 61304 1687 44311 99136 58115 75082 76347 43616 36304 26214 57394 80041 31159 14484 81588 54909 33284 82774 17049 89495 1687 98454 39946 48017 85728 53455 87595 8768 70446 72030 58599 30641 36583 77893 90324 69368 14525 29739 26979 24643 15925 78898 14696 66174 2558 81172 78091 74583 95878 68770 23574 60746 93628 69276 85499
14554 5197 52868 2313 52571 8422 66175 25718 35747 10277 40552 36075 48783 32092 84138 91732 64618 70620 61163 31187 63766 41871 70283 71289 12646 36162 96020 39314 1763 99067 87623 60988 49398 37071 229 75083 31199 46490 29954 46688 5225 57307 26954 35336 63320 56707 25475 72523 48190 89669 81392 9706 6185 97905 15415 5286 79133 84 3323 4296 47683 52601 67464 11880 65664 59649 17609 58588 72391 14808 14538 19229 38145 54325 40706 79269 10438 25772 98758 50605 45674 65512 72032 95229 12958 58900 17155 41220 80353 6728 69547 42741 31880 64069 8370 49732 9042 22276 11081 83676 92830 63401 64362 55934 42035 91477 85507 92176 17787 83517 43765 92523 25136 8067 7622 5309 93110 93707 99103 41292 12627 51572 23008 96884 45078 16449 2508 86474
17322 36743 77259 33503 20390 36350 10093 11600 5115 62210 23527 16720 82429 92215 42985 96803 72921 85382 36649 75163 40614 48222 91995 98804 98157 15780 21782 5520 38966 93305 67753 83291 57125 56209 44877 401 64078 11772 2104 9478 60137 77936 87167 31677 41835 60524 78613 38324 91446 86654 36508 21988 37486 20675 34943 2445 59691 45103 89360 63483 55403 89989 62329 44021 31298 64010 9658 5144 43015 37938 50910 93723 39390 32962 37683 75701 87966 16466 95248 47400 64574 2181 40043 82821 61208 83928 50486 59897 13339 36443 46894 35199 73605 48648 22346 15871 13121 51159 47109 38019 41648 92696 98117 41183 58135 78577 41111 62167 68653 41294 70357 70625 40741 45091 47597 18122 95756 51504 76895 38535 64830 8608 40 85151 93622 12842 91166 99009
98475 19673 28713 46045 57829 530 29784 88303 92765 50406 23417 98770 92343 42260 17661 83429 90992 69464 86934 67608 5609 16474 94121 50586 62434 68929 74478 53657 51009 5932 52583 14233 51316 59203 91648 30589 30183 85741 54991 42351 95673 92736 64598 93440 86844 18329 72438 87928 11907 92592 54364 5566 86054 94727 11199 73016 24522 58661 51608 5613 34842 41642 85983 33937 85316 82430 78653 67750 61002 40019 2466 22191 15114 51551 56435 83535 2993 33311 94822 65493 53464 9381 86478 77784 37817 55143 66481 7427 40331 9124 12432 46054 54453 35874 21885 10367 640 89706 17019 22068 24843 29918 46314 30028 95362 88950 75342 42050 98280 21465 46146 94244 7048 87780 23356 22039 44865 21222 57186 64851 52450 88774 48607 25392 34830 1723 74121 866
74988 57741 42255 9249 61908 2523 65504 89886 61290 11284 15002 75773 78325 17359 47402 92273 42341 31584 85507 58774 71764 90830 63907 47767 17058 37688 72886 81482 57559 55667 32317 80548 43194 47079 8623 51079 12423 53926 84609 202 68590 11809 98799 81730 62422 8164 78971 33359 85136 77834 92488 61740 66388 88203 30643 39197 67316 89216 83974 14280 8246 81398 91893 6981 76758 61724 65520 7002 43207 92436 48459 76244 3366 43089 24289 94795 20448 41752 44640 63085 93336 50355 17376 18895 82141 19325 44561 81130 75159 66356 86491 26161 70849 16302 5559 5387 9428 14352 46328 52034 11255 58198 98489 88168 68125 45680 39867 63233 94545 39780 10070 8589 69913 77317 67215 98912 48609 73488 12730 9548 81747 21920 42582 9744 7482 2004 5868 98446
81371 94561 10354 49825 27905 77642 71930 42372 77847 71856 51877 44639 89628 82286 68252 29962 67061 89102 69725 65963 66076 97272 25002 56768 62836 49060 68634 5230 12481 17538 60371 14336 89106 37981 99957 34526 68235 56347 17953 89032 62367 96462 12133 87705 31929 5463 75065 15494 93480 54646 17334 33626 49279 71910 60855 89119 99832 69426 93289 38383 59960 77167 26786 56647 18162 25044 71213 83139 33140 71302 88980 12802 14681 48235 79511 61101 85634 35304 27671 86603 32664 56962 6148 19060 22784 27803 73341 79178 13004 42002 50618 1693 99416 72241 30329 39568 82389 51096 77028 37883 536 48735 97577 2362 10370 46585 70658 25836 8641 14254 75804 4431 92849 51569 44265 76835 4575 65610 81018 144 6720 20522 78074 50079 41950 77576 14014 97133
77891 54096 45919 84317 6540 88528 21713 75062 13277 59940 66721 65254 41328 55704 66994 1284 22786 42339 8055 68983 29277 99640 37275 38641 30214 43526 79265 58897 69317 40407 17716 98992 79826 45705 62603 49769 76607 52411 4706 86249 53538 22895 75862 564 17243 27313 42644 6227 30401 69387 20588 53775 98484 56427 17654 8398 61430 11414 44903 71359 22020 46916 35231 72719 1825 89550 15575 208 71166 62498 69713 66040 94181 8676 75763 46174 7923 22730 24434 37753 71209 61148 39563 71813 63451 68477 34659 64173 35626 66942 88227 31738 42122 63274 10917 65930 99936 48145 59100 74565 74993 3581 52169 71966 89306 34187 22390 65279 23996 63117 6408 81961 94407 15690 56465 10145 61093 63503 18352 9226 65141 73248 58188 53062 73618 18293 85219 49714
71276 15272 60335 86892 53883 43263 30797 75772 44922 2920 2368 55071 17185 63142 42757 94290 27349 65143 73586 54108 39417 59901 17172 12025 99440 4538 68849 58770 30568 61434 82987 98527 13554 3621 43035 50172 39010 86558 93800 84385 77915 38437 77771 9422 32740 20312 41066 94598 78771 36789 12793 33183 13456 69363 17898 52563 47897 77370 12159 75549 93968 1469 86276 7081 445 83669 36133 79761 41714 82103 24278 14733 81931 12613 56280 85330 28601 45842 53572 82253 63088 35091 97980 78375 93012 46823 18694 18960 98447 42956 90834 37227 223 31651 83190 91700 63887 84452 98504 65801 42747 41251 12550 48806 87493 21449 31692 79323 88694 65106 74528 34769 77839 88336 80914 40362 41474 88422 79901 92557 80935 29260 13258 70413 1435 93086 73800 18347
67374 80836 30017 96029 29942 27693 48570 49513 60351 52255 91703 58626 52590 62659 47857 87469 45968 25072 16505 91848 16042 12843 91102 82375 74013 85670 99670 85463 93695 57026 95831 81507 99868 72329 65264 43783 27536 32025 28885 42838 2229 95009 72682 99292 63883 35804 3757 20863 84264 92235 21590 53554 96360 21033 19316 48519 90745 56159 4131 27919 27556 37036 13327 11224 23283 16422 19135 89031 97192 25679 60417 99536 5477 71653 71218 98095 17872 43031 23525 95272 61823 94306 25823 53446 39786 76831 12618 60581 29964 54023 83396 74541 28768 49201 70663 92387 53984 25825 9294 68987 15928 68097 76924 84129 92707 60204 53419 59741 3007 98034 70045 41491 4629 3694 62895 9841 5554 14883 83283 49146 40801 96994 20911 23811 35902 22427 95595 41969
63539 19038 22502 65543 73969 11380 18261 55463 95139 10081 50580 8296 86273 93321 19774 74147 67588 8561 47535 28159 64136 27725 82871 29826 43691 57353 86160 44640 15012 4053 45545 40838 9670 24161 51059 26781 92617 66801 50177 63347 12319 79124 99121 7206 76299 52999 71016 99728 345 88539 3513 11847 53664 2994 37551 94956 96769 48668 5596 47942 97995 45829 48234 62034 5074 68413 70887 5515 70032 36983 63622 16617 3684 23718 53763 88849 72893 4645 18215 98882 57197 35175 45883 24606 74731 75250 35929 90227 22920 44789 53845 39088 91720 47030 52317 68118 40444 46960 12989 1939 79035 6627 97945 89787 18815 99112 62947 20762 12538 42317 97955 16520 64091 35773 13030 31149 54251 25295 82585 88128 49686 55889 21882 15928 11282 26485 27809 38138
46037 15276 9664 44460 93160 25387 3113 46911 53336 59955 26942 51064 25940 55656 60408 71719 66024 39822 50230 38857 20884 47666 75008 19487 88957 84350 83182 99952 51362 50608 35112 41917 3464 58614 15565 19705 61727 35010 99467 75765 49602 7571 77997 17179 83720 47028 82393 11521 25085 30685 62291 5517 41867 12527 79885 74324 95511 52295 71739 6996 88488 22795 30757 65083 36246 66032 59187 54657 96683 54930 84688 30301 18418 40775 12191 93540 38076 16513 45965 76189 56536 67093 38347 76355 41834 65463 85655 77668 63347 91391 22908 70277 72737 27294 18559 71016 13666 29763 57626 7497 4316 8971 18479 87369 90509 37376 77719 89907 78636 50557 44367 99064 18933 45560 72476 9603 9929 38430 78316 42841 85543 32494 81030 98296 59753 10424 29444 3702
3217 72731 64745 58365 9826 88977 95146 74781 43189 49365 22919 58637 98321 14070 23931 58191 12461 31097 66728 70122 1325 5946 67763 22270 98963 26154 53384 11025 20429 32252 56332 33010 97564 17573 44889 85844 97370 27786 83990 36128 33166 91430 49703 9512 74097 47618 83716 98798 40769 40472 38427 88497 16185 49810 13436 52060 20718 20685 25366 13541 67355 18862 7902 78855 13668 19141 99994 92315 37338 90839 55535 53099 42602 26338 1761 14740 8184 68707 68061 31115 59088 23563 31330 39184 33016 71975 56602 7811 15344 49626 66321 23407 11175 27907 35487 52337 53866 7552 77930 44691 92983 27320 36616 1911 67801 48301 63590 69222 99122 80578 50781 99940 70069 72492 1904 86582 5190 68503 14458 16925 54433 19541 11473 72954 46795 49597 52749 27252
55747 93119 28423 47860 27096 80329 3535 84245 3689 53008 20562 95839 89691 19297 14630 80177 7234 42889 43497 38278 24530 9182 48137 46074 59931 63365 38258 43829 83398 91307 85716 53826 61639 99118 61850 47811 67956 27294 47836 65146 43146 64802 28009 31996 16295 2749 21388 4814 62710 38932 15638 1820 95775 84182 54316 94423 66171 93161 55174 1853 11237 62257 83284 8108 61809 42140 70223 38892 116 84560 39477 64198 15740 10283 54904 47166 16352 20194 60318 65089 63216 63169 10823 96952 84172 86122 12707 50033 99197 1108 85438 29906 38198 18710 28982 25786 11165 95782 13517 15639 1487 48691 18125 34268 48421 82053 59997 57015 12857 59415 88041 69339 18199 55417 68317 55414 17229 71776 66089 27458 28341 2672 84996 82015 67973 49908 8605 70635
411 68047 90793 22220 75538 45054 62258 5708 37562 23980 55616 22921 32078 70767 40989 2491 28236 86916 27777 78302 23341 57177 97808 78915 10571 34267 80920 9641 84336 76307 48921 43897 76634 16808 16151 94998 61883 69558 71446 13446 64543 78463 94235 35424 58925 36540 89283 90686 2554 63883 70900 62883 29947 71235 97151 46763 4773 6787 23358 83303 19288 29244 40651 42790 91854 65990 35881 63208 95867 17483 27029 2960 60705 44282 58869 26960 15320 7258 22296 68847 28843 22745 9286 61673 67457 56624 3132 17568 27604 69506 18014 20670 50339 31412 17335 46646 78620 90572 31852 80769 41400 97316 54019 36501 99307 78192 89949 94849 33064 73020 91716 7273 85007 17795 26475 60070 16096 12859 16767 73103 43502 4187 90668 38209 61381 74726 82197 52489
11283 369 48249 77569 38953 37454 99816 51803 32624 19336 76274 27649 77098 80930 23698 31747 71308 67250 63147 57788 77053 66120 99485 94219 59214 85164 11212 10910 40098 9042 5087 46282 61005 26914 29578 88710 91535 49635 25411 27648 36196 83931 65720 58121 5939 44225 72565 63702 74848 19563 49962 8249 95912 40351 50569 68216 5032 86102 73167 46484 17306 59903 69111 53653 31426 56644 63785 59600 29938 52752 48694 35174 11087 1646 94123 13526 33303 59601 65272 73999 65093 23966 17620 15012 8997 5869 55853 28073 77687 81940 65334 13623 54229 81587 43482 12725 22551 92661 30639 79575 76432 83488 88203 43324 2020 52677 59255 39361 94719 52373 63719 40385 72574 2256 79874 5669 5554 10555 7896 8962 57102 28480 74546 97190 85696 95920 46609 20759
10225 73588 35615 56777 93513 76992 34637 95104 17953 56236 58916 52808 24758 20020 88097 56237 622 59236 7447 94090 75302 18206 83834 55816 53495 41247 69987 8092 4615 66135 64673 38774 71123 65570 83831 60057 15641 65383 49409 37915 28459 4434 92611 71360 59892 11546 55999 48955 78254 38122 32232 636 93108 38619 11495 19587 85415 93758 74676 50932 54771 21362 29222 24453 13533 22145 56011 43136 80485 18616 97636 71364 27458 54342 99032 16268 13916 10414 42740 46435 17197 32254 21921 55414 2102 83411 32172 51651 49975 11980 86668 9133 22694 85041 31058 73319 57074 16907 7483 46332 95907 56881 96043 39712 81745 34840 32670 61868 92966 56845 67340 87016 51168 22067 32474 1686 74358 86176 24029 45976 94505 42850 9105 98387 13612 48779 51199 60206
32969 86177 26243 93236 50193 27570 39842 68995 25725 60341 66833 90689 31568 84295 42208 42250 79808 90921 37952 29479 20218 16722 75565 46958 34432 89386 74982 45193 7706 14686 31362 82411 1177 52057 76505 12377 78684 17825 57582 204 54649 29349 8094 844 54190 89710 74104 70401 4757 53135 53824 79566 50247 24614 7127 18236 35237 5825 27422 47603 24994 55401 43749 28599 75184 54685 3000 61098 47331 15934 23359 96853 34600 80625 63853 80152 91404 26485 80439 54084 61875 83460 31300 66057 77251 5134 4773 54928 56179 20305 44587 93803 55204 15199 61594 64464 44390 14807 46063 16397 905 30340 93908 28946 57716 16901 43231 1133 87799 57454 91479 56287 16958 39461 61193 16345 22398 93543 43628 91300 96479 6240 53320 39863 18384 70087 49822 45317
94885 49128 54598 35140 53927 23319 82378 97553 14852 20236 11131 79561 26233 91180 83884 90671 35878 69774 3186 55598 35153 49639 43245 94380 38760 45475 94017 43870 43133 18350 55194 67508 94961 48198 80848 38047 12212 83130 37176 74338 96948 1397 91696 83148 19557 90965 5151 29858 84339 66889 37763 29199 82762 21467 15820 11439 16121 46421 84777 95175 39420 65561 20071 22292 73282 85595 57736 87631 31185 61440 52176 48208 1662 68938 37643 86 62775 54390 88335 84764 64439 98667 78451 21508 37276 192 50863 62462 82209 19150 7517 17027 64207 82175 90514 88755 8883 14780 54066 39434 46083 79969 26228 80799 48968 33929 75539 18361 30700 48385 43238 57027 82001 89728 58596 60230 26179 24402 69846 95728 54185 82797 1791 69960 96252 18272 288 25445
32844 6880 2287 13650 45386 17845 67890 89442 62920 44002 680 66051 38350 33756 23911 11224 96749 38943 8756 68090 67472 22263 43257 84050 48064 10488 47361 29500 30373 28977 70378 19852 17458 52554 87794 34619 52006 87921 60392 78221 50668 65075 44358 41224 75819 97770 26432 60858 68824 21684 54030 13888 52026 22544 45185 46379 23035 81508 19243 35927 60790 59844 34756 11377 24221 52154 43166 28507 66242 11348 91642 83526 59280 25098 25879 13245 63673 80050 77350 18989 85354 65287 76275 23727 51277 89264 13400 61019 29050 10408 39345 48144 5420 71197 62578 10968 93751 95669 44462 55619 79631 26028 5594 71475 12286 90720 77813 9369 52538 18106 85140 26847 52144 44904 43498 40102 77238 69037 12961 14528 16595 23917 15882 80006 81175 93673 16237 44298
89128 96809 43070 95256 11676 4145 69631 6415 10282 3683 81910 16108 6950 69069 40623 75942 55053 70190 10615 28813 52610 83058 27248 20036 26857 54148 15256 62692 36243 67293 81124 23839 80882 24820 776 38323 69851 54284 4288 76644 146 34419 38202 28399 52932 85762 97457 65474 95544 64199 45500 73819 23100 28437 6011 40768 63438 50819 17333 39415 52617 45663 75999 52531 45167 45070 53736 30857 1880 50996 35458 53573 15077 31119 33795 31040 68960 94117 93400 41587 23663 75987 40791 37311 7773 85891 47425 21940 40348 13276 54423 60984 65134 18900 13336 65597 85222 44170 64498 98401 85734 54705 45175 15377 59510 64230 88093 66476 8294 9153 99076 87312 59819 9823 61769 42562 16166 76817 63231 97970 89374 50989 57208 55746 75142 18599 89763 39306
33752 54339 25919 40206 27914 6861 84746 30599 5994 79520 88430 45542 75755 31673 87736 73610 63208 18164 25040 64645 74466 208 11589 79255 33156 43682 66016 89876 53307 29307 56229 58684 42762 48870 1414 54563 11380 32779 14749 23332 76587 56433 20261 15049 82749 59487 62252 93945 88266 76191 66736 12463 21033 44178 97311 66766 52367 41830 56020 37919 28399 45267 73775 77808 37816 55984 85742 79225 87327 65814 51313 93723 21621 66515 27952 47815 17169 97265 62394 53288 67956 99080 98962 68137 72486 31760 34949 92004 67805 53689 49797 43253 18263 8784 25454 99228 65884 40480 44541 69470 71115 31461 36593 54669 26894 68946 89729 24664 66983 45175 86453 20876 40181 36191 57663 838 67992 57814 12759 98713 37344 26800 54946 37664 3758 14407 60592 98592
2204 76490 59310 17955 96355 25891 36796 46362 60369 93257 37326 792 53319 35472 39793 39140 41887 79242 25145 94440 69022 64623 28531 86674 24921 76164 4557 8191 36557 71960 22753 99649 51938 88387 74574 51966 95989 38623 94990 21953 29535 77739 11612 19814 25149 94356 46059 85260 27304 45739 58477 72462 43108 72762 8618 66900 14044 86724 66246 60048 83372 53860 47864 45954 92818 91901 89098 59787 41917 18218 61445 95643 40603 7667 46413 58477 2212 6041 33684 22642 51107 10236 13892 10063 74850 59166 2704 19531 91530 63598 8772 94619 25641 63628 71658 62322 3509 71854 34370 28729 23347 41828 65318 30377 55879 39040 4660 10548 58444 3795 90917 68262 19472 856 32602 97251 77601 59915 35235 29291 1807 30637 50220 79059 80946 8950 55694 49669
42871 96423 93547 25263 37815 93548 22939 49838 71988 31609 4717 35983 86592 8364 27768 2034 83521 30557 30548 52759 72622 78590 76365 42572 64011 93911 18836 43186 69815 39279 45462 77405 16136 34693 25010 37144 16638 65631 84519 59620 89973 61179 69926 77911 53250 94911 22831 26667 83160 96499 57947 1495 99668 91895 23756 36732 67755 15873 40750 62507 24296 10675 98494 30020 46557 70105 25128 53591 98247 69186 22284 14247 74580 9691 44607 41588 15064 91121 15948 95254 53781 82499 66006 82062 86144 7818 5987 32265 46509 98425 83696 84740 34940 81597 67938 88615 19916 90832 31945 72595 13056 2885 75158 89054 52042 45420 19780 11163 4634 8906 49178 2449 35819 36489 21793 29782 53245 2163 47731 94397 16000 18743 10260 16647 42430 88471 53025 44251
10852 12317 3 83050 21614 42006 26429 99547 92227 73868 9810 26797 61751 49137 87297 13256 44766 97872 66016 65049 63112 19725 48556 42108 77182 97321 45709 42814 81800 17448 19694 2200 37809 99435 50665 59962 86352 19476 5434 2629 53442 9008 84057 63477 96516 62046 92344 30856 33675 9951 23786 13643 2566 70685 97085 41323 37594 52427 49900 27264 66670 11419 7301 75383 61246 61498 51679 17575 65979 92974 60809 28303 71070 25571 10682 15577 36356 57660 1967 25060 42029 70142 75720 80057 37678 4305 68286 64160 3474 4501 93973 73982 20868 84063 65521 40337 71221 39414 67347 81140 83720 65667 23739 54876 63793 62241 34375 57486 2735 24354 45799 91297 24936 7347 92128 47596 99836 92862 80243 13272 56094 61341 59502 45132 18514 45614 23603 46689
50850 74522 30286 47389 97434 56915 82218 67074 52834 45827 86840 44385 35539 76090 22371 10879 12954 76230 88522 65171 32865 2572 84038 95612 6165 52316 80974 24958 60928 57424 19272 85765 94614 95849 98896 47430 25826 18054 73916 691 12056 41742 8968 48040 31887 17619 7328 59529 36624 86808 52986 72607 85237 99252 28419 44360 65100 65251 72349 84912 32305 31932 37660 34605 54660 61982 57966 54429 37260 51681 5678 87799 21643 98568 45161 33912 50741 46015 86841 75725 263 98435 71551 81968 38246 34507 82628 32142 42722 42431 11905 56853 44627 99874 66349 86293 70428 90106 60476 18774 49195 84995 42108 7610 56938 59100 4677 32051 47823 26930 96397 43301 62368 70575 36027 70861 77088 10544 38526 19387 83288 62258 18199 35826 62280 69145 37953 54552
82604 37965 64747 72039 15328 77322 10478 56615 89083 10826 48870 81471 76498 56122 55079 46532 41324 66727 90161 45024 77159 49206 90350 14070 78338 175 8761 94565 58546 44565 86384 50826 9411 92273 6466 69445 89138 59268 18500 8949 54745 65668 7083 54097 58772 37245 77909 97347 2465 20420 74807 55507 63227 37373 34662 41738 5678 91573 73919 48451 95360 92350 66543 55481 85889 44824 547 20050 4299 82121 36872 43245 63461 61649 57968 88168 68035 2369 31234 90669 51172 42737 23027 64380 15230 54788 40767 68499 58068 84191 83528 70768 63404 93681 57033 7316 15402 42086 32776 20817 20029 3949 54474 77365 63989 82726 7210 1407 13839 58783 8441 88842 62724 20949 92391 53019 52316 35654 39385 2238 81558 75108 54600 19093 48201 11255 41198 94728
84150 68041 3028 13517 13143 34091 36966 2892 45365 29050 34280 21030 94163 1358 72432 28161 96686 17488 94809 28009 70847 59693 6232 62880 28688 96401 88439 89026 4901 94772 43965 73717 76523 12478 86814 27403 84611 26541 29508 53101 35138 59389 52312 48368 62267 55566 82995 16637 83208 21350 11014 32316 93474 73773 1948 93109 86967 17348 27527 32576 19807 55992 65888 86745 98238 90267 18950 65564 20719 61076 42139 79933 88689 87447 42661 68276 12805 22919 87344 37789 26567 42839 13827 13971 46883 25084 55029 13682 74290 96915 10296 82060 75150 44390 69728 43513 75865 76671 76607 87335 59649 92437 8641 96802 9618 29628 81608 74372 34295 54261 10649 7601 70451 97896 24752 59256 23111 68467 41990 23734 74624 47925 78478 63418 58788 13241 15760 20423
53174 57163 2254 37843 90661 47409 939 98443 12569 18151 43068 96232 42526 7252 21639 83429 56955 98014 46821 63985 13636 42952 83203 74961 50285 83913 94940 44744 30280 5776 27391 66716 53286 5843 63764 82277 51874 14816 26918 39986 83345 5946 88688 27369 60540 12628 94037 95437 47853 75162 77595 30361 59018 68340 22776 61198 12735 20930 4236 84722 7875 79372 94733 47687 22251 72213 97904 88899 36604 89079 35564 684 96144 19272 80761 19147 52686 91528 51599 88229 57886 81925 2148 34410 39334 72094 89108 50501 21039 65711 50556 49552 57811 18052 14793 67425 80486 13648 57409 89901 35390 10546 68351 7952 30686 82194 96994 56512 15103 6649 87708 15833 32043 60018 18408 38561 99061 98546 60435 65647 80672 54953 41954 50173 23441 87880 71284 58771
71598 65903 24190 41978 47728 8735 90186 75986 306 71064 93015 90107 78790 91511 12370 11319 52132 31759 17887 34356 70407 61867 13671 58142 87660 48490 33227 32865 41355 90625 27832 66445 93658 89635 72759 56586 6141 74637 79465 32636 18317 193 68624 83317 27940 93098 52970 10245 10857 73928 78893 38636 29155 63653 25243 80063 26012 27776 90164 19716 3267 33641 25654 2811 19615 18959 35427 53147 98803 31850 55833 49954 20468 51416 75690 52618 84639 65547 87405 24161 52189 16878 34508 28063 82928 32238 95877 87708 21552 5241 6948 66150 42695 91481 48834 63496 85446 72059 15739 96820 67857 3387 62114 32972 34701 66265 73206 60657 45601 61363 28634 53118 50014 52953 92030 50998 31618 9784 31481 31732 44812 73309 12302 50181 65686 73475 12892 5104
887111 707437 752603 309913 1184452 1282728 566008 217458 585527 1458297 284787 413364 277320 224019 753587 1433790 1293285 1056862 605807 449766 469332 18332 799491 545450 1065305 604524 549420 2133 156523 292682 495601 361399 829417 452704 1027993 230063 5073 480447 682636 46468 154234 295043 908211 1313883 321673 443393 910024 445938 831598 1138338 37728 1284777 947057 600360 315150 559437 412315 1492085 1106520 1614313 773320 1390241 1639336 671166 716601 268897 430259 426684 1241486 119238 99475 333524 1032759 568587 1496533 631985 1002449 1060253 82844 1625974 215353 88859 1006744 1011473 309317 1203482 1382955 1292269 938983 1049416 1248793 1094273 381887 97125 675353 616193 1101570 1064187 162639 102225 544410 1063209 523718 73414 532737 474434 944742 363616 202481 484457 1372966 988264 536107 1116402 1022404 190729 1101389 261013 277995 847667 593259 482725 359272 1116806 151686 756120 31411 902955
