64
0 1 0 1 1 1 1 1 1 1 1 1 1 1 1 1 1 1 1 0 1 1 1 1 1 1 1 1 1 1 1 1 1 1 0 1 1 1 1 1 1 1 0 1 1 1 1 1 1 1 1 1 1 1 1 1 1 1 1 1 1 1 1 1
1 0 1 1 1 1 1 1 1 0 1 1 1 1 1 1 0 1 1 1 1 1 1 1 1 0 1 1 1 1 1 1 1 1 1 1 1 1 1 1 1 1 0 1 1 0 1 1 1 1 1 1 1 1 1 1 1 1 1 1 1 1 1 1
0 1 0 1 1 1 1 1 1 1 1 1 1 0 1 1 1 1 0 1 1 1 1 1 0 1 1 1 1 1 1 1 1 1 1 0 1 1 1 1 1 1 1 1 1 1 1 1 0 1 1 1 1 1 1 1 1 1 1 1 1 1 1 0
1 1 1 0 1 1 1 1 1 1 1 1 1 1 1 1 1 1 1 1 1 1 1 1 1 1 1 1 1 1 1 1 1 1 0 0 1 1 1 1 1 1 1 1 1 1 1 1 0 1 1 1 1 1 1 1 1 1 1 1 1 1 1 1
1 1 1 1 0 1 1 1 1 1 1 1 0 1 1 1 1 1 1 1 1 0 1 1 1 1 1 1 1 1 1 1 1 1 1 1 1 1 1 1 1 1 1 1 1 1 0 1 1 1 1 1 1 1 1 1 1 0 1 1 1 1 1 1
1 1 1 1 1 0 1 1 1 1 1 1 1 1 1 1 1 1 1 1 1 1 1 1 1 1 1 1 1 1 0 1 1 1 1 1 1 1 1 1 1 1 1 1 1 1 1 1 1 1 1 1 1 1 1 1 1 1 1 1 1 1 1 1
1 1 1 1 1 1 0 0 1 1 0 1 1 1 1 1 1 1 1 1 1 1 1 1 1 1 1 1 1 1 1 1 1 1 1 1 1 1 1 1 1 1 1 1 1 1 1 1 1 1 1 1 1 1 0 1 1 1 1 1 1 1 1 0
1 1 1 1 1 1 0 0 1 1 1 1 1 1 1 1 1 1 1 1 1 1 0 1 1 1 1 0 1 0 1 1 1 1 1 1 1 1 1 0 1 1 1 1 1 1 1 1 1 1 1 1 1 1 1 1 1 1 1 1 1 1 1 1
1 1 1 1 1 1 1 1 0 1 1 1 1 1 1 1 1 1 1 1 1 1 1 1 0 1 1 1 1 1 1 1 1 1 1 1 1 1 1 1 1 1 1 1 1 1 1 1 1 1 1 1 1 1 1 1 1 1 1 1 1 1 1 1
1 0 1 1 1 1 1 1 1 0 1 1 1 1 1 1 1 1 1 1 1 1 1 1 1 1 1 1 1 1 1 1 1 1 1 1 1 1 1 1 1 1 1 1 1 1 1 1 1 1 1 1 1 1 1 1 1 1 1 1 1 1 1 1
1 1 1 1 1 1 0 1 1 1 0 1 1 1 1 1 1 1 1 0 1 0 1 1 0 1 1 1 1 1 1 1 1 1 1 1 1 1 0 1 1 1 1 1 1 1 1 1 1 1 1 0 1 1 1 1 1 0 1 1 1 0 0 1
1 1 1 1 1 1 1 1 1 1 1 0 1 1 1 1 1 1 0 1 1 1 1 1 1 1 1 1 1 1 1 1 1 1 1 1 1 1 1 1 1 1 0 1 1 1 1 1 1 1 1 1 1 1 1 1 1 1 1 1 1 1 1 1
1 1 1 1 0 1 1 1 1 1 1 1 0 1 1 0 1 1 1 1 1 1 1 1 1 1 1 1 1 1 1 1 1 1 1 1 0 1 1 1 1 1 1 1 1 1 1 1 1 1 1 1 1 1 1 1 1 1 1 0 1 1 0 1
1 1 0 1 1 1 1 1 1 1 1 1 1 0 1 1 1 1 1 1 1 1 1 1 1 1 1 1 1 1 1 1 1 1 1 1 1 1 1 1 1 1 1 1 1 1 1 1 1 1 1 1 1 1 1 1 1 1 1 1 1 1 1 1
1 1 1 1 1 1 1 1 1 1 1 1 1 1 0 1 1 1 1 1 1 1 1 1 1 1 1 1 1 1 1 1 1 1 0 1 1 1 1 1 1 1 1 1 1 1 1 1 1 1 1 1 1 1 1 1 1 1 1 1 1 1 1 1
1 1 1 1 1 1 1 1 1 1 1 1 0 1 1 0 1 1 1 0 1 1 1 1 1 1 1 1 1 1 1 1 1 1 1 1 0 1 1 1 1 1 1 1 1 1 1 1 1 1 1 1 1 1 1 1 1 1 1 1 1 1 1 1
1 0 1 1 1 1 1 1 1 1 1 1 1 1 1 1 0 1 1 1 1 1 1 1 1 1 1 1 1 1 1 1 0 1 1 0 1 1 1 1 1 1 1 1 1 1 1 1 1 1 1 1 1 1 0 1 1 1 1 1 1 1 1 1
1 1 1 1 1 1 1 1 1 1 1 1 1 1 1 1 1 0 1 1 1 1 1 1 1 1 1 1 1 1 1 1 1 0 1 1 1 1 1 1 1 0 1 1 1 1 0 1 0 1 1 0 1 1 1 0 1 1 1 1 1 1 1 1
1 1 0 1 1 1 1 1 1 1 1 0 1 1 1 1 1 1 0 0 1 1 1 1 1 0 1 1 1 1 1 1 1 1 1 1 1 1 1 1 0 1 1 1 1 1 1 1 1 1 1 1 1 1 1 1 1 1 1 1 1 1 1 1
0 1 1 1 1 1 1 1 1 1 0 1 1 1 1 0 1 1 0 0 1 1 1 1 1 1 1 1 1 1 1 1 1 1 1 1 1 1 1 1 1 1 1 1 1 1 1 1 1 1 1 1 1 1 1 1 1 1 1 1 1 1 1 1
1 1 1 1 1 1 1 1 1 1 1 1 1 1 1 1 1 1 1 1 0 1 1 1 1 1 1 1 1 1 1 1 1 1 1 0 1 1 1 1 1 1 1 1 1 1 1 1 1 1 0 1 1 1 1 1 1 1 1 1 1 1 1 1
1 1 1 1 0 1 1 1 1 1 0 1 1 1 1 1 1 1 1 1 1 0 1 1 0 1 1 1 1 1 1 1 1 1 1 1 1 1 1 1 1 1 1 1 1 1 1 1 1 1 1 1 1 1 1 1 1 1 1 1 1 1 1 0
1 1 1 1 1 1 1 0 1 1 1 1 1 1 1 1 1 1 1 1 1 1 0 1 1 1 1 1 1 0 1 1 1 1 1 1 1 1 1 1 1 1 0 1 1 1 1 1 1 1 1 1 1 1 1 0 1 1 1 1 1 1 1 1
1 1 1 1 1 1 1 1 1 1 1 1 1 1 1 1 1 1 1 1 1 1 1 0 1 1 1 1 1 1 1 1 1 1 1 1 0 0 1 1 1 1 1 1 1 1 1 1 1 1 1 1 1 1 1 1 0 1 1 1 1 1 1 1
1 1 0 1 1 1 1 1 0 1 0 1 1 1 1 1 1 1 1 1 1 0 1 1 0 1 1 1 1 1 1 1 1 1 1 1 1 1 1 1 1 1 1 1 1 0 1 0 1 1 1 1 1 1 1 1 1 1 1 1 1 1 1 1
1 0 1 1 1 1 1 1 1 1 1 1 1 1 1 1 1 1 0 1 1 1 1 1 1 0 1 1 1 1 1 1 1 1 1 1 1 1 1 1 1 1 1 1 1 1 1 0 1 1 1 1 1 1 1 0 1 1 1 1 1 0 1 1
1 1 1 1 1 1 1 1 1 1 1 1 1 1 1 1 1 1 1 1 1 1 1 1 1 1 0 1 1 1 1 1 1 1 1 1 1 1 1 1 1 1 1 1 1 0 1 1 1 1 1 1 1 1 1 1 1 1 1 0 1 1 1 1
1 1 1 1 1 1 1 0 1 1 1 1 1 1 1 1 1 1 1 1 1 1 1 1 1 1 1 0 1 1 1 1 1 0 1 1 1 1 1 1 1 1 1 1 1 1 1 1 1 1 1 1 1 1 1 1 1 1 1 1 1 1 1 0
1 1 1 1 1 1 1 1 1 1 1 1 1 1 1 1 1 1 1 1 1 1 1 1 1 1 1 1 0 1 1 1 1 1 1 1 1 1 1 1 1 1 1 1 1 1 1 1 1 1 1 1 1 1 1 1 1 1 1 1 1 1 1 1
1 1 1 1 1 1 1 0 1 1 1 1 1 1 1 1 1 1 1 1 1 1 0 1 1 1 1 1 1 0 1 1 0 1 1 1 1 1 1 1 1 1 1 1 1 1 1 1 1 1 1 1 1 0 1 1 1 1 1 1 1 1 1 1
1 1 1 1 1 0 1 1 1 1 1 1 1 1 1 1 1 1 1 1 1 1 1 1 1 1 1 1 1 1 0 1 1 1 1 1 1 1 1 1 0 1 1 1 1 0 1 1 0 1 1 1 1 1 1 1 1 0 1 1 1 1 1 1
1 1 1 1 1 1 1 1 1 1 1 1 1 1 1 1 1 1 1 1 1 1 1 1 1 1 1 1 1 1 1 0 1 1 1 1 1 1 1 1 1 1 1 1 1 1 1 1 1 1 1 1 1 1 1 1 1 1 1 1 1 1 1 1
1 1 1 1 1 1 1 1 1 1 1 1 1 1 1 1 0 1 1 1 1 1 1 1 1 1 1 1 1 0 1 1 0 1 1 1 1 1 1 1 1 1 1 1 0 1 1 1 1 1 1 1 1 1 1 1 1 1 1 1 1 1 1 1
1 1 1 1 1 1 1 1 1 1 1 1 1 1 1 1 1 0 1 1 1 1 1 1 1 1 1 0 1 1 1 1 1 0 1 1 1 1 1 1 1 1 1 0 1 1 1 1 1 1 1 1 1 1 1 1 1 1 1 1 1 1 1 1
0 1 1 0 1 1 1 1 1 1 1 1 1 1 0 1 1 1 1 1 1 1 1 1 1 1 1 1 1 1 1 1 1 1 0 1 1 1 1 1 1 1 1 1 1 1 1 1 1 1 1 1 1 1 1 1 1 1 1 1 1 1 1 1
1 1 0 0 1 1 1 1 1 1 1 1 1 1 1 1 0 1 1 1 0 1 1 1 1 1 1 1 1 1 1 1 1 1 1 0 1 1 1 1 1 1 1 1 1 1 1 1 1 1 1 1 1 1 1 1 1 1 1 1 1 1 1 0
1 1 1 1 1 1 1 1 1 1 1 1 0 1 1 0 1 1 1 1 1 1 1 0 1 1 1 1 1 1 1 1 1 1 1 1 0 1 1 1 1 1 1 1 1 1 1 1 1 1 1 1 1 1 1 0 1 0 1 1 1 1 1 0
1 1 1 1 1 1 1 1 1 1 1 1 1 1 1 1 1 1 1 1 1 1 1 0 1 1 1 1 1 1 1 1 1 1 1 1 1 0 1 1 1 1 0 1 1 1 1 1 1 1 1 1 1 1 1 1 1 1 1 1 1 1 1 1
1 1 1 1 1 1 1 1 1 1 0 1 1 1 1 1 1 1 1 1 1 1 1 1 1 1 1 1 1 1 1 1 1 1 1 1 1 1 0 1 1 1 1 1 1 1 1 1 1 1 1 1 1 1 1 1 1 1 1 1 1 1 1 1
1 1 1 1 1 1 1 0 1 1 1 1 1 1 1 1 1 1 1 1 1 1 1 1 1 1 1 1 1 1 1 1 1 1 1 1 1 1 1 0 1 1 1 1 1 1 1 1 1 1 1 1 1 1 1 1 1 1 1 1 0 1 1 1
1 1 1 1 1 1 1 1 1 1 1 1 1 1 1 1 1 1 0 1 1 1 1 1 1 1 1 1 1 1 0 1 1 1 1 1 1 1 1 1 0 1 1 1 1 1 1 1 1 1 1 1 1 1 1 1 1 1 1 1 1 0 1 1
1 1 1 1 1 1 1 1 1 1 1 1 1 1 1 1 1 0 1 1 1 1 1 1 1 1 1 1 1 1 1 1 1 1 1 1 1 1 1 1 1 0 1 1 1 1 1 1 1 1 1 1 1 1 0 1 1 1 1 1 1 1 1 1
0 0 1 1 1 1 1 1 1 1 1 0 1 1 1 1 1 1 1 1 1 1 0 1 1 1 1 1 1 1 1 1 1 1 1 1 1 0 1 1 1 1 0 1 0 1 1 1 1 1 1 0 1 1 1 1 1 1 1 0 1 1 1 1
1 1 1 1 1 1 1 1 1 1 1 1 1 1 1 1 1 1 1 1 1 1 1 1 1 1 1 1 1 1 1 1 1 0 1 1 1 1 1 1 1 1 1 0 1 1 1 1 1 1 1 1 1 1 1 1 1 1 1 1 1 1 1 1
1 1 1 1 1 1 1 1 1 1 1 1 1 1 1 1 1 1 1 1 1 1 1 1 1 1 1 1 1 1 1 1 0 1 1 1 1 1 1 1 1 1 0 1 0 1 1 1 1 1 1 1 1 1 1 1 1 1 1 1 1 1 1 1
1 0 1 1 1 1 1 1 1 1 1 1 1 1 1 1 1 1 1 1 1 1 1 1 0 1 0 1 1 1 0 1 1 1 1 1 1 1 1 1 1 1 1 1 1 0 1 1 1 1 1 1 1 1 1 1 1 1 1 1 1 1 1 1
1 1 1 1 0 1 1 1 1 1 1 1 1 1 1 1 1 0 1 1 1 1 1 1 1 1 1 1 1 1 1 1 1 1 1 1 1 1 1 1 1 1 1 1 1 1 0 1 1 1 1 1 1 1 1 1 1 1 1 1 1 1 1 0
1 1 1 1 1 1 1 1 1 1 1 1 1 1 1 1 1 1 1 1 1 1 1 1 0 0 1 1 1 1 1 1 1 1 1 1 1 1 1 1 1 1 1 1 1 1 1 0 1 1 1 0 1 1 1 1 1 1 1 1 1 1 1 1
1 1 0 0 1 1 1 1 1 1 1 1 1 1 1 1 1 0 1 1 1 1 1 1 1 1 1 1 1 1 0 1 1 1 1 1 1 1 1 1 1 1 1 1 1 1 1 1 0 1 1 0 1 1 1 1 1 1 1 1 1 1 1 1
1 1 1 1 1 1 1 1 1 1 1 1 1 1 1 1 1 1 1 1 1 1 1 1 1 1 1 1 1 1 1 1 1 1 1 1 1 1 1 1 1 1 1 1 1 1 1 1 1 0 1 1 1 1 1 1 1 1 1 1 1 1 1 1
1 1 1 1 1 1 1 1 1 1 1 1 1 1 1 1 1 1 1 1 0 1 1 1 1 1 1 1 1 1 1 1 1 1 1 1 1 1 1 1 1 1 1 1 1 1 1 1 1 1 0 1 1 1 1 1 1 1 1 1 1 1 0 1
1 1 1 1 1 1 1 1 1 1 0 1 1 1 1 1 1 0 1 1 1 1 1 1 1 1 1 1 1 1 1 1 1 1 1 1 1 1 1 1 1 1 0 1 1 1 1 0 0 1 1 0 1 1 1 1 1 0 1 1 1 1 1 1
1 1 1 1 1 1 1 1 1 1 1 1 1 1 1 1 1 1 1 1 1 1 1 1 1 1 1 1 1 1 1 1 1 1 1 1 1 1 1 1 1 1 1 1 1 1 1 1 1 1 1 1 0 1 1 1 1 1 1 1 1 1 0 1
1 1 1 1 1 1 1 1 1 1 1 1 1 1 1 1 1 1 1 1 1 1 1 1 1 1 1 1 1 0 1 1 1 1 1 1 1 1 1 1 1 1 1 1 1 1 1 1 1 1 1 1 1 0 1 1 1 1 1 1 1 1 1 1
1 1 1 1 1 1 0 1 1 1 1 1 1 1 1 1 0 1 1 1 1 1 1 1 1 1 1 1 1 1 1 1 1 1 1 1 1 1 1 1 1 0 1 1 1 1 1 1 1 1 1 1 1 1 0 1 0 1 1 1 1 1 1 1
1 1 1 1 1 1 1 1 1 1 1 1 1 1 1 1 1 0 1 1 1 1 0 1 1 0 1 1 1 1 1 1 1 1 1 1 0 1 1 1 1 1 1 1 1 1 1 1 1 1 1 1 1 1 1 0 1 1 1 1 1 1 1 1
1 1 1 1 1 1 1 1 1 1 1 1 1 1 1 1 1 1 1 1 1 1 1 0 1 1 1 1 1 1 1 1 1 1 1 1 1 1 1 1 1 1 1 1 1 1 1 1 1 1 1 1 1 1 0 1 0 1 1 1 1 1 1 1
1 1 1 1 0 1 1 1 1 1 0 1 1 1 1 1 1 1 1 1 1 1 1 1 1 1 1 1 1 1 0 1 1 1 1 1 0 1 1 1 1 1 1 1 1 1 1 1 1 1 1 0 1 1 1 1 1 0 1 1 1 0 1 1
1 1 1 1 1 1 1 1 1 1 1 1 1 1 1 1 1 1 1 1 1 1 1 1 1 1 1 1 1 1 1 1 1 1 1 1 1 1 1 1 1 1 1 1 1 1 1 1 1 1 1 1 1 1 1 1 1 1 0 1 1 1 1 1
1 1 1 1 1 1 1 1 1 1 1 1 0 1 1 1 1 1 1 1 1 1 1 1 1 1 0 1 1 1 1 1 1 1 1 1 1 1 1 1 1 1 0 1 1 1 1 1 1 1 1 1 1 1 1 1 1 1 1 0 1 0 1 1
1 1 1 1 1 1 1 1 1 1 1 1 1 1 1 1 1 1 1 1 1 1 1 1 1 1 1 1 1 1 1 1 1 1 1 1 1 1 1 0 1 1 1 1 1 1 1 1 1 1 1 1 1 1 1 1 1 1 1 1 0 1 1 1
1 1 1 1 1 1 1 1 1 1 0 1 1 1 1 1 1 1 1 1 1 1 1 1 1 0 1 1 1 1 1 1 1 1 1 1 1 1 1 1 0 1 1 1 1 1 1 1 1 1 1 1 1 1 1 1 1 0 1 0 1 0 1 1
1 1 1 1 1 1 1 1 1 1 0 1 0 1 1 1 1 1 1 1 1 1 1 1 1 1 1 1 1 1 1 1 1 1 1 1 1 1 1 1 1 1 1 1 1 1 1 1 1 1 0 1 0 1 1 1 1 1 1 1 1 1 0 1
1 1 0 1 1 1 0 1 1 1 1 1 1 1 1 1 1 1 1 1 1 0 1 1 1 1 1 0 1 1 1 1 1 1 1 0 0 1 1 1 1 1 1 1 1 1 0 1 1 1 1 1 1 1 1 1 1 1 1 1 1 1 1 0
58091 26373 64300 98343 83826 975 17995 86902 88744 82739 53084 15323 27982 56244 32342 36512 28888 26274 92448 36354 6050 8569 82046 91139 91276 99020 69338 81775 44856 69710 52627 40765 85703 22897 88247 47289 92855 57162 33899 62303 63358 9512 24026 78706 39661 52090 71396 71687 4364 4010 15049 89358 49317 97807 75676 13348 8154 60967 26367 9860 77217 68512 7095 65388 92961 99624 84727 71704 41421 66710 34638 90736 99080 6140 72414 93523 77976 36345 33829 35029 60063 60029 78764 4783 87035 73687 18180 16338 84789 45979 53722 87876 88576 38072 43574 76771 37177 82464 64787 72411 33011 16236 3624 89192 33061 16348 95059 1894 21469 63974 15592 68188 84753 13759 11573 20453 90366 93142 6631 15363 11004 99502 48339 41800 99460 52172 47739 43818
60808 32235 72570 99036 53595 12152 90225 79545 16457 29406 10879 12962 55412 71695 48885 9480 95944 82541 91538 44575 30638 95259 87319 92377 28028 29805 72471 56416 70631 36232 77529 14227 43058 89133 85023 40832 205 3262 41790 58493 95365 42476 5919 36056 95664 81366 63294 92905 54225 16172 88230 21773 29121 4059 89365 15406 21029 12196 91100 32812 20379 65603 30933 55286 85170 86744 32619 37083 64819 20257 90310 69236 45037 5984 40761 24755 96790 73130 92416 29447 13854 28244 63010 24457 96921 68902 12717 91704 34951 90082 80905 69108 2309 29485 40228 95575 69050 91776 30547 96819 98139 58574 99476 38087 3055 6014 40703 87964 54840 51955 13205 98112 8019 30986 63686 14323 2592 55961 16853 27839 17235 21477 62232 48567 14388 90318 12969 64892
84671 39014 46868 25501 13957 250 30780 43805 12451 6599 53394 86572 4058 91241 14965 60871 86428 84064 82989 22726 64837 11907 4751 85340 5326 64440 49977 86909 21807 39330 57902 80622 63388 31420 55631 7222 49738 6410 39706 28453 59900 57147 18113 57504 13184 97711 41731 81597 17259 38777 43385 98527 39965 73218 2150 16012 26026 95249 83224 33300 73890 26574 1262 41929 71220 70075 52483 12133 44937 7151 69281 35816 85848 19889 50092 40306 16474 94204 59318 72041 98344 39999 30003 17868 37249 4996 97892 37312 59045 17339 28557 45382 65923 43666 41582 39787 73647 25597 48349 83573 11191 27857 54576 97607 43600 29544 69094 67055 68340 77340 82580 58234 69396 20853 32665 10172 25703 12529 23536 57552 69407 56810 33485 94887 87869 47934 53161 72813
2208 70008 14715 10501 54597 41743 37861 24888 257 92785 13742 74618 50291 99419 92742 15111 88384 47871 36499 22779 66136 94306 69468 93552 81379 51723 17906 42922 39220 57106 64636 19844 71408 23035 4777 58239 44457 31844 94522 22316 56839 78741 79250 90403 27670 59962 67240 90273 24446 54008 55729 34313 80086 55327 29646 30952 96976 12806 9884 84690 41616 7480 36930 80415 74805 68063 97676 41917 24253 92396 56884 96439 53534 35201 97546 92203 83275 33563 17506 9506 9485 13730 31920 6662 4609 55311 49060 32565 49250 85723 43335 53680 89507 62528 73270 51840 4122 43864 86159 7951 84033 31422 99980 20021 5155 72957 88394 79907 24272 10011 2966 83234 73033 83362 75879 63608 32599 99813 98412 59526 93891 5703 38373 19849 45327 43641 355 70782
13392 26191 72636 28295 17719 97957 33888 17361 5097 72981 22988 9648 51499 23742 67100 29212 7094 71510 32137 74191 91206 99578 51459 67949 58094 75139 86350 90520 40840 2839 13105 53983 71071 59189 92547 38976 83920 42424 52775 99326 12318 41603 26419 1005 64850 33015 95156 95173 32425 72325 65266 13338 84473 44625 10614 12447 62088 49269 52232 91520 83145 21399 98154 4950 21150 18328 1517 42053 80250 95072 53700 56934 19905 65382 36783 26964 5989 6988 82108 53499 60917 86090 11957 28779 72943 63244 8589 68863 6203 15465 64627 85229 15903 81178 11675 82872 91405 45186 73222 40181 36185 19266 27383 38855 72386 15027 82038 43375 56347 8108 58188 43239 38588 2506 72560 3009 72232 53792 87808 73112 1652 61561 26529 29957 69468 23374 22536 12985
37441 88415 13264 81121 66444 86395 21507 41413 69177 80874 83422 34117 8097 88915 49399 89270 69509 82360 31647 46136 50304 98092 45356 47744 71971 60578 35886 38151 51091 73908 29503 97671 68361 82414 71640 87554 12353 25315 88964 69696 69989 351 86055 12878 19970 30796 88324 25832 76421 74834 50961 85820 10765 25108 10604 50294 18722 85809 48749 49874 27803 20716 31886 78892 48903 21521 79368 74516 11552 21312 44241 45165 76901 67922 38020 11304 4838 87152 97222 27679 45298 34953 61330 15785 58822 83478 82251 93055 40561 59100 35474 91905 82229 90522 29202 3255 82127 51698 55404 94164 26601 41691 68460 29612 28680 44489 13707 37168 28897 48337 85026 35416 81302 36644 20680 62766 73496 12267 36842 61193 7793 44264 31320 47960 18800 45670 68545 43221
21784 47279 81736 10905 64394 35336 37609 6999 1601 66237 23444 94567 3778 2546 77228 50634 36093 97906 81081 47027 25290 24144 24409 89099 91895 26186 87946 56849 11296 17178 36533 74639 89378 97633 15660 86735 69610 51781 87242 56399 89852 6510 42410 89953 19692 1283 25704 32010 84435 97335 43013 8374 54907 66749 78980 2323 263 6548 85666 27826 82756 69022 38198 71241 74414 90484 69864 12373 86184 70817 42880 24945 73933 80276 52374 65137 97551 94788 82272 47169 71936 97831 88702 98687 84577 79096 24863 48936 75400 16973 10816 41415 5691 97657 86081 60531 31006 10774 51014 71653 59665 27187 94970 26312 19677 8702 42734 64337 23811 13871 76713 67336 72673 95828 91628 71881 7587 60572 97437 63007 33934 49648 46705 88617 80639 91550 56266 56463
63899 40674 67412 5568 19916 95353 77024 2973 99147 99872 719 78881 9777 40099 14165 12712 37226 75607 82647 99729 75824 84177 93363 99181 2198 41814 71558 64294 87242 4863 52804 45629 94173 69357 78596 17704 39218 60863 54460 85259 74061 97865 99545 44727 15071 18954 15214 23548 62076 51492 49064 69022 3860 43733 83538 50856 81340 77748 5442 35850 84078 92611 36863 93195 64557 49541 34515 37071 52619 43633 2408 99651 50232 11928 65207 88769 71259 31369 77336 58548 45217 10889 61140 91989 9892 23754 2698 74859 33798 38139 31134 41850 8103 66691 78121 68068 71665 60032 71718 76932 9052 8470 15931 50461 38167 68613 55044 13515 59942 90380 33492 77277 38676 51423 98801 27794 46304 93158 8941 96816 60585 87516 34932 14602 81795 73338 80219 41230
58813 78440 80345 36477 17214 53602 31984 39995 97560 20060 56761 92860 92406 7077 31133 32125 67294 98481 49751 98359 93417 22898 85240 1015 60699 36919 23378 47835 38857 51774 13813 82582 78717 17282 14871 76008 45518 22608 75896 60340 93319 80964 5786 85761 84472 45088 99126 17958 17636 55694 82558 77831 13359 94660 58714 79522 39766 83879 42672 20513 84340 23773 25883 72381 4673 99600 50081 5652 43380 81366 34522 87995 14237 68473 33741 9008 8116 97131 80474 94262 46980 51767 43937 78002 58954 60662 27560 87578 50198 4907 81755 52866 82368 83596 41395 55026 67928 62450 64116 94855 44880 13997 5939 3344 87213 14759 77668 41284 39962 59606 80883 32226 92645 97846 61903 3508 25975 33224 35113 43460 78580 14182 86132 3491 78491 71740 11477 798
20258 5914 87343 61614 59404 22758 10941 62138 72819 30411 63579 88097 45525 96681 93532 81431 76747 46628 25962 51263 15349 44712 64813 14927 18085 35539 72494 27001 12208 79956 39720 73469 72533 53805 91727 2086 57679 25812 40905 81084 50570 80287 78444 8588 4823 497 60112 35943 86324 30213 84981 26717 88437 72834 79872 99453 55548 38264 4860 42441 72159 64263 55265 62020 90594 82561 21247 47176 12510 72615 20803 90325 22657 4688 67867 24598 69821 89579 14398 85283 31411 25608 30082 34330 34223 55036 88602 49692 76187 26864 38430 97464 25092 76799 39350 67419 49184 56903 42459 87948 33486 41854 89610 45112 48599 76892 19636 1659 65815 48346 35134 58698 78510 61978 45246 35083 99616 34238 28136 23800 54624 34261 64560 38072 18141 22896 32451 63366
59365 65935 37279 54001 94213 19278 40714 15777 29409 92166 47725 88075 15178 39008 525 34269 45101 71857 78739 42984 89803 92126 4172 71846 69136 55981 502 48405 40846 1810 31232 56058 76158 71339 80117 35572 60227 56686 71506 76224 29005 22959 74014 26286 75918 13310 87567 40047 77129 30973 747 61262 24816 81013 5304 31751 71445 72841 70824 62823 1652 78428 58399 67541 61225 46208 32144 38060 63781 27216 10051 88771 24506 20427 71694 15142 57811 16730 61811 80521 40067 25255 14764 86129 46129 15180 83184 16423 91912 83084 56800 41245 77149 95874 80466 30681 59372 12915 18818 31386 26888 20711 93559 54744 87742 70473 72369 30366 58546 31756 80184 92761 35402 31742 36902 31348 30119 31956 69343 91938 35386 90827 31865 77475 61516 11995 20451 76584
51880 48858 50534 20100 59563 91380 68462 76524 11517 50935 82312 42967 54349 6888 77694 88511 89573 95787 80525 30628 3010 31232 56861 13637 44026 50355 91480 9321 33959 16670 89047 68366 9065 42904 37667 49342 87444 92382 9298 95231 17108 19435 79935 99570 59527 93007 41404 19087 61300 62462 50718 86948 66508 60552 59788 28021 73027 59598 31802 87853 8572 90448 99651 10655 91165 57613 92518 33384 4834 41531 35807 34241 55536 90770 96747 93038 73425 16146 98684 95636 14963 84849 175 40791 90183 41472 14172 64891 39589 62736 96487 462 69887 32596 51851 31334 74507 53995 45344 8306 1490 79860 86196 54818 39190 7974 44652 68725 36344 31043 93662 60225 87329 16015 15495 33236 92365 99840 31714 48811 53370 27648 3624 56288 62320 11838 28154 8446
88540 98984 80437 18548 78648 26765 22438 68213 51764 69519 64273 18785 44327 97174 87870 81235 39530 80298 51325 7011 79165 80901 47654 66997 17490 22108 66901 29247 28678 11798 8137 54328 79058 16595 63852 55464 26152 67893 78080 30517 18886 17610 67779 54888 38405 6970 42460 86258 26912 4449 8673 48870 75709 89954 89194 55363 40998 25782 45193 96102 31675 9976 64041 81547 5898 1621 34462 85153 56826 71981 18378 76225 81940 83845 96520 77270 69061 49610 54554 5021 32661 6115 25060 58264 26784 24634 81061 8259 21640 39216 33444 80635 32879 51670 22617 79479 67781 69112 82416 18378 32843 87168 57536 77450 21688 68381 42915 86386 45325 10053 17280 3713 65077 68984 29593 73674 10701 9680 78884 72489 73674 35960 38680 3936 39553 43117 89207 8031
49042 11754 2108 22518 27386 66692 39479 99485 86871 7757 46922 93888 61238 32269 47811 40492 46275 17566 17291 14562 6559 98360 87046 8552 47513 84532 29285 45850 55951 56589 56093 75231 3877 63814 68839 89811 33177 83278 11671 81558 33802 58524 82330 8185 5059 12179 18659 50612 90676 39669 93013 40684 95659 5843 93707 84676 53395 4540 73772 88848 32808 46408 72109 40555 44118 52469 14182 3221 68760 46556 74843 54672 75511 57774 53271 78192 3156 40660 61558 83713 66443 64489 48984 47059 1238 42780 20072 99037 94278 15606 70741 53724 97926 10161 81208 53758 62171 99145 55143 74168 20363 14990 98499 30249 84862 5198 13143 46364 27586 55476 22638 59260 77617 84267 41384 9336 29759 386 8848 66460 88554 63520 32110 62745 1291 82646 42767 64038
99607 28982 38163 95289 79686 42245 20487 91015 97115 36212 74066 23202 41260 68884 79617 32692 70542 73445 16434 70103 19143 15440 39956 53457 58560 1373 88889 52316 44916 15887 76644 78106 82401 17591 55822 3641 66063 27365 3154 24304 19859 64337 98492 15245 93117 24388 51994 27260 78135 11176 3254 93058 33214 42918 45018 38657 23651 26340 86567 76384 50591 7678 39738 70678 64913 5674 52381 5417 17862 93647 70363 48903 85242 66690 8032 5257 56612 96999 54938 55754 82257 36987 9890 78987 30437 49115 71966 42187 87577 14057 26094 68487 85502 51961 69958 5600 74083 93253 11182 73787 71677 25899 99977 32597 61524 18806 61604 84576 27166 25416 36804 85635 44902 45333 28054 41480 58579 10078 80940 3781 64854 9019 3095 61854 39072 89204 94539 63760
41283 66169 34349 77756 60516 88408 39970 59536 70895 45335 75094 61211 63528 16955 51752 51128 71095 12899 75780 90902 87397 51499 28141 47621 94584 56156 45754 91670 80679 99057 42840 26622 35604 76823 95186 1588 58459 49194 58150 37022 35853 90848 47692 13342 42177 76827 34185 59331 28407 74814 29178 99883 99481 64744 17518 18823 35873 97574 82913 45022 14518 80047 40608 82280 17009 78278 38170 15298 93742 53872 82765 48097 67451 53472 33833 84556 95653 95984 32159 82317 27978 38604 9162 6128 13787 69470 40420 4785 14796 50685 67346 35972 81186 27801 20695 17714 20459 3408 33772 1884 12667 10434 82354 85458 47411 28585 30692 84747 21760 28015 32033 1645 25060 8895 17747 98058 92285 81327 34317 51762 55569 46824 14994 65005 74451 55319 10945 74096
6280 35721 63410 95823 31389 75066 8178 9527 13149 97348 84135 93042 1088 1956 91414 62216 67880 55765 71031 57709 52061 21634 49732 13430 90779 57269 14382 65193 38280 40727 27540 13924 79234 58557 86232 60095 460 48722 5235 72307 7190 13228 29919 81238 61625 2755 42406 14582 25149 93015 28114 34935 47218 25468 32795 16694 50536 80466 97108 54644 33047 71198 29057 82661 24953 69547 48924 22762 67351 43922 22296 7388 3789 94775 51916 68715 96027 69692 51286 359 87109 82246 59541 98097 34152 40329 65641 57462 3053 45907 18522 59668 85268 22626 37043 48621 98517 36127 16177 53851 75676 2099 65247 2675 5213 45656 5995 87386 51428 18755 11545 71274 50140 64859 92543 42093 95360 17546 52889 99071 235 31599 74661 9036 67088 69595 69562 95378
37356 66847 51843 73733 1915 24258 48803 48025 119 63019 54617 98564 23474 36046 38225 10031 32567 9259 92780 4317 16123 72709 46072 4225 16632 36044 82283 79428 9341 59194 32758 98868 36348 81160 87732 11362 27028 19615 62536 93902 30052 85257 28422 5286 25810 6437 3386 80260 87178 41861 14333 50260 78883 54376 42874 16028 82453 35202 65508 21377 15422 99044 11675 82628 16376 84232 80601 20505 34337 91675 89970 47853 47975 55953 20390 18334 49839 68316 4074 11692 82185 56814 1014 20808 37752 58668 30862 43502 75538 4245 74430 1432 85251 9450 54432 45638 86839 27099 53 53965 42577 12480 58793 70193 62177 13141 12259 66186 93458 82558 95925 99238 41924 91555 21273 96410 45203 6873 151 12434 67985 97714 86136 30791 8622 47091 33729 74794
24729 67905 92845 76630 93754 93022 10310 25552 35956 36163 74310 24228 56359 99320 99036 37511 11468 49981 29355 34577 39969 54212 64471 69376 58149 26387 10650 81696 71402 14164 10967 49751 20651 84880 73005 89493 48748 73817 8965 22003 3493 69147 46877 93474 67146 37307 66964 54911 11230 33180 75645 85933 90796 65713 76352 58266 6945 4233 54507 46772 72495 45985 47341 28871 86878 5726 78541 97104 66482 92810 16512 99801 4263 65615 16706 16615 13636 71569 35091 38977 57766 83056 47518 50025 77362 7889 52057 87270 21826 96502 13354 57066 78450 52690 37160 22540 48698 61462 6218 99715 33024 931 76611 62540 58346 1993 23327 81116 86040 80457 42778 24152 86510 1550 42061 77877 50315 38914 84130 49773 57782 79811 17468 97529 99042 2403 83624 54255
68916 46607 45360 29919 54298 8397 61477 52442 35021 23422 7784 55559 80418 59538 34865 19870 91443 43185 80697 23801 26911 90764 80059 41484 74011 36839 89162 24527 58345 95771 91052 29240 17456 41340 53245 93583 76104 96794 5296 11890 86159 58591 16181 92025 63228 63117 55410 24850 7072 22195 8070 58469 13645 64340 75573 25707 33155 91193 46197 81059 51659 67691 60011 3365 89532 8346 35691 1980 80114 79958 68539 57953 94118 96956 2415 94359 23225 7096 14348 58301 83617 29461 7968 411 22072 59453 97381 77361 69924 75591 27228 43130 18210 37343 53921 60444 63625 71746 54367 87461 66223 25809 61102 37364 9186 6130 19330 33433 87125 91875 48703 25955 12667 86565 29858 54291 36440 63358 3845 94431 51383 37610 17564 72355 94630 2717 36878 66964
2720 39803 96988 38846 71198 35248 84331 86814 27716 76498 52311 62211 60039 49453 36323 55326 69598 86784 26137 81571 9336 93137 60605 24830 27552 35990 82793 88969 84232 87935 85514 94126 77468 94465 15520 19697 99756 32270 78428 16768 20249 98903 84806 29653 66865 4981 23303 21604 95518 49876 66711 12766 90603 96644 53975 77787 15646 76731 9729 4618 71796 16639 72631 85488 51642 23084 15174 12083 68285 71770 82376 15310 72886 84366 32212 10342 26936 89376 49048 93541 40353 76089 13331 38824 75875 76251 84203 16212 16194 69375 45441 46943 55489 15289 28782 61348 44288 51041 63439 38510 79085 13586 69689 27285 90800 2855 74939 40734 3650 90718 53943 74402 97379 39516 43904 97526 63633 68605 36842 3269 87661 88139 98849 6788 48077 59170 85319 67816
25591 23733 83537 51578 17660 95745 43015 72222 63001 70398 7898 59414 86182 38164 49570 52855 88423 60326 68144 89635 74476 40834 78854 95062 87641 13149 21819 47782 18999 31374 74157 38562 8084 87967 60290 2183 83588 87390 35884 66175 38126 11153 49331 15516 97436 80957 56244 5223 76616 79949 9288 90101 51728 95240 57890 85541 20133 9751 9942 30463 25252 95101 14686 41168 90170 82701 46391 93796 50936 48461 22513 42534 71157 66888 68674 68140 57531 66490 66811 31513 61737 84309 57787 29303 63627 7651 12340 48832 77865 41100 67674 23025 71306 88797 87399 34622 24516 73130 99703 8382 59348 46057 89996 44700 65590 47843 50796 13594 34699 17467 51000 89383 23468 52483 66605 70238 71833 10235 5604 78799 9832 12302 98191 63408 37497 63835 87003 39822
43572 29896 65816 80920 58283 57727 62120 13596 78793 23562 55313 84503 36185 32239 60176 70355 64941 81471 96877 9743 58240 29725 53855 71091 12267 69667 35552 1606 14042 45176 13804 29475 34788 39691 72514 27982 57964 62593 98566 62445 12818 66420 36756 7549 44296 76189 99302 17675 53704 66469 83420 52059 27878 83333 31578 15124 16044 17277 89460 73425 43376 61344 20591 59227 7603 91800 71865 96258 61130 87561 13955 45905 43373 15226 76923 83410 64807 86026 99937 75714 91529 22983 23397 59493 79891 77064 6964 7730 66991 11381 46892 94045 36451 91638 50504 33193 63374 13115 61458 13822 21219 76280 1409 16748 30092 55582 23173 30853 23000 7224 6863 60605 41786 70009 82822 2216 24023 89966 51058 9127 82050 64083 19942 38141 70470 47332 26963 57983
25800 35409 19527 32317 46335 88464 90984 75033 44869 50912 93661 40268 21491 34293 38873 19523 28004 66839 66413 47001 34290 91840 73790 69404 3121 33195 39260 29275 29058 23850 17639 14157 49497 9060 51712 55787 83355 73529 17290 36734 79865 45449 51866 47674 11279 26923 69025 3182 30130 56704 63015 71489 81784 87999 75357 40777 54055 42415 20430 52951 14908 16616 25593 71232 74494 3815 38863 68740 45448 36150 97314 16028 56927 7231 67835 18167 87246 80392 55300 96991 9854 43016 69265 58576 96935 21106 21729 85455 48405 70145 18915 71817 24218 15 40281 95733 15167 73196 77593 80709 61735 5798 72000 15152 25345 84969 15579 13324 69675 72382 29974 65794 62947 85240 21164 98620 60929 29462 76587 64969 61203 11884 91960 16121 18209 39889 68603 46288
67351 87386 90352 33494 84427 48008 34576 87965 43960 7290 33230 3728 72193 40341 14953 510 87913 6779 58347 82639 18951 58155 50462 85055 31743 20920 16899 9940 61071 11195 20992 23647 49154 22040 51447 6146 34446 57796 16329 59269 29758 6930 81191 84607 43978 20159 97469 93376 56672 18319 30757 89248 42158 86402 42895 13778 21468 40463 60796 79997 67869 69611 14524 14940 22981 91165 72682 84788 78568 79468 75930 64595 40180 7653 31076 39165 60408 8774 86935 59922 3733 23260 1350 54821 24157 47316 75089 1353 77552 56752 24503 76536 12213 72556 230 68929 1668 3506 3759 83918 64299 85654 54763 60766 17222 16879 81640 16594 77687 39636 67257 57843 29227 54078 74778 93641 65550 3230 42578 31750 26490 67161 65589 17970 63379 32204 74717 18153
71598 16923 83934 62990 27482 52715 23350 26210 68191 36954 51007 64516 56615 80995 91998 88470 79318 60821 72248 18926 96128 69272 39777 15919 77496 85543 34947 34978 58326 98662 98165 19655 98568 76861 19293 22580 8436 18310 37342 62916 24808 34223 60568 41011 38366 50955 6380 79362 26650 62376 4082 36929 83470 61334 61550 10673 65024 79687 83670 77891 60352 40241 34027 96491 19458 44211 81056 20204 6393 78670 28388 35023 81833 47398 60668 97829 64435 15810 90798 23816 94029 67424 33082 94455 55110 13895 56211 18430 25342 52446 95150 23303 51939 2839 45735 37529 91867 35294 14372 94523 63011 88019 95827 60836 79867 56630 255 84977 22846 23425 36924 65606 87673 48367 83045 13924 45811 54209 49178 58832 31849 58599 87817 90343 27328 67963 96951 76685
36637 49531 15372 33034 65071 31718 92224 87514 7582 9521 1637 49070 76366 26096 27569 99035 82939 73374 16957 22801 14957 94759 58841 83178 6624 40252 37182 46852 27716 42881 76302 31807 93041 86366 4719 18364 78420 13579 98460 3651 65417 35301 48873 88311 52351 28612 10072 48472 2558 1981 59352 57780 99644 69008 41908 84563 51242 41621 13440 72369 94994 75992 89551 76674 36945 1583 4968 65230 55726 93728 5429 39323 69872 19616 43738 92432 26159 95799 7805 938 65558 51036 78517 94222 83497 17039 59579 84573 10218 3805 40448 80068 61836 10270 79617 88697 67857 92882 73954 98351 86605 25658 44308 88788 4809 20417 95360 47050 90806 72166 42268 65057 99388 36395 73046 54853 67895 34289 66402 47433 85828 62275 24711 81874 87564 9346 60238 82631
47138 78259 72102 89959 28056 2028 44423 57623 75995 98129 41685 22559 61080 8927 57462 69658 38876 32459 10763 39957 6278 78747 9031 11827 51492 60422 94968 58455 39363 32412 99603 91873 77370 73954 59856 35 13573 5518 89121 58143 44196 14887 78567 79706 95282 68514 29943 38903 17585 23349 29251 33496 3656 74125 18747 21736 25925 33923 93305 47734 75624 89942 12898 65168 28753 32555 89598 53666 44570 17586 52873 13020 79121 762 4844 50845 96763 95244 9815 45031 72383 53280 78573 180 97079 77063 26286 77540 29038 3735 11067 24733 6311 46561 12474 51057 73176 46000 50997 56551 64279 7213 36432 40099 9620 20755 86128 55661 50869 26985 11157 71485 1607 56338 42487 69362 23089 22622 48115 87035 37448 81964 43520 23985 19025 44320 87875 12056
74329 88161 35261 29781 49272 15726 53347 92272 26724 75870 12232 45287 65719 73165 11143 55018 59190 19064 81620 21258 72050 77424 39681 14138 58192 24819 960 27796 28830 73468 76850 36515 60195 29725 68877 80673 7403 98078 17552 46091 18665 71412 91374 86820 15995 8995 96513 45476 7574 13435 49833 7669 4187 16466 52176 97618 83486 84744 4263 49203 87649 45531 23159 94562 54733 72935 64721 82762 15385 38529 29290 53615 58938 53949 15929 23123 70874 39979 33259 64749 55146 52575 74595 70454 40019 56354 94168 73267 79375 3342 9697 95390 62171 83629 62449 32498 67678 97002 51866 99372 54461 86167 74957 11159 19642 15759 83662 73000 23111 17363 71151 69037 92471 18243 10359 45770 97133 6388 28144 15426 30751 57981 61196 82397 73951 1186 28987 25322
28884 28306 84362 75016 45138 7213 56387 9191 58754 49043 17395 24537 54080 51109 78876 32985 93232 83066 29879 18607 40139 97841 51288 48998 22133 19811 75518 90629 34671 92757 60157 50647 71334 62794 16833 29697 39035 28969 9916 90098 40133 64470 19391 339 89129 77486 15162 81982 35053 55307 40179 58557 29457 86128 46549 89216 16937 43741 39471 60235 9676 94559 41848 54912 99078 73671 59591 37174 99020 23416 49345 73991 71536 23121 47423 9713 77918 51877 26732 59037 91432 92755 41035 66208 60713 92648 11944 96850 5188 47096 8622 61179 58947 67382 3321 83628 32066 36625 12302 83766 32941 70060 19995 46025 84507 49067 70829 14582 97481 56505 23023 47812 47976 95073 41543 36600 62255 42424 83488 70422 21310 44975 31317 62350 52430 40983 73481 27646
72820 84983 21091 90725 23560 79296 15883 83463 80110 46960 87812 63128 31960 75121 10879 48039 55135 20721 83266 65498 92656 5848 50171 24920 53564 24071 30822 96811 47126 1601 74818 33604 93140 41888 23397 38296 26441 89269 736 7767 71877 94499 72613 68356 65392 94388 81459 34955 84808 20606 39375 6898 8419 98203 23315 73461 49186 97937 76840 13036 87912 87635 11867 16955 80787 86453 44738 61743 26812 5583 80167 67421 49434 29135 19299 26433 51051 5035 48156 97260 84263 11241 4523 16061 66058 85242 35878 17141 99085 76166 51288 58845 1658 23953 67525 44407 86450 28151 31966 84130 22961 53492 23851 42240 49433 63451 55723 33403 89278 68455 65641 76308 47754 93879 61718 35916 51864 1622 87439 56929 43825 400 85428 10568 74117 70522 21807 48773
21373 58006 35381 35147 79974 49912 10547 65937 40287 11910 12734 38393 1380 99156 13421 23183 61155 74592 87997 83724 75708 75326 68210 9256 25579 19372 35123 52197 10183 91977 46642 6127 46639 76962 38100 85672 54497 83954 26446 7274 92871 28988 78686 26490 95090 39630 10987 31655 19890 96347 40326 68442 43133 47553 59720 30049 78400 28402 25821 96658 72720 80507 77759 58609 95944 74141 7901 12615 98571 71670 67744 40256 10591 43043 45849 18178 92116 50686 52084 98761 59949 42895 15356 79856 53354 59933 98931 96138 30079 94223 69026 62279 85774 40730 26008 53728 81482 69249 95651 86015 20104 82800 33606 28969 13393 14621 20677 37174 53242 72346 28456 62456 3814 74739 6574 35763 64011 1591 59888 50413 60667 55867 72823 31509 7765 20423 48241 46838
69488 19026 36785 56914 67152 41781 91693 78962 51518 14827 1379 55737 29678 92909 74504 44131 5789 29809 67691 15350 50530 3991 87822 43032 22722 21068 57578 75909 96643 29767 39425 30874 56481 86257 40552 11128 90082 87561 34773 63480 34538 42457 97449 23553 24884 99597 11634 24718 48584 76347 40985 97752 73562 7051 17212 1135 23558 3275 403 37690 69669 14097 36456 57160 9597 1412 25192 29766 39099 57703 36308 46714 61780 51194 70573 25444 97732 53102 85671 39783 55136 76504 91213 17852 58028 19050 66617 95395 16046 41703 30777 9752 68503 76497 98504 73340 28732 56124 54559 51167 40438 7076 53232 4133 20722 74286 2924 2097 52302 98265 17106 35247 19121 58533 24984 37469 13600 44226 15202 71210 57274 43456 55698 28064 63011 62000 56939 5971
59478 98232 43010 36801 16359 46731 6000 16685 99980 21899 89861 19886 54360 26057 20839 93138 66769 82727 8892 15330 53136 47715 34196 22917 98935 81453 98477 23353 59184 30789 79845 65266 15660 11440 16459 88562 76268 9595 85697 78790 8762 31874 89675 56409 76086 918 11676 25803 48772 42143 57124 28419 66704 49106 9217 61882 20577 81144 23131 72831 77505 80610 72110 48486 50048 64175 90599 50478 66174 77856 55540 44059 4780 70266 26308 9252 30503 81989 56490 2902 35315 69569 38446 48889 94184 26993 36013 77390 38117 84279 90850 86351 28820 42152 41062 95214 22135 51681 64877 45318 30328 31927 53988 24627 4779 95871 54256 98528 76160 97712 62639 92349 75238 72312 53896 38837 27555 50199 61251 28383 20735 76457 73793 21852 91838 13017 68509 93774
26446 22353 33667 68566 11062 18065 39688 93697 20188 23020 32553 6000 42850 40671 58700 24330 18784 58334 31033 16789 91880 13145 88915 92589 28276 3013 77150 9656 3224 55247 80557 22271 67125 32645 88672 79059 95166 68578 45188 65575 35941 95370 66298 76892 64181 72938 29104 7260 33097 24428 52179 46605 99710 3813 15440 8781 75701 18266 3533 25434 70544 58982 31695 14625 13565 14454 10497 69307 63950 20727 89542 17857 17876 56852 91332 11425 82099 66722 87915 10870 540 96374 11386 42697 77395 88059 94463 29035 25485 36702 14740 61174 35581 82919 56420 17820 84273 61514 49419 12018 18410 65043 77943 78015 21403 67917 85331 40572 4279 99359 17240 70668 31979 82266 45297 7705 39879 35225 71471 93451 77654 34104 21390 52359 31085 85645 36047 32644
40414 52412 55501 22440 18054 78269 21501 3856 46521 64588 31493 455 86741 62129 26198 26064 21297 85699 75285 43275 92352 81118 78340 83181 68192 92393 91120 24121 86076 1049 34570 56583 90571 11263 93210 80009 88385 20144 46641 94342 45800 89665 97325 62590 92591 97625 12839 60651 98523 41069 64246 20399 54484 73201 39446 72992 81315 70760 96448 67465 23689 47641 92307 98322 49255 36098 84239 1480 63442 20525 53348 5835 88814 46294 38456 75558 82450 83650 18768 19117 94809 35547 8461 43890 50744 11700 4027 80545 83193 80036 28863 59831 95370 46251 10929 25231 83602 92857 27241 53681 5243 80550 86252 86492 29589 16846 91732 62347 90717 59497 32131 40063 52128 30660 3471 33799 10430 63347 99729 52506 43884 51740 83454 23028 66345 15318 83152 81816
18726 33581 52002 994 573 33439 72996 58236 25922 75501 67281 97268 18438 60687 51082 74362 47513 4324 28559 60647 16896 48028 76522 34512 91045 96847 91162 5835 81925 48434 11414 22418 72169 92164 16327 13469 37633 41486 82909 273 86146 26073 9651 17500 61431 65755 48078 87918 97352 91141 31497 96123 13127 63177 59459 46922 88340 3511 13752 46404 28788 71932 76300 3098 78874 5320 11488 47054 45716 89140 77624 71323 12693 68538 93058 41895 45618 11812 56169 91856 87139 79244 15552 26525 53253 92806 21255 38751 45219 31839 46821 25869 63443 13970 24805 31879 13215 23618 48160 41262 36745 74712 33779 9281 14464 17528 96005 96089 82062 66364 38804 12429 66557 54405 93449 82847 96551 2816 32297 66912 82894 44407 45131 23282 32231 65848 41280 53050
49146 99346 69532 39113 41118 33101 23949 13214 87074 93544 63122 62025 71747 42955 59414 70786 15501 14422 5852 15135 76244 22869 2229 88589 81773 72075 78567 5137 95204 76169 68310 5661 94379 97963 21493 16028 21570 983 42334 53539 21632 35072 48969 77571 64288 91998 7549 82841 61419 95723 2127 19496 26441 76754 75278 94270 84025 47850 26118 75184 84947 85468 27059 2347 26533 59152 52527 45180 89164 6463 71410 56528 23696 97659 2941 44723 53495 53502 63106 26512 42706 75585 13462 45437 39517 94806 45991 38458 81000 42278 57185 72494 27656 11851 71910 72088 98046 65066 67213 15831 77764 29540 41362 42238 72294 22222 78771 34875 57368 25059 21475 77957 93861 28545 79498 42286 93538 81494 5005 41536 4935 25344 73731 35096 59148 52482 23727 97378
58149 43513 35072 95875 17644 62399 26165 7590 84023 95626 63063 44797 33818 86082 19354 41259 83066 32440 24582 46825 74638 8830 59649 9706 10946 37277 39399 23389 45089 721 24010 94199 33624 24851 75517 44714 42729 23438 37075 4755 55462 20124 21143 99420 30173 42742 13465 27598 44488 33671 60316 24122 58145 52611 60913 77507 65239 22462 30562 26221 28585 74017 74328 14131 94778 71673 56698 33345 80475 92070 74315 99391 34425 56690 12510 30568 95168 62696 6687 71247 33725 85206 68822 60736 30068 67426 18233 7360 53425 65713 32266 79334 98839 1551 77680 37493 80356 43790 87323 48814 95056 62482 94143 45769 4145 46424 58953 62586 77521 29509 77450 18454 65258 29094 18674 46987 73961 16023 44536 92039 63168 42631 28715 27322 64152 28304 10454 66969
55536 85968 65632 20651 10310 1918 31999 60929 6301 91844 93174 41414 73746 51574 91129 64964 51696 61362 59317 64220 35873 21071 13554 49066 98332 87472 44942 26624 57033 55060 87092 8389 39718 82845 79106 63394 56840 60585 72881 45431 38039 86893 93099 87876 14880 2917 39778 96173 47731 3765 56048 77270 17053 36939 57147 19107 96807 39376 51614 6712 73360 38094 65210 56705 77020 80207 94731 59377 88396 70944 98500 58832 34311 86906 67049 40547 43134 39911 14691 84148 55406 76267 17309 29114 10925 83175 43386 73970 55011 29763 81172 70877 93645 25326 51692 10125 89384 99605 35773 13593 41666 15279 62541 21024 22000 17160 73489 37201 25309 9173 98614 84131 50545 47681 15262 58527 41965 24339 79847 81002 68338 79602 13701 9597 28926 71647 99558 91526
82344 32406 92672 8085 28554 41437 66889 68030 38872 56213 10836 79930 77263 61083 94338 70094 49219 74115 44668 34471 38835 70968 36056 20436 33483 27560 3050 62547 66217 6254 76616 56036 54560 74788 70097 51984 2213 53798 28474 7227 85932 88101 86352 15241 82488 3555 37431 90776 57783 86503 63770 39287 11785 413 8688 59062 44106 24409 41106 47168 65019 61080 82157 32751 79385 19779 69351 98868 66545 82931 37202 92066 44427 25015 83401 81525 30628 73951 58863 7301 54217 40205 76469 28908 12941 56610 20277 74875 70453 54874 96896 42799 83712 35869 34959 68384 40341 80354 65073 95361 76795 78154 67868 83590 8815 29976 41658 85103 11352 16664 97651 66458 96974 79468 89044 36282 79267 13236 90338 51302 9273 85213 4079 72793 14597 76286 75804 37243
89083 66878 99820 73154 26305 35001 29276 23713 57336 42634 68216 39019 39041 13973 88275 94927 32466 44788 31853 20488 51439 72534 80154 74296 77500 19209 5216 16507 8942 54818 95890 3051 36204 20920 91073 8185 59607 61263 14458 83053 11345 22388 19132 68850 1169 51344 72653 53979 51695 46394 42114 44880 4531 96245 55567 91931 87214 149 59064 48468 30248 26038 96064 48175 35646 7788 73970 82608 61127 56011 68820 91689 65732 68571 54114 13054 8693 49338 15334 15632 48879 1010 22710 55889 71495 77080 16591 76381 32725 82064 7703 90877 22720 65959 82518 24909 55662 10578 80808 13500 56317 6530 3972 66288 386 70925 84178 7415 89309 39033 86856 27918 30701 51337 86746 32198 9452 48726 29184 48782 94469 63770 35353 67538 41460 95851 19920 80092
65099 85405 58221 81318 50843 63493 32871 89714 56568 76199 81814 66930 50256 7620 49401 91312 75029 60656 98889 54954 45056 49219 81246 23276 3292 58200 18656 17788 52764 71094 74259 37956 28701 67351 91732 57483 80218 57302 70166 79343 23086 34069 1285 61359 26794 90876 50400 63237 30197 33307 10523 8485 5853 36931 12595 53682 94667 2377 49509 42115 154 47979 14652 41945 43174 51666 49456 57707 20392 83145 98434 58713 85099 45003 78845 87260 36581 48200 43685 30281 61551 97938 33434 58262 29147 76327 59791 12276 29465 80323 281 21021 24718 579 2599 97801 61508 41862 73837 76197 29539 85360 33208 76781 5315 31219 27825 50216 32540 61181 36775 3158 74540 93282 5607 19251 49684 34559 44859 54903 5221 77454 18969 69700 91437 54013 38071 84366
6663 67499 7185 47855 35317 62360 82284 60706 87798 98177 73442 69079 24653 50969 48837 3743 12341 8756 86021 7841 5268 77586 35998 46762 29700 41802 89463 16663 22861 27921 24313 13839 76164 61620 10379 60788 6858 99875 74216 67915 3587 65039 403 24897 91940 57522 16006 42387 16523 54303 233 12887 36313 32677 92728 56733 44182 58836 39316 90353 869 34499 45691 54001 40581 74225 19338 2873 72225 89349 43365 18241 99727 76896 37883 7510 49065 84898 34712 9980 28398 10964 71093 73692 40188 51412 69591 53531 49677 52833 2941 74472 49962 96490 850 22445 69910 69832 76930 64627 96088 87938 88651 88182 68360 5493 59445 18952 59601 44791 31667 34316 15032 26460 66791 39577 16624 91351 87815 4013 75440 22753 84673 73425 56624 99408 94374 70952
98946 7917 42747 24340 57671 9542 96829 57370 91474 1780 92069 62739 43240 4436 53048 98837 48779 12625 86646 76742 24470 4301 30457 97523 70567 59666 68374 86461 49596 7352 69539 82211 32890 98944 97386 75199 73432 89744 46227 18304 6369 39886 58 83824 55439 8765 527 71965 94790 82199 49348 70924 12233 72908 131 230 38546 28191 47036 74068 62092 67814 61631 32532 56190 33582 88865 83429 28730 2086 55450 54045 2743 59835 40394 24931 67406 97933 79267 65284 26330 33034 96193 85266 98431 74373 34982 73358 98486 20087 1158 91362 56743 27743 46791 59110 11442 56041 49760 19867 87296 25767 36585 27654 76105 30618 8980 61352 73659 61351 87129 14262 10749 16045 47720 23999 84371 28436 18911 65693 69758 85256 70109 87950 92588 16154 78754 22983
34433 9168 22938 25518 63559 90004 84241 1771 44742 80063 76662 53492 19664 6620 48585 54471 61117 44173 85271 2073 43405 35034 46921 53519 39029 74523 32922 33568 23679 64642 69245 54933 18780 59893 74135 28866 67989 31051 92457 1972 28605 26562 25447 53757 20171 58559 3583 29851 4037 65946 85881 19887 27006 14794 67943 49271 97854 76973 84247 20649 92529 91207 70188 49528 4488 77104 94213 37922 88648 77033 93329 23721 6831 31776 18853 21570 48050 37297 64253 74940 23547 58815 33805 22456 25960 59630 12346 65091 93857 44558 96709 75249 82161 63078 24863 75140 77695 8459 75278 63868 86912 87488 94134 61721 91992 98261 10852 66513 17591 57412 66506 12956 32576 74152 36903 70420 91847 73327 87139 25783 54803 64760 66540 82711 78408 29658 85413 32936
98453 55158 95613 17024 54965 86628 18999 10265 4480 43378 74365 93569 98858 22858 74647 97647 80365 12929 5084 4793 51280 90246 93624 4001 7521 46726 17753 79951 21849 89176 25321 14686 76545 2802 56369 65009 48043 75176 83154 45521 38722 19799 31730 22722 96895 55654 35113 48688 32484 22911 34005 59827 55449 59434 26075 93065 88112 94012 57934 99066 33031 47821 83524 98195 24389 76599 78746 75553 32971 38273 23031 60922 62669 48034 41580 48687 14751 14850 5965 42497 96109 83816 21561 18113 81528 38366 26594 32877 80282 70168 26842 42088 37607 46565 21142 80143 22325 48252 88211 73549 26452 8404 18543 2828 92823 53009 73371 34988 96216 25295 23097 59816 13686 28562 64666 99818 74925 8332 36592 52842 11378 38814 25188 61614 70625 91811 40303 68773
12262 83509 82648 11780 59565 54917 72402 50977 22982 35734 53552 57841 46880 40336 84142 94417 40824 57128 50791 52845 26047 56604 81064 11255 50677 47510 16197 86187 92181 74417 44569 46857 14380 7607 95042 80402 38187 58029 84331 4114 38674 45004 84623 71780 20468 45515 63350 3815 39463 70155 23930 25848 92809 57735 28356 49275 21958 34761 34327 38689 82371 74226 73032 61766 63167 54295 8442 34902 49692 14211 37020 60355 87834 10862 94088 40540 22292 18755 43009 31578 33221 57553 6262 44746 29554 45232 13063 5263 28573 14867 61180 18226 41856 2682 98126 86458 58049 23286 6823 15343 12676 97677 88439 50002 84954 3294 25590 10644 60944 40336 71322 27874 13494 52754 73308 7458 47227 7355 55960 37591 39768 19515 16871 16562 11204 99284 8510 11505
79587 28282 88397 28151 69643 76888 74385 66760 59696 95763 32532 3466 58977 38338 60350 81509 75944 56957 26313 28689 81082 34832 60077 61292 55208 42468 19138 26445 63257 19189 42262 70555 33043 15108 15156 11456 43204 22790 59959 43534 77412 8271 45190 48864 71620 41442 65844 54719 99300 96545 16914 97562 61651 70004 59981 35705 11569 41720 99087 40207 61022 39119 93371 25680 88184 4109 29601 63971 36583 97777 71311 24878 1319 21618 53010 84420 59982 5989 67068 36361 65972 4650 54343 75671 44396 73152 64296 461 70836 30206 64168 98400 46523 6225 83297 18017 54651 91608 26848 47478 64581 17017 22870 34776 22513 32465 60073 82687 7063 76954 81964 62345 23003 54449 2593 70886 42788 94582 21541 69993 54952 94446 88966 77365 57109 97402 80403 3034
62764 24839 8290 48047 83565 51749 72118 86650 15869 1649 70516 57334 19192 400 21630 90505 79898 10040 81062 99766 66133 71907 32293 85399 93259 33383 94595 54391 6983 63407 79380 43238 22400 32215 78007 77203 39463 96045 14312 20453 38903 51764 97095 58693 54753 24210 98795 79044 93946 52877 11268 58819 60217 64359 85702 76605 18756 82920 66777 88909 71201 80318 2449 36856 30301 58534 72333 2372 30972 93454 62337 37804 23645 44696 45733 62919 12919 53812 15899 48712 55634 58399 80819 79342 99338 80216 81149 15558 20791 46920 8667 50150 47059 67114 71283 11528 6105 92029 61309 41128 78908 24227 24900 34789 22803 76045 24889 55068 81850 84438 67764 84429 51952 28871 50967 39345 57396 22359 10201 48566 93493 12717 49535 84010 81062 42625 102 68236
94887 89853 44654 72233 45766 52629 34109 86334 12341 62165 7809 2745 4391 91132 29701 23885 86842 7303 15667 56432 73746 73898 41541 9139 66722 37976 1383 20137 86893 90564 2141 7100 94390 46544 1271 46510 56111 7139 91659 14891 73964 86662 70688 43647 13603 97133 89744 97914 10818 85882 14233 29083 38288 38017 11850 24880 80696 69261 57436 73441 40293 84239 36552 18990 54632 44253 85524 6884 55553 19776 4547 9587 96001 41351 43979 24773 48767 61404 50878 88358 18507 1234 46992 91484 80164 20904 94538 5869 95988 63896 82702 25360 80932 99112 73600 28295 90355 72506 97026 60188 76676 15030 17969 47381 26948 91144 30081 97090 42791 47651 80501 46609 43465 13072 95951 70436 12420 41173 5873 18266 53751 81905 54924 97026 6445 23964 2663 91801
28018 34671 98271 59380 92355 20640 80747 48764 24564 53762 31 55073 22064 77033 61604 40727 68667 66353 94366 19381 80814 71791 17545 10580 7305 49135 71981 35381 93083 62406 95632 40796 59379 53714 28790 80093 62577 15782 516 33384 59733 11238 75203 59647 88076 64930 32698 24066 11496 11541 40971 40343 42180 11848 76341 38854 43876 74127 77074 89937 24126 54115 52353 26320 82544 96990 61913 82093 84743 45596 24308 52479 76998 99343 77090 44098 79103 93724 88781 73298 74286 950 8189 80737 92367 35690 30606 68906 48001 27849 79476 5697 26612 51145 63621 90506 38033 15973 403 43170 20523 37918 23716 21179 46144 90430 77339 39737 19582 13353 77604 96924 89521 43759 19569 85191 41939 65242 27890 82295 51816 3871 22272 14689 26228 348 34643 77250
20685 99008 53708 93219 34051 74680 97530 71606 36966 3925 87197 32622 2738 77481 64951 75420 22265 35234 37487 4443 20902 86600 2995 17487 37529 90218 42886 62724 24595 58811 86323 48855 88961 68671 18922 1676 20488 90673 43965 1424 73711 51630 12352 33016 17332 63700 97624 82904 14644 31681 28462 21007 43976 31364 43949 68361 58081 82238 27916 99823 5926 59710 35517 33448 85383 48522 89702 13764 27869 86215 18860 47693 96306 22604 45682 41885 69297 78609 39010 6835 70661 25261 7914 96751 90311 2808 54660 66054 7063 50286 80932 18759 24563 77069 84418 65853 40244 24893 8349 32622 80547 24360 47438 54283 36862 70951 35249 10353 1818 17611 40485 61622 3942 87875 53852 71748 69990 47799 13052 52117 29352 21682 29475 54892 69148 56044 46470 84088
43200 31658 1961 58391 24689 56561 81643 91147 9757 73778 76822 39547 18419 65646 58572 85907 89271 70075 17953 46326 82248 80194 59887 58003 37615 14562 13673 496 29459 88365 42941 35886 84780 86047 80204 7671 72161 440 45584 61922 51977 63875 55750 12036 44277 82026 40148 2642 12038 78728 29328 36119 60582 8339 48718 57960 2432 69704 24831 44475 95791 39680 30267 53951 24043 8576 87803 80632 26519 93959 83710 77499 2482 42298 68048 93968 73407 77468 17043 75639 85058 68082 55365 94689 1118 58384 18086 71202 25571 25707 13041 71105 45383 54568 9282 24779 69439 42771 21972 40555 30109 91078 73767 92142 12771 74544 79044 59375 57936 9538 41233 25585 80090 78715 31775 18853 40159 58216 96900 76316 2054 52878 74440 57853 63088 27886 86645 18636
5186 20599 10442 98350 85307 1292 84146 16325 47636 4769 61146 70457 1715 32146 44059 94575 40890 58886 23285 63959 97276 80057 80356 55487 76439 72932 44128 22247 5774 44225 92493 38506 27140 91978 52618 27531 69485 49405 33445 6702 87132 80390 70288 45592 63161 30672 85318 98051 98306 23857 81420 1240 6807 8330 82592 26330 76472 59057 94454 59249 98975 82472 28953 94509 69231 19916 48527 65473 23511 98456 28950 79733 50922 17416 91784 24723 7660 59816 81582 42726 35022 89244 56722 60872 63836 30414 82123 95618 80922 4994 3935 54421 61126 4616 61901 98659 81391 83934 2177 78374 97202 14884 70113 8499 85139 50872 58403 96463 47312 42425 22267 82913 37491 84716 51375 89168 58825 72667 14248 8327 61847 90440 13780 460 57642 17078 23032 47547
66017 87098 50784 15 50806 4924 8188 84526 69927 48002 21603 36270 35497 25847 83669 12536 32533 63777 67339 45820 21528 84538 2422 7591 98746 64299 13451 9456 27890 93215 62313 70250 15704 13451 58827 86681 14705 43318 27944 66747 27983 98093 76491 51765 18198 42536 24135 16236 86126 40535 18937 69560 52412 5791 74205 55054 375 88792 30794 3218 90929 12011 30181 97203 87947 82748 51263 49314 46984 71682 70523 7147 57472 15615 29444 58328 13873 27085 58238 64457 49872 67889 98770 72575 70706 4522 18373 63697 49866 48993 85773 83289 40227 91767 40608 25704 70629 60209 81864 95221 45785 77695 62261 8437 66532 10396 30454 15389 31817 65757 20305 93379 48363 43933 45560 80305 29891 27492 22967 49485 61717 20424 48878 15384 49398 28086 19952 34636
63258 43946 3500 94965 50344 90513 31089 88305 56256 97478 91000 65330 19676 19748 83870 6785 42187 54543 54778 32815 59998 6974 59378 22339 23589 68038 67244 78527 85171 80613 49967 92708 5810 79723 4735 56376 80018 16942 93959 82913 72099 87687 70348 48846 38197 89536 58874 58540 54224 35866 17124 74112 85056 84551 23051 37953 49333 40790 53022 43415 16493 43174 60087 19924 86234 48141 35819 7492 19602 119 56388 26625 78751 43713 34337 38501 93715 34236 62054 93953 46654 65488 73166 93083 53524 71011 44091 13063 60597 97341 85762 25793 33324 55507 61602 56852 48486 2146 20557 28229 55938 96185 58905 76496 96345 90929 75015 96376 89045 79880 15369 23992 20829 36950 91035 60004 11335 69060 2329 50539 1976 2904 75008 52369 82493 80524 17069 9473
15910 95003 3902 69409 63531 14080 90604 47726 41343 55259 82103 3782 24266 91217 99522 92400 87206 77392 70458 90644 96791 72076 86943 39464 43638 61702 81691 23354 39075 97926 52195 57911 41786 86695 16434 38311 44614 89834 72957 76893 20014 56761 55082 43745 4419 63717 59181 30298 96051 5481 26561 33263 4265 74260 71468 30532 92499 29009 26608 57402 62819 1629 13265 65012 10011 12788 47193 46881 16994 77759 68439 7560 49420 20420 74307 11592 7766 57901 57641 16367 1350 85646 94241 88966 25980 81078 86285 72613 35727 33978 91721 61642 20301 1883 34915 92076 88315 16228 43989 32436 82274 34844 98735 15494 67544 3374 98983 60129 36023 53127 91169 33856 181 47153 74966 58540 34499 8576 96099 22600 52048 31595 45069 49810 54817 34860 18352 23106
89017 37647 11947 22190 21262 26512 91497 34188 62101 36835 94880 32216 73884 83010 91215 29635 81289 48467 83449 32899 78439 70653 74951 5932 47423 87932 14333 8532 5183 6215 71876 59082 28805 11826 86087 41871 93652 70778 32465 86452 61302 25007 68523 9317 4024 46491 11713 90779 22516 34408 91203 98447 51540 39974 31625 18041 52297 96686 85393 47230 79768 47148 26520 7264 93862 76058 14930 93398 50251 68816 92558 78270 6527 18519 26773 38987 94843 39250 16524 83035 95813 81239 90704 13341 52176 63944 74978 91306 83233 73111 48089 43335 20336 9932 62779 72126 87081 3665 52899 80668 88296 90072 90402 32745 34052 84750 38231 19432 79488 16243 60836 24075 65798 97193 64255 43243 65617 39886 18563 97633 18760 64964 85623 44167 13905 86031 13281 82062
93007 83340 67629 74490 92247 11190 70252 62371 64937 72556 6409 49013 7174 57030 48922 16872 80137 88451 18373 92288 14222 74622 31613 55583 3698 90198 70113 67993 17054 91113 83637 24497 62172 11313 84442 71216 77351 93265 31944 78431 12651 42810 60827 97649 80382 2805 83446 44021 14591 2885 95601 52551 85308 46349 60100 15521 14239 19714 89355 20931 15326 20246 25444 7172 26127 46705 35856 36846 49692 8289 50249 5629 65971 52927 10888 71762 30860 2745 29188 41468 88387 24899 94297 16918 59839 98010 99374 62032 5710 90536 54515 80250 40377 62442 40331 64993 11904 78482 69000 5372 92956 52239 43994 55732 11970 2917 77833 15948 40552 14054 65201 66401 3957 94484 31952 92059 6757 12643 79304 58895 71169 52609 62900 47641 23981 34394 70833 81733
48694 70288 66763 39496 3009 52300 44418 25571 71890 26540 53974 27606 59205 97037 38483 18182 3873 61387 37836 89256 88550 95971 27123 82428 19460 43517 53995 25141 45277 41052 30144 42672 75944 86994 88463 26588 18790 64541 68165 68218 17875 43393 33008 17620 9101 96373 14746 51021 73938 15328 26716 30841 45372 34574 76501 17433 33008 42895 30667 56596 84562 49826 37876 74147 89892 49380 48286 73743 38129 52952 43911 91947 83601 80805 43006 99723 63840 93807 41844 28637 75660 41535 24196 4270 22072 53169 3447 11265 61148 10205 20734 89020 11876 70301 90224 87973 42115 4697 12420 45754 77279 82005 74219 2223 23765 34603 7647 8642 74183 87056 51178 97360 89342 72791 93256 72370 89875 42905 46369 13568 70401 99900 72219 34870 4003 58787 23032 45342
19013 88072 62852 42449 71589 78171 43468 2707 42417 12517 94596 85669 28320 47646 70442 90226 72432 63132 95638 49508 6007 90283 47443 71128 54998 31321 67063 88635 24263 15503 17666 41223 98199 38306 57799 43061 64331 47978 29627 53247 95695 22370 61268 22412 5606 31363 84516 99649 65593 76098 6896 25137 33505 19711 27872 31583 87421 96190 3270 68711 23488 95835 89842 26860 77730 45276 86121 22648 55366 80443 95546 31136 96239 75904 45562 7435 67150 51973 62129 53428 62859 36915 86425 72601 29144 87085 4214 36795 88934 45543 50244 17653 33818 7802 52898 7801 50971 67933 99519 93538 74878 88808 6303 60610 64473 30321 90792 45575 96620 27475 1711 26679 60774 80349 2677 99939 25711 63968 71951 21345 93071 20075 29163 53512 21170 52612 49285 89385
18686 61514 88766 68922 53729 14322 29621 66321 6852 87795 84301 29702 68913 83573 48472 15541 8164 37700 35363 32485 71816 52542 11776 17316 65061 86063 57408 1687 34277 305 48871 79332 42724 65472 65837 60858 9666 49880 17589 74394 63034 19310 50588 36708 76954 22422 61969 82899 47239 22370 56412 15222 12224 25922 28784 49126 52867 82121 31927 21093 10339 91097 14478 72951 56552 33460 78329 44057 71033 85820 78509 87249 52190 89206 77786 77442 34549 18283 73028 56301 98036 69938 12314 4317 57682 12680 99634 31371 85245 12376 66884 21558 41256 26987 94553 19207 63499 19377 21008 6394 44813 85923 71459 57064 83577 98826 37680 93009 52056 95451 87817 52755 93732 20819 33345 44308 73989 96018 2079 40355 35605 59461 42463 6886 93316 42710 44411 20787
51507 49270 87967 86044 1865 71169 99887 99308 61054 81276 56102 83083 60535 67764 38139 52418 75579 27416 42611 98434 49130 24319 87648 62882 62593 1983 62381 43126 31645 16353 58040 7708 42338 95445 26807 88535 7712 40766 51654 66305 26224 30646 62900 2307 66356 44686 96791 25420 91178 63398 44864 17172 26070 8688 3122 47868 29415 2147 93930 67269 6233 79955 25357 19306 11339 44558 61315 67321 88146 30769 60491 49094 73755 45921 2475 23725 61254 68813 37909 24783 60753 37814 63587 88170 13433 15739 48944 70205 88704 54166 4049 90455 99347 42903 63628 14008 45965 3431 9534 97752 78435 25576 12888 58853 19639 37453 19106 29248 96502 87973 31591 69980 71765 66561 50265 4362 76633 84345 97143 34086 87996 65502 85217 35607 68132 64433 36072 35029
142032 858321 80504 1118215 493553 693174 226283 292600 304504 389434 1082728 341102 815040 1191917 301317 883735 639448 933289 935077 715073 1590448 583101 375662 121820 410340 380539 1132401 624157 471559 36015 1291860 981877 1097514 898618 265506 1428552 529058 711405 175898 1576547 354534 64057 46688 806199 918694 486768 531279 94023 435162 484388 985435 469805 719679 66364 1046338 902694 911662 231815 116956 857148 525332 867321 702348 1284826 1390857 408674 1254075 447647 1269253 729541 1120637 916985 720396 19436 1120336 532131 1162786 394306 3060 1213468 1078337 865128 671884 385127 122143 1459203 499696 107998 154394 721406 609237 1469582 690069 315323 69446 1099592 758816 628398 132375 3188 370799 223756 1073230 230297 501311 53912 526819 1177443 489147 1196576 561725 306454 94613 1172221 1177982 683881 1019797 311493 661489 116115 1012238 808893 3242 155395 192362 1394952 469804 674814
