64
0 1 1 1 1 1 1 1 1 1 0 1 1 1 1 1 1 1 1 1 1 1 1 1 1 1 1 1 1 1 1 0 1 1 1 1 1 1 1 1 1 1 1 1 0 1 1 1 1 1 1 1 1 1 1 1 1 1 1 1 1 1 1 1
1 0 1 1 1 1 1 1 1 1 1 1 1 1 1 1 0 1 1 1 1 1 1 1 1 1 1 1 1 1 1 1 1 1 1 1 1 1 1 1 1 1 1 1 1 1 1 1 1 1 1 1 1 1 1 1 1 1 1 1 0 1 1 1
1 1 0 1 1 1 1 1 1 1 1 1 1 1 1 1 1 0 1 1 1 1 1 1 1 1 1 1 1 1 1 1 1 1 1 1 1 1 1 1 1 0 1 1 1 1 1 1 1 1 1 1 1 1 1 1 1 1 1 1 1 1 1 1
1 1 1 0 1 1 1 1 1 1 1 1 1 1 1 1 1 1 1 1 1 1 1 0 1 1 1 1 1 1 1 1 1 1 1 1 1 1 1 1 1 1 1 1 1 1 1 1 1 1 1 1 1 1 1 1 1 0 1 1 1 1 1 1
1 1 1 1 0 1 1 1 1 1 1 1 1 1 1 1 1 1 1 1 1 1 0 0 1 1 0 1 1 1 1 1 1 0 0 1 1 1 1 1 1 1 1 1 1 1 1 1 1 1 1 0 1 1 1 1 1 1 1 1 1 1 1 1
1 1 1 1 1 0 1 1 1 1 1 1 1 1 1 1 1 1 1 1 1 1 1 1 1 1 1 1 1 1 1 1 1 1 1 1 1 1 1 1 1 1 1 1 1 1 1 1 1 1 1 1 1 1 1 1 1 1 1 1 1 1 1 1
1 1 1 1 1 1 0 1 1 1 1 1 1 1 1 1 0 1 1 1 1 1 1 1 1 1 1 1 1 1 1 1 1 1 1 1 1 1 1 1 1 1 1 1 1 1 1 1 1 1 1 1 1 1 1 0 1 1 1 1 1 1 1 1
1 1 1 1 1 1 1 0 1 1 1 1 1 1 1 1 1 0 1 1 1 1 1 1 1 1 1 1 1 1 1 1 1 1 1 1 1 1 1 1 1 1 1 1 1 1 1 1 1 1 1 1 1 1 1 1 1 1 1 1 1 1 1 1
1 1 1 1 1 1 1 1 0 1 1 1 1 1 1 1 0 1 1 1 1 1 1 1 1 1 1 1 1 1 1 1 1 1 1 1 1 1 1 1 0 1 1 1 1 1 1 1 1 1 1 1 1 1 1 1 1 1 0 1 0 1 1 1
1 1 1 1 1 1 1 1 1 0 1 1 1 1 1 1 1 1 1 1 1 1 1 0 1 1 1 1 1 1 1 1 1 1 1 1 0 1 1 1 0 1 1 1 1 1 1 1 1 1 1 1 1 1 1 1 1 1 1 1 1 1 1 1
0 1 1 1 1 1 1 1 1 1 0 1 0 1 1 1 1 1 1 1 1 1 1 1 1 1 1 1 1 0 1 1 1 1 1 1 1 1 1 1 1 1 1 1 1 1 1 1 1 1 1 1 1 1 1 1 1 1 1 1 1 1 1 1
1 1 1 1 1 1 1 1 1 1 1 0 1 1 1 1 1 1 1 1 1 0 1 1 0 1 1 1 1 1 0 1 1 1 1 0 1 1 1 1 1 1 1 1 1 1 1 1 1 1 1 1 1 1 1 1 1 1 1 1 1 1 1 1
1 1 1 1 1 1 1 1 1 1 0 1 0 1 1 1 0 1 1 1 1 1 1 0 0 1 1 1 1 1 1 1 1 1 1 1 1 1 1 1 1 1 1 1 1 1 1 1 1 1 1 1 1 1 1 1 1 1 1 1 1 1 1 1
1 1 1 1 1 1 1 1 1 1 1 1 1 0 1 1 0 1 1 1 0 1 1 1 1 1 1 1 1 1 1 1 1 1 1 1 1 1 1 1 1 1 1 1 1 1 1 1 1 1 1 1 1 1 1 1 1 1 1 1 1 1 1 1
1 1 1 1 1 1 1 1 1 1 1 1 1 1 0 1 1 1 1 0 1 1 1 1 1 1 1 1 1 1 1 0 1 1 1 1 1 1 1 1 1 1 1 1 1 1 1 1 0 1 1 1 1 1 1 1 1 1 1 1 1 1 1 1
1 1 1 1 1 1 1 1 1 1 1 1 1 1 1 0 1 1 1 1 1 1 1 0 1 1 1 1 1 1 1 1 1 1 1 1 1 1 1 1 1 1 1 1 1 1 1 1 1 1 1 1 1 1 1 1 1 1 1 1 1 1 1 1
1 0 1 1 1 1 0 1 0 1 1 1 0 0 1 1 0 1 1 1 1 1 1 1 1 1 1 1 1 1 1 1 1 1 1 1 1 1 1 1 1 1 1 1 1 1 1 0 0 1 1 1 1 0 1 1 0 1 1 1 0 1 1 1
1 1 0 1 1 1 1 0 1 1 1 1 1 1 1 1 1 0 1 1 1 1 1 1 1 1 1 1 1 1 1 1 1 1 1 1 1 1 1 1 1 1 0 1 1 1 1 1 1 1 1 1 1 1 1 1 1 1 1 1 1 1 1 1
1 1 1 1 1 1 1 1 1 1 1 1 1 1 1 1 1 1 0 1 1 1 1 1 1 1 1 1 1 1 1 1 1 1 1 1 1 1 1 1 0 0 1 1 1 1 1 0 1 1 0 1 0 1 1 1 1 1 1 1 1 1 1 1
1 1 1 1 1 1 1 1 1 1 1 1 1 1 0 1 1 1 1 0 1 1 1 1 1 1 1 1 0 1 1 1 1 1 1 1 1 1 1 1 1 1 1 1 1 1 1 1 1 1 1 1 1 1 0 1 1 1 1 1 1 1 1 1
1 1 1 1 1 1 1 1 1 1 1 1 1 0 1 1 1 1 1 1 0 1 1 1 1 1 0 1 1 1 1 1 1 1 1 1 1 1 1 1 1 1 1 1 1 1 1 1 0 1 1 1 1 1 1 1 1 1 1 1 1 1 1 0
1 1 1 1 1 1 1 1 1 1 1 0 1 1 1 1 1 1 1 1 1 0 1 1 1 1 1 1 1 1 1 1 0 1 1 1 1 1 1 1 0 1 1 1 1 1 1 1 1 1 1 1 0 1 1 1 1 1 1 1 1 0 1 1
1 1 1 1 0 1 1 1 1 1 1 1 1 1 1 1 1 1 1 1 1 1 0 1 1 1 1 1 1 1 1 1 1 1 1 1 1 1 1 1 1 1 1 1 1 1 1 1 1 1 1 0 1 1 0 1 1 1 1 1 1 1 1 1
1 1 1 0 0 1 1 1 1 0 1 1 0 1 1 0 1 1 1 1 1 1 1 0 1 1 1 1 1 1 0 1 1 1 1 1 1 1 1 1 1 1 1 1 1 1 1 1 1 1 1 1 1 1 1 1 1 1 1 1 1 1 1 1
1 1 1 1 1 1 1 1 1 1 1 0 0 1 1 1 1 1 1 1 1 1 1 1 0 1 1 1 1 1 1 1 1 1 1 1 1 1 1 1 1 1 1 1 1 1 1 1 1 1 1 1 1 1 1 1 1 1 1 1 1 1 1 1
1 1 1 1 1 1 1 1 1 1 1 1 1 1 1 1 1 1 1 1 1 1 1 1 1 0 1 1 1 1 1 1 1 1 1 1 1 1 1 1 1 1 1 1 1 1 1 1 1 1 1 1 1 1 1 1 1 1 1 1 1 1 1 1
1 1 1 1 0 1 1 1 1 1 1 1 1 1 1 1 1 1 1 1 0 1 1 1 1 1 0 1 1 1 1 1 1 0 1 1 0 1 1 1 1 1 1 1 1 1 1 0 1 1 1 1 1 1 1 1 1 0 1 1 1 1 0 1
1 1 1 1 1 1 1 1 1 1 1 1 1 1 1 1 1 1 1 1 1 1 1 1 1 1 1 0 1 1 1 1 1 1 1 1 1 1 1 1 1 1 1 1 1 1 1 1 1 1 1 1 1 1 1 1 1 1 1 1 1 1 1 1
1 1 1 1 1 1 1 1 1 1 1 1 1 1 1 1 1 1 1 0 1 1 1 1 1 1 1 1 0 1 1 1 1 1 1 1 1 1 1 1 1 1 1 1 1 1 1 1 1 1 1 1 1 1 1 1 1 1 1 1 1 1 1 1
1 1 1 1 1 1 1 1 1 1 0 1 1 1 1 1 1 1 1 1 1 1 1 1 1 1 1 1 1 0 1 1 1 0 1 1 1 1 1 1 1 1 1 1 1 1 1 1 1 1 1 1 1 1 1 1 1 1 1 1 0 1 1 1
1 1 1 1 1 1 1 1 1 1 1 0 1 1 1 1 1 1 1 1 1 1 1 0 1 1 1 1 1 1 0 1 1 1 1 1 0 1 0 1 1 1 1 1 1 1 1 1 1 1 1 1 1 1 1 1 1 1 1 1 1 1 1 1
0 1 1 1 1 1 1 1 1 1 1 1 1 1 0 1 1 1 1 1 1 1 1 1 1 1 1 1 1 1 1 0 1 1 1 1 1 1 1 1 1 1 1 1 1 1 0 1 1 1 1 1 1 1 1 0 1 1 1 1 1 1 1 1
1 1 1 1 1 1 1 1 1 1 1 1 1 1 1 1 1 1 1 1 1 0 1 1 1 1 1 1 1 1 1 1 0 1 1 1 1 1 1 1 1 1 1 1 1 1 1 1 1 1 0 1 1 1 1 1 1 1 1 1 1 1 1 1
1 1 1 1 0 1 1 1 1 1 1 1 1 1 1 1 1 1 1 1 1 1 1 1 1 1 0 1 1 0 1 1 1 0 1 1 1 1 1 1 1 1 1 1 1 1 1 1 1 1 1 1 1 0 1 1 1 1 1 1 1 0 1 1
1 1 1 1 0 1 1 1 1 1 1 1 1 1 1 1 1 1 1 1 1 1 1 1 1 1 1 1 1 1 1 1 1 1 0 1 1 1 1 1 1 1 1 1 1 1 1 1 1 1 1 1 1 1 1 1 1 1 1 1 1 0 1 1
1 1 1 1 1 1 1 1 1 1 1 0 1 1 1 1 1 1 1 1 1 1 1 1 1 1 1 1 1 1 1 1 1 1 1 0 1 1 1 1 1 1 1 1 1 1 1 1 1 1 1 1 1 1 1 1 1 1 1 1 1 1 1 1
1 1 1 1 1 1 1 1 1 0 1 1 1 1 1 1 1 1 1 1 1 1 1 1 1 1 0 1 1 1 0 1 1 1 1 1 0 1 1 1 1 1 1 1 1 0 1 1 0 1 1 1 1 1 1 1 1 1 1 1 1 1 1 1
1 1 1 1 1 1 1 1 1 1 1 1 1 1 1 1 1 1 1 1 1 1 1 1 1 1 1 1 1 1 1 1 1 1 1 1 1 0 1 1 1 1 1 1 1 1 1 1 1 1 1 1 1 1 1 1 1 1 1 1 1 1 1 1
1 1 1 1 1 1 1 1 1 1 1 1 1 1 1 1 1 1 1 1 1 1 1 1 1 1 1 1 1 1 0 1 1 1 1 1 1 1 0 1 1 1 1 0 1 1 1 1 1 1 1 1 1 1 1 1 1 0 1 1 1 1 1 1
1 1 1 1 1 1 1 1 1 1 1 1 1 1 1 1 1 1 1 1 1 1 1 1 1 1 1 1 1 1 1 1 1 1 1 1 1 1 1 0 1 1 1 1 1 1 1 1 1 1 1 1 1 1 1 1 1 1 1 1 1 1 1 1
1 1 1 1 1 1 1 1 0 0 1 1 1 1 1 1 1 1 0 1 1 0 1 1 1 1 1 1 1 1 1 1 1 1 1 1 1 1 1 1 0 1 1 1 1 1 1 1 1 1 1 1 1 1 1 0 1 1 1 1 1 1 1 1
1 1 0 1 1 1 1 1 1 1 1 1 1 1 1 1 1 1 0 1 1 1 1 1 1 1 1 1 1 1 1 1 1 1 1 1 1 1 1 1 1 0 1 1 1 1 1 1 1 1 1 1 1 1 1 1 0 1 1 1 1 1 1 1
1 1 1 1 1 1 1 1 1 1 1 1 1 1 1 1 1 0 1 1 1 1 1 1 1 1 1 1 1 1 1 1 1 1 1 1 1 1 1 1 1 1 0 1 1 1 1 1 1 1 0 0 1 1 1 1 1 1 1 1 1 1 1 1
1 1 1 1 1 1 1 1 1 1 1 1 1 1 1 1 1 1 1 1 1 1 1 1 1 1 1 1 1 1 1 1 1 1 1 1 1 1 0 1 1 1 1 0 1 1 1 1 1 1 1 1 1 1 1 1 1 1 1 1 1 1 1 1
0 1 1 1 1 1 1 1 1 1 1 1 1 1 1 1 1 1 1 1 1 1 1 1 1 1 1 1 1 1 1 1 1 1 1 1 1 1 1 1 1 1 1 1 0 0 1 1 1 1 1 1 1 1 1 1 1 1 1 1 1 1 1 1
1 1 1 1 1 1 1 1 1 1 1 1 1 1 1 1 1 1 1 1 1 1 1 1 1 1 1 1 1 1 1 1 1 1 1 1 0 1 1 1 1 1 1 1 0 0 1 1 1 1 1 1 1 1 1 1 1 1 1 1 1 1 1 1
1 1 1 1 1 1 1 1 1 1 1 1 1 1 1 1 1 1 1 1 1 1 1 1 1 1 1 1 1 1 1 0 1 1 1 1 1 1 1 1 1 1 1 1 1 1 0 1 1 1 1 1 1 1 1 1 1 1 1 1 1 1 1 1
1 1 1 1 1 1 1 1 1 1 1 1 1 1 1 1 0 1 0 1 1 1 1 1 1 1 0 1 1 1 1 1 1 1 1 1 1 1 1 1 1 1 1 1 1 1 1 0 0 1 1 1 1 1 0 1 1 1 1 1 1 1 1 1
1 1 1 1 1 1 1 1 1 1 1 1 1 1 0 1 0 1 1 1 0 1 1 1 1 1 1 1 1 1 1 1 1 1 1 1 0 1 1 1 1 1 1 1 1 1 1 0 0 0 1 1 1 0 1 1 1 0 1 1 1 1 1 1
1 1 1 1 1 1 1 1 1 1 1 1 1 1 1 1 1 1 1 1 1 1 1 1 1 1 1 1 1 1 1 1 1 1 1 1 1 1 1 1 1 1 1 1 1 1 1 1 0 0 1 1 1 1 1 1 1 1 1 1 1 1 1 1
1 1 1 1 1 1 1 1 1 1 1 1 1 1 1 1 1 1 0 1 1 1 1 1 1 1 1 1 1 1 1 1 0 1 1 1 1 1 1 1 1 1 0 1 1 1 1 1 1 1 0 1 1 1 1 1 1 1 1 1 1 1 1 1
1 1 1 1 0 1 1 1 1 1 1 1 1 1 1 1 1 1 1 1 1 1 0 1 1 1 1 1 1 1 1 1 1 1 1 1 1 1 1 1 1 1 0 1 1 1 1 1 1 1 1 0 1 1 1 1 1 1 1 1 1 1 1 1
1 1 1 1 1 1 1 1 1 1 1 1 1 1 1 1 1 1 0 1 1 0 1 1 1 1 1 1 1 1 1 1 1 1 1 1 1 1 1 1 1 1 1 1 1 1 1 1 1 1 1 1 0 1 1 1 1 1 1 1 1 1 1 0
1 1 1 1 1 1 1 1 1 1 1 1 1 1 1 1 0 1 1 1 1 1 1 1 1 1 1 1 1 1 1 1 1 0 1 1 1 1 1 1 1 1 1 1 1 1 1 1 0 1 1 1 1 0 1 0 1 1 1 1 1 1 1 1
1 1 1 1 1 1 1 1 1 1 1 1 1 1 1 1 1 1 1 0 1 1 0 1 1 1 1 1 1 1 1 1 1 1 1 1 1 1 1 1 1 1 1 1 1 1 1 0 1 1 1 1 1 1 0 1 1 1 1 1 1 1 1 1
1 1 1 1 1 1 0 1 1 1 1 1 1 1 1 1 1 1 1 1 1 1 1 1 1 1 1 1 1 1 1 0 1 1 1 1 1 1 1 1 0 1 1 1 1 1 1 1 1 1 1 1 1 0 1 0 1 1 1 1 1 1 1 1
1 1 1 1 1 1 1 1 1 1 1 1 1 1 1 1 0 1 1 1 1 1 1 1 1 1 1 1 1 1 1 1 1 1 1 1 1 1 1 1 1 0 1 1 1 1 1 1 1 1 1 1 1 1 1 1 0 1 1 1 1 1 1 1
1 1 1 0 1 1 1 1 1 1 1 1 1 1 1 1 1 1 1 1 1 1 1 1 1 1 0 1 1 1 1 1 1 1 1 1 1 1 0 1 1 1 1 1 1 1 1 1 0 1 1 1 1 1 1 1 1 0 1 1 1 1 1 1
1 1 1 1 1 1 1 1 0 1 1 1 1 1 1 1 1 1 1 1 1 1 1 1 1 1 1 1 1 1 1 1 1 1 1 1 1 1 1 1 1 1 1 1 1 1 1 1 1 1 1 1 1 1 1 1 1 1 0 1 1 0 1 1
1 1 1 1 1 1 1 1 1 1 1 1 1 1 1 1 1 1 1 1 1 1 1 1 1 1 1 1 1 1 1 1 1 1 1 1 1 1 1 1 1 1 1 1 1 1 1 1 1 1 1 1 1 1 1 1 1 1 1 0 1 1 1 1
1 0 1 1 1 1 1 1 0 1 1 1 1 1 1 1 0 1 1 1 1 1 1 1 1 1 1 1 1 0 1 1 1 1 1 1 1 1 1 1 1 1 1 1 1 1 1 1 1 1 1 1 1 1 1 1 1 1 1 1 0 1 1 1
1 1 1 1 1 1 1 1 1 1 1 1 1 1 1 1 1 1 1 1 1 0 1 1 1 1 1 1 1 1 1 1 1 0 0 1 1 1 1 1 1 1 1 1 1 1 1 1 1 1 1 1 1 1 1 1 1 1 0 1 1 0 1 1
1 1 1 1 1 1 1 1 1 1 1 1 1 1 1 1 1 1 1 1 1 1 1 1 1 1 0 1 1 1 1 1 1 1 1 1 1 1 1 1 1 1 1 1 1 1 1 1 1 1 1 1 1 1 1 1 1 1 1 1 1 1 0 1
1 1 1 1 1 1 1 1 1 1 1 1 1 1 1 1 1 1 1 1 0 1 1 1 1 1 1 1 1 1 1 1 1 1 1 1 1 1 1 1 1 1 1 1 1 1 1 1 1 1 1 1 0 1 1 1 1 1 1 1 1 1 1 0
45319 68048 56535 21298 98555 4768 46960 31732 2801 62194 65927 20159 6396 42309 65730 50765 61397 87427 17363 49595 16030 79027 82518 88627 96786 38985 75209 41558 28180 37552 5865 7920 79294 75273 97342 69018 61166 1692 90603 70466 56446 23877 60833 10468 18227 17876 99049 936 28735 17571 58443 53122 60589 74303 12523 38750 7917 36731 85682 65761 66568 43200 22230 29384 60352 47985 69619 85059 30108 81250 52032 78290 72969 83792 9261 63914 89037 10998 29161 26353 58126 24685 51462 33562 46999 78339 83806 95833 28211 61183 38687 44611 63867 48049 19598 19203 62066 91257 34947 2321 55893 83026 84390 47825 74605 24310 15196 78591 23280 46591 54386 71074 11864 81243 31853 58006 96632 39017 59788 57977 75708 59784 91531 50142 75639 43813 23267 18155
19518 35421 545 28605 3148 40435 92676 1584 63258 12339 69267 77828 75984 71610 59395 10024 4464 24827 13241 28274 57998 30668 64142 73202 46091 9887 15927 8707 73552 3813 46761 94204 57099 13137 66898 99564 85838 34472 54731 68564 40685 88340 41282 61620 1622 16454 55682 75888 78598 76055 20129 61350 72968 75267 20769 58498 41328 85770 70929 73059 11305 95487 43594 45367 1341 78078 78239 61095 53812 79526 89281 77021 72679 16718 50955 37237 6281 92096 27001 19859 31324 96333 82193 43298 74648 10477 46728 37874 94472 46002 43530 51365 1415 19267 57716 88368 45932 38764 34766 6033 69212 59551 7825 68048 58506 80688 41618 85580 15854 5145 62994 83113 34111 90286 19674 36719 46397 43867 62266 59230 84824 98796 79980 15699 87160 27009 57309 36229
19948 78688 70831 39779 133 7687 27937 51045 14170 23684 34297 80171 9181 14447 44923 96955 98466 10048 93229 97949 22015 68064 9697 77223 26726 85619 13891 25747 69130 85085 85888 89086 60529 30299 26376 20378 870 73000 74834 2053 92024 99808 70784 68443 31999 59125 70595 36326 1131 99805 56217 19583 43294 36616 40058 23954 19035 45259 43383 25675 3731 85629 13652 4691 46666 18035 54692 62605 26352 23526 42242 57894 10539 44131 38110 94603 64694 63216 36523 78331 61308 78668 13004 95237 60398 26735 78666 92536 73616 34914 81410 18758 64619 70754 4136 7234 80299 4905 80046 68263 42094 79762 9974 76298 30344 33821 57448 73063 49396 52698 19779 89400 81135 70006 22789 7473 87949 98355 45382 15672 79853 19056 54686 75219 8608 15643 76370 78010
77673 67814 70516 51727 44589 59850 64882 8948 84787 43809 83719 29796 32703 31853 42690 8161 19949 92253 65630 2312 58043 36376 89472 81062 49891 38843 58501 60237 38411 99826 633 87433 52887 39673 20823 30116 46953 80642 81605 81274 90317 19101 33523 73094 64976 22073 28603 35334 30372 17193 89310 16470 15509 86278 88479 70628 55167 65191 33238 28536 55095 68353 87409 64863 93743 4789 19904 77602 23544 51222 15343 24030 96635 75058 35039 4182 22514 75988 37606 17568 63249 5822 34820 55853 83771 37460 40888 1442 23900 18133 20099 79886 85330 92743 16127 74169 69481 43738 72855 44727 67680 1651 54390 45382 51290 68243 8125 9061 44882 55849 67659 33402 17367 78261 96707 76530 76 574 72172 66848 51343 42274 69809 34721 29039 5793 69542 29057
72474 9769 17669 72706 57454 40407 32020 721 33794 96850 16959 11875 77698 42283 86218 31901 57483 20688 44051 91089 77860 18236 91429 25515 4256 95707 50136 52830 26535 18164 86848 41897 8947 80179 2893 23864 11723 30572 90590 10480 81294 59778 73645 66590 81073 73544 10758 13340 40199 35810 44047 98306 14690 36073 81273 47850 83571 40645 51961 23212 16288 16308 61366 9631 24503 61383 15065 84045 40125 98138 9767 77703 25096 89659 60728 15999 38876 31755 10923 58249 75451 37934 67626 13353 58451 19889 74203 19574 18708 49819 5988 58671 5814 57984 31726 31441 7019 84035 83495 24976 36828 91716 57708 71064 21454 23031 3911 15030 14314 72135 66168 39738 37233 70586 83066 16962 43364 94228 80276 96934 19900 66873 19337 98574 79480 26858 21750 13703
22646 65303 36493 35278 26100 36141 76236 7801 50372 98960 42849 60000 11068 16036 36924 31023 65091 68408 72163 8481 157 13040 21113 44253 68720 14542 36757 51245 68983 25610 47340 5432 46080 51985 37731 76989 68395 31001 65974 91937 86084 98728 95066 82800 39587 85781 49055 52809 82667 29322 77439 78355 55484 22618 68449 96802 89604 53885 77344 28238 45560 46539 35837 99410 33637 30602 71324 2509 87181 42614 65521 58198 671 222 44623 71226 26278 18208 68559 803 10948 4628 87874 90603 17145 8823 17351 89666 36347 49725 68254 97036 66183 45860 49803 35301 4751 57074 72829 37920 24194 69302 46655 727 63987 92679 6491 76654 61455 85504 82771 92567 46330 50499 8883 19525 5147 18155 47738 66478 78522 30740 83838 43816 73182 29714 38263 77857
56696 76949 58326 63841 60185 24462 72366 37375 77541 4771 49549 60849 38798 20410 35155 68507 39970 84391 93684 73568 41241 22468 44551 44654 46518 53687 21760 12306 68187 24135 51707 58553 97429 32224 11541 95529 1036 49005 16468 83359 78150 73942 11563 42997 38345 107 61217 88010 66548 23724 22133 76917 70841 10481 65589 18247 89412 5710 59643 94126 24989 19207 14285 13758 15482 42811 94572 88194 58565 5183 5019 45733 3508 42831 57333 55926 51873 87082 15393 5263 30597 46671 75067 42831 13125 80042 48445 51341 21574 98072 68366 77132 70008 36460 79926 78437 79192 70922 92505 38967 51013 75827 90489 14704 60815 97034 44326 59082 68946 92378 58530 50777 73429 79203 41001 72853 68419 86428 36613 7890 97369 14052 92514 94543 53687 46060 99759 75676
55437 47952 7728 21103 31890 68075 91417 59686 28520 28833 22656 81830 89672 58525 31417 57637 14650 8157 11713 43667 27830 30205 20594 94291 18451 62717 86 58568 92248 38592 87749 42592 46086 6935 16288 10057 74222 84192 7287 48662 23379 85006 57481 41051 35416 80224 35216 19458 94577 85297 94436 39557 52854 5277 78786 7026 60473 83862 90116 43391 86302 82148 41220 97541 10928 10986 70579 6091 23181 78385 66261 66052 22851 1928 10585 22973 77722 51006 81037 11230 36974 48795 33193 59830 14022 9596 16666 48197 97597 21560 86413 51956 79147 37933 58147 60680 4542 52890 57080 3726 37003 68668 16442 42934 24375 31345 92134 90952 3070 75092 42207 92983 64542 21424 85491 15435 4415 46184 84631 76038 71374 83109 82950 63775 94761 60070 25141 62042
33008 83592 86303 1022 6698 48487 84787 85901 62091 42507 56512 67979 91316 68774 83018 50675 45979 64594 9477 3612 77639 60276 87299 70845 51062 63832 54274 10692 87804 85329 74008 43258 61918 46522 60638 59911 36502 28955 77861 60700 43902 78810 92919 32151 92541 37027 8932 99757 81884 48280 16575 4257 97987 81726 9581 17809 59232 40994 4900 2550 26361 11345 77071 77405 83468 28138 89407 10294 3323 17664 83679 45101 42088 66006 90893 73399 1476 60955 25846 55580 68404 39661 35436 84916 14681 1865 82477 61303 22189 10473 24987 59395 63886 23644 29796 21184 90363 1618 89915 1840 84111 60904 95030 48584 9995 55594 42195 8063 26763 22128 78051 56141 28518 97147 95422 76395 85086 91497 67498 68901 64713 50947 89215 56317 85304 83371 69178 98186
82797 26315 83858 59447 10200 48059 9340 63646 4756 78379 20850 39281 91060 62359 42418 98105 84473 61833 83163 25211 49595 8037 30394 94256 65609 38247 58191 62170 68682 25144 19728 10234 5632 95731 33703 61690 56343 16723 84382 72129 90874 33045 78332 4053 50636 28869 64291 50705 93951 11278 94883 22992 64437 52913 67187 21616 36663 97713 84189 99918 96730 69061 39716 29754 8039 78221 72285 1810 8601 58220 44417 95294 92225 65339 60432 473 23328 37985 51300 39079 4000 10228 50033 28445 81694 18479 24410 49765 86909 20741 44861 37784 49694 65207 55799 67332 68469 32693 39087 41129 19777 65161 20483 90080 79409 71797 36037 15549 71286 32507 28549 59194 90861 52685 76495 47999 18800 54314 98033 71013 35839 69022 227 91626 14287 76091 29962 95563
15109 46696 84561 18393 59377 98853 10454 9196 40832 29688 80064 26846 52769 57463 18603 56595 37471 34015 21024 46891 52824 94145 59776 95146 74081 4404 12095 87363 86801 66629 99776 40509 30650 13385 10220 87129 64201 24244 97671 78417 20586 55714 31448 12693 74538 89496 79792 33281 96552 85319 2237 99177 29831 32536 30201 65642 27968 79132 70882 3101 29520 63360 32122 80586 27500 41184 67340 38430 94506 63164 11884 97296 37281 87680 40392 53978 9564 66108 80891 69598 96091 39905 28266 86336 91896 40068 79679 92399 60511 92669 93076 30219 16013 69440 30475 56552 63031 38039 28556 27158 94075 19095 83306 88343 32846 17947 87482 24901 14497 66139 96095 78888 21519 6038 19568 16775 36107 57518 91417 61697 7873 71910 20978 442 89795 81805 18771 47298
12634 83960 70877 56364 19337 98488 98680 40088 12656 82107 45045 67559 14972 97630 11078 13596 92582 38659 90773 79465 12547 85790 11102 30809 37250 94528 5538 41215 80959 83381 38964 41138 25940 8412 20757 33187 86891 50985 90637 92188 63596 69708 30491 97142 74901 42831 40398 33504 63103 79364 61951 85948 29031 70993 63303 21048 29922 18780 46540 44137 84009 38805 18645 21178 96148 68031 7930 23075 46448 36589 91378 19059 67736 32940 80297 11951 4197 25279 58103 54465 80228 7385 82750 90717 65661 79576 20995 9842 77589 44260 697 69878 58572 17469 77288 78265 1374 55450 90611 92250 51382 73299 60541 79215 78957 70519 63298 92971 48544 9233 22181 51535 76331 85788 95245 10426 90872 51343 60373 97379 50073 14993 82642 40907 18299 69935 836 79798
87694 64686 80497 34422 99520 62296 49264 59301 31816 63809 97470 5952 96683 60168 16595 71187 59314 56688 78540 46650 19629 62232 6191 26327 52705 52140 33867 52131 94567 48268 23603 48276 73514 7201 78735 47174 63889 71029 26088 38204 55907 82817 98318 55541 4029 46958 31747 40724 85468 68149 43232 51672 12958 83468 11127 19753 29866 45346 63604 47293 43984 99281 27162 94813 56014 9474 34075 32873 28642 62209 8523 97987 99437 89202 89554 19751 86190 69131 46753 7328 25900 69214 8874 51081 20743 90587 87401 7044 73178 45218 10262 40810 35943 48814 9030 27298 51113 42467 19639 93717 67353 55270 67191 62380 237 71154 74341 65863 23659 35822 8273 66531 8609 57055 43452 9282 61400 9845 83709 78961 21453 44235 94271 59078 83851 93288 26027 52376
65391 26884 75782 4317 70420 30870 62131 45172 5783 99249 84476 52464 69031 45854 94632 90380 22802 15491 23455 33261 59291 12986 13477 87668 78256 22737 25198 7805 12518 28276 43540 28974 26719 34975 15646 56633 37760 89439 96686 8051 33259 7360 67170 65215 42037 41874 4358 76272 87955 77191 80262 52057 82656 22436 11264 88150 21052 91292 750 22095 1801 99697 9638 13670 20570 69269 36940 57879 3262 33631 18523 33590 80301 50403 11529 59072 87398 74035 60694 72235 29326 95836 84449 78133 24506 11257 84235 80582 64535 70322 81895 70863 43302 23181 53798 70264 51988 18731 82288 54992 56773 3100 96340 96277 47464 1023 38862 63338 35560 9843 36723 81284 58045 31208 22868 86861 16460 28403 86526 49477 82012 67656 36602 64058 46874 39824 9017 93641
28525 83280 79581 191 88423 98577 68516 37622 73605 91835 38794 5602 33693 68086 82731 86576 8011 94388 45889 38268 61344 50296 35126 45441 82627 62110 14748 15270 91390 6773 2155 44915 78209 2731 47357 22182 96853 36453 39742 45891 70958 43975 66144 90118 76311 99705 14941 42091 36813 92367 78890 9101 65417 99167 81566 93635 97392 56583 36387 62319 96052 53119 85994 2893 46804 23391 33274 12765 75065 46589 31984 30563 68489 44421 51514 54250 34048 1780 27044 98063 36995 13626 53869 9939 18866 77462 12826 15336 92948 90162 38396 21174 58277 67300 12339 64903 22957 26415 8882 37465 9667 50991 17952 79819 7345 528 10796 50683 65375 5610 57331 52646 23697 59054 25789 79619 76507 31692 69987 54178 44992 18769 58293 18215 86497 11554 16485 18081
52637 95382 11871 36151 1212 42048 4065 12557 54918 21112 40499 10670 54133 22655 26329 89271 98804 16684 92199 170 66210 97414 41547 93523 15139 97007 77709 98982 97234 76546 39300 91135 96705 43657 22540 15333 41845 43603 87277 93033 30507 18693 96979 74143 52376 21449 6007 64891 41153 83375 65282 1530 98013 48900 55870 27539 72193 82593 92011 59634 40995 67156 37461 56833 51864 26427 97808 79154 39355 46556 12857 83316 11971 65054 83180 60844 784 72979 43275 84882 64752 4648 53526 92920 19661 62120 8984 18581 49719 24579 84085 98925 9823 38304 62386 48673 21907 44031 14383 4525 25266 98807 90840 688 7399 37833 66888 20906 24539 51688 55205 51449 33014 29476 35298 72357 24278 82588 17964 67478 23795 68278 23168 24109 26254 37070 50240 5352
62387 8860 99955 10118 91881 84426 83048 60246 34459 11094 46599 85566 66511 78205 58797 58401 66262 15401 39724 58763 48135 55258 49373 49057 22012 50114 49167 97658 29497 25354 32939 25872 33618 13357 14704 64977 93235 75320 33035 49999 38359 87259 78291 93258 53489 31825 48683 94174 36646 3502 16500 70199 57349 56511 38058 16070 71268 60446 37619 82554 17227 19564 15427 57188 62786 29547 41651 36814 41108 94967 29627 40409 96264 35290 40383 99595 32577 86 15943 59916 68056 46939 78442 66390 86689 29977 51645 1199 63427 49063 9021 79639 71972 71759 39277 38536 22040 40732 81824 84575 88758 94093 77822 79635 80566 78608 56424 74504 43601 85586 73478 68461 72766 54007 17846 10882 40695 8825 82143 2033 24925 46090 7741 49170 49768 13460 76769 9295
35339 84760 10095 68662 34820 39683 15039 79715 30938 69199 63456 33830 40312 15803 44683 98956 10220 54827 43807 78408 43541 65898 47471 93955 60574 27356 36911 79151 84141 63264 98744 85626 26544 31620 75317 32201 21436 19427 22466 31769 1905 37740 56923 89281 76870 72463 48653 99836 11492 30627 68580 63698 17746 24073 5997 95427 11825 54913 63384 99788 87187 16247 18726 71206 16399 67345 86462 72402 47356 26486 28863 4883 36853 8568 2274 9164 29226 84850 25478 30570 25073 68507 10854 91486 64307 90651 52472 71862 54005 81635 1924 52560 56993 35864 3062 85440 72678 95675 13 10319 35637 26601 15680 2971 19196 26977 70496 30179 12292 66227 49428 56784 39298 38434 72037 73336 88015 74700 85573 82805 7847 43685 28406 52704 75160 72202 88478 26597
33000 51970 7496 67513 85729 92554 88460 38589 90310 73613 63313 71640 93950 85031 79939 28330 17594 56740 27084 63111 40617 10638 37575 94255 61220 47175 88537 24113 99035 95614 62211 79204 44757 1259 44945 66433 54459 40862 11836 44818 82692 15039 96960 85402 2473 1601 17679 12274 30246 87570 45811 10350 58427 81273 31847 95629 55684 38384 43672 51177 49727 400 36149 12977 87935 75698 24671 22196 52287 94557 67780 94161 14768 1434 56243 51518 44047 55934 32152 49026 31664 90174 64492 40738 14332 75139 27770 19862 65427 34106 8073 71552 96021 41368 72124 56434 86953 43470 42675 52437 24263 47768 43018 63688 40001 86647 70424 85315 38667 43819 29641 57493 47139 29591 23370 35056 78701 12991 60436 71019 12092 67450 27786 30374 52190 1293 48526 34999
95489 67614 35377 74029 66930 34197 12833 27791 37409 95293 93059 87416 55360 47586 59039 66639 82631 53856 56749 6461 72345 81231 49156 49328 88114 11985 26009 60745 94245 29776 11887 66387 74738 5924 65272 75112 48225 49602 83827 45100 56907 61992 25315 61464 48564 22284 56951 68110 47158 86056 36212 42801 46411 28230 8065 42274 76108 53468 78205 79982 14560 89813 24380 21829 93509 60253 12028 22351 52264 13833 20293 44063 86763 27380 61641 61451 44737 43897 44327 40474 81969 82792 10715 6109 29271 55861 39578 23009 5159 77470 99371 12132 28732 59807 25893 4925 66572 18683 95185 30797 98155 59710 20879 22200 20029 77485 47510 54006 11127 38249 50612 34816 25204 49942 37309 55441 73530 30265 35412 7373 77220 61287 67117 59727 29640 37628 99311 49301
53790 75916 71297 94964 1140 1332 36672 51894 94438 55591 69891 66795 13560 87804 6872 14822 3312 12093 55499 59346 71085 46948 34819 28854 325 41237 66925 20582 87301 80808 57687 13042 58036 20547 56522 19593 86186 76423 85833 19515 99163 27664 80730 34086 46283 26645 32344 35735 24217 51851 99950 197 46973 85027 35393 27876 97477 59889 32715 6236 85009 75471 67394 82905 39981 80804 54293 24323 65894 46492 53462 5191 73241 44308 77853 97486 23108 49648 48043 69783 18402 68094 63653 88754 14315 15747 85460 67394 18559 40925 19364 17848 52455 79874 15191 29108 54142 78226 44071 33516 76014 56957 55811 26986 99731 97347 11849 12321 89186 89446 64701 1585 17204 84741 64123 1888 67187 27788 94226 43880 31845 1274 31251 61494 86183 57044 51312 62450
9284 10796 60845 32967 20396 14029 70479 88144 26914 831 37090 84864 71829 49243 34077 59531 47030 63653 56954 59088 4302 94343 84862 24311 24405 61451 5834 68749 86853 63374 45920 17149 25631 52763 53791 62666 43466 79269 84407 53933 24446 46059 93728 79221 82095 52235 96728 36855 28964 18655 66052 40075 13195 95336 40416 24368 42566 28818 30317 15992 53458 65439 16336 33759 72160 9511 89340 11334 19138 71079 26170 28346 33181 62941 6108 65106 61607 3474 67954 84456 27745 38213 47102 63960 75942 73547 98937 26087 84127 15251 63067 4030 66839 81610 32773 10982 14624 68441 46407 72071 93572 10693 50708 16563 26585 57525 28379 72047 79010 20744 86402 31093 45824 74772 89325 8518 69781 22348 62740 62279 12267 62876 86604 56442 34231 5476 44585 73348
39396 77053 83846 39803 24781 72032 99421 67923 45334 97835 76477 79503 45278 74249 46124 95695 95942 5068 33516 87383 16844 80702 38550 54256 62418 57038 26239 55305 66381 54389 75292 86516 76778 91580 79401 2584 23718 91076 88931 68099 98701 53285 63557 93056 36504 80258 56599 45773 85127 54070 60462 62551 19307 21879 87297 40164 44204 37219 2593 83250 82077 64607 36113 96402 47820 73866 95636 58089 77334 16848 70099 49607 48263 10676 17971 69409 70440 5744 75482 2588 77782 27089 52261 11837 31952 29206 54030 5172 50420 83491 15508 44697 39355 98910 98178 3170 16887 7095 799 17348 4760 5303 95099 2093 29089 5382 73657 41224 79018 28756 29081 34622 70228 94169 27386 23934 34321 78950 38488 40519 37372 18525 39504 39732 55584 73383 18646 8273
18326 97515 44429 41399 95452 21780 25887 97952 22340 4510 412 45377 91792 46706 16459 76766 95757 26940 43652 73754 38537 9052 13281 85262 52735 50490 81432 15643 58964 29543 18081 1725 53415 81044 21341 36566 79080 92365 24838 53442 1048 38320 74678 4541 92327 22825 47686 45143 7116 57632 31470 59016 17197 89601 95445 41729 9633 49962 78299 60719 85046 9217 98496 97788 13478 5581 33627 81754 25518 16851 90270 1823 45454 14831 81923 90973 6645 19928 63130 7999 57288 94303 69728 77803 55271 67449 40874 72803 80311 7972 84253 44775 95278 60884 81114 98410 8342 60590 99980 74372 66048 65435 44441 61666 83923 97622 87540 17764 79648 98686 23174 72251 93823 40888 93579 2920 78079 91795 554 30588 60577 34033 53827 79337 50300 48486 76527 84803
43048 14465 5852 4996 95911 3362 4410 12942 21481 65833 22016 30507 82173 97515 40776 61047 74379 25847 60454 56478 61953 69627 69996 46002 17746 55799 68645 18961 4923 53261 26327 14793 57446 65518 86666 5035 28572 86557 6966 88232 1656 38112 73611 88871 50580 99301 48349 46930 62655 73798 26822 79856 30752 19479 88176 78763 60361 56932 17531 92288 3396 90099 13350 61300 89430 91774 45801 21561 36590 31234 1383 3662 37914 79919 19256 81116 77705 32935 52912 25474 94273 24777 98314 25907 67917 41582 17625 59389 7428 51733 54979 36712 37460 2708 56558 47362 58905 6196 70574 54870 7857 73094 62110 8661 64069 9420 49532 2789 31337 24599 17005 75097 77499 4472 21917 90011 65354 16122 79157 24511 57910 27639 83978 5108 63360 5285 73144 22279
61359 10246 96720 18336 33374 25399 91861 77692 65581 79610 83058 12358 86644 60471 18529 69420 62752 9397 27452 29989 74099 78833 4921 47032 47824 42830 11133 13490 66405 89388 42179 3510 31304 18937 18028 31341 36108 42122 35741 72152 33194 53976 99587 83314 69314 94415 41366 76137 49351 33553 60709 46727 9658 30306 83125 58995 82543 4637 26860 82223 16150 93076 29405 10746 83151 46655 70505 81574 63968 99245 24352 11927 69331 57714 82730 40997 19922 76943 32153 47982 35880 55948 35518 37671 22557 83913 10732 24574 74162 42449 33549 83337 95657 56556 82030 79660 25596 19784 55114 8095 16357 67093 99332 72761 34075 8636 16747 78626 98866 62092 56198 7851 39655 18601 52409 30588 91367 56175 58856 57433 87782 14601 29406 49488 3839 11190 94183 87350
1263 76605 71813 26213 56702 10562 9943 77009 64663 42468 2329 32488 42423 2790 97986 12760 77232 9559 20049 5647 5743 85173 73207 22564 7703 98031 86967 69162 37495 27871 38540 94597 41336 91227 13464 53589 89131 68756 81213 16183 25076 98031 98285 38177 99044 99139 45396 58812 96906 95070 33618 15269 36119 76375 11937 1692 74861 88527 61821 49738 75979 47429 54267 10403 72715 32978 45364 42870 82913 600 65431 29000 17457 51686 4993 80921 37991 46713 61781 40615 59925 7041 19162 60942 83173 82634 28696 23391 37818 93750 57035 90175 43993 96170 82840 35022 3424 31452 72237 68922 94219 10982 28559 39557 53239 87612 4421 63704 44902 57316 49638 43500 29856 62873 36183 77925 16384 65935 29572 21266 93491 50571 51909 36823 34997 50643 34077 85137
81556 23021 59402 27128 29563 44614 5102 27230 25779 51674 68437 13406 81610 71009 5803 46124 82871 53004 14863 66555 24135 26687 74597 91686 88622 30539 23846 58908 59355 37495 55528 75060 20870 84755 50744 83582 79555 68342 34418 21343 76354 9340 65445 88394 69155 25485 92218 91068 67077 77940 89817 3913 90737 86516 65444 38551 50399 95319 52109 10802 23846 48084 87392 10006 56713 85963 41799 40065 78098 19259 37052 59172 33525 28034 4213 1803 39010 1506 86485 3450 2042 67548 30555 40993 16537 2426 26825 92579 41036 96509 5837 37172 58041 39997 10867 96975 33322 4252 51991 64884 13228 71901 86873 61893 73222 5660 34479 55093 34408 59364 29042 24743 44923 84374 35799 51065 83621 53756 49266 10732 17258 10973 86462 45530 48897 77167 21824 97542
52368 13910 34319 97296 48475 19036 35774 90000 96318 37433 39853 65934 38998 2430 3464 63034 88052 195 33494 43599 88194 56631 71665 93436 997 99015 64031 17958 58549 51324 98738 29571 95836 9436 67922 60393 61063 58068 73091 74540 72141 80437 15339 3587 73192 97518 96189 58275 26728 4845 40334 54712 95741 41198 16644 88685 94374 7965 15332 39711 58517 8965 22086 12109 71823 92256 82870 36556 2720 74955 31382 78745 34900 239 33956 37992 35867 31773 5055 36773 4216 14848 15091 53770 14206 39379 87627 8452 13725 37034 82889 14080 26803 21181 87880 7406 16529 61704 82866 26041 60675 77471 44338 19545 60583 54447 92524 25555 3320 23607 93445 66468 11335 79150 14169 12862 1513 25696 20884 79220 61363 96344 7462 30141 64900 91723 43329 74123
93225 57140 18581 76311 30746 59432 91170 94250 90405 40621 53712 70438 60631 57931 35251 51849 72761 34600 44588 19208 32354 17167 28250 23211 9334 78419 50026 25671 93949 75683 35058 59869 83491 93494 49585 95621 15204 61421 37511 71813 65407 16626 10178 21535 99448 293 72224 7363 22959 18620 64396 1756 85920 28757 72845 93674 37583 87521 38695 19414 46565 65783 43313 94602 75149 42847 11620 33970 1263 95599 56218 3757 66369 82168 7951 60074 9798 1857 12115 80691 75326 50096 40524 54190 98067 31079 51184 28075 78314 95589 88066 41266 89090 22673 49711 11394 46908 22654 17140 7075 7664 30997 47579 63682 50908 88820 80164 95568 82508 16439 88311 74778 57969 84228 25878 74030 66907 31189 7267 44561 66423 64542 10808 47469 98340 49577 31576 60992
81321 27807 18672 87781 13899 57127 27779 51827 96957 6026 20213 34988 21011 57060 90701 86091 3666 28659 49581 30173 91685 98539 2602 38743 50961 5094 88566 98999 35351 52302 11619 38319 5316 25396 65394 42731 99568 34556 2703 99524 78492 30868 38150 38652 77188 29762 4248 5417 61512 67131 48959 27168 98870 64639 97410 3314 92918 73504 64301 3923 75810 88096 48329 1349 61663 21878 11939 51754 88401 84865 61630 33517 36097 74984 12769 23530 57731 54930 1487 53050 15125 60759 9141 43559 851 51216 34673 27281 26370 23176 15088 54599 97064 9735 3240 88510 87551 73705 54963 98257 68728 2085 357 94754 24152 9505 90990 40265 55093 75838 59377 6231 14752 42549 99791 58256 69250 18824 96998 78435 57819 30759 77926 24772 51462 97383 98439 59863
17170 50189 59951 94022 76603 86942 82819 80566 52315 54637 66595 25706 37586 57956 45694 21827 46498 59496 92090 15432 27287 67242 12258 73858 10044 79235 98901 29622 52798 2912 81820 13210 65232 79091 59831 58588 65710 43193 76226 60228 11851 79836 9673 69601 11931 57760 98928 29092 40948 2877 34988 68464 1155 42133 88086 20097 86323 40411 37696 62062 28680 79691 3410 67509 50693 66951 57461 77753 36657 154 57327 31210 21895 78189 97757 16057 70718 96390 39959 46020 93121 33519 79788 92491 76487 50499 13724 69754 18088 25475 16306 77658 22580 33282 84113 72417 3155 74521 64607 94063 66897 27786 74055 38550 66030 33808 70016 66513 5983 25147 51364 25407 90984 71175 81528 1293 13492 38105 66307 48970 21531 14333 3628 50424 15708 51536 11576 58258
44108 31372 12601 41842 97885 65520 79021 30536 64054 5570 39036 74321 59421 2745 63973 21094 64831 90538 90429 96071 70038 68555 9422 36907 74695 70026 89446 81240 59047 87548 88419 9786 36639 76934 66676 40161 27110 85615 53225 33093 35236 84447 49521 97969 87792 63089 77475 54350 54970 54314 2359 43315 69707 70394 25834 2102 45657 99944 9365 48305 86109 75247 48224 4659 43288 77683 84701 39577 86605 941 32437 22153 29455 66494 8542 55648 31284 2403 3411 93789 16292 18046 78545 92367 80522 5612 7080 16584 45601 77331 53485 994 72750 78505 79164 49530 57033 33613 87141 33861 43760 79501 9597 42646 85014 57378 16295 81906 54225 72050 98064 79115 74657 8030 40795 40207 99657 65993 56234 95584 52018 23514 39240 66344 51520 10431 48672 68444
7515 22773 33513 60344 86799 6964 76815 24975 91120 87918 31908 51735 49420 19616 86652 31185 26826 16586 12520 85629 19552 34147 76682 34622 89486 58303 74329 26172 72283 95518 78163 39157 2405 23506 34956 83289 13400 4746 45331 49660 73411 24420 3175 16535 55297 98330 45946 99301 94627 6618 76365 32803 81088 52052 64309 51621 3667 52357 34715 26935 30308 16108 86449 60554 46371 30637 49598 53014 31385 9360 41622 52467 39740 36153 15531 80814 10449 14578 87524 57473 38889 73511 5341 50995 27007 52520 85686 73701 67381 24043 51433 82431 35572 43684 85610 92996 3320 11699 90550 75026 54095 32546 71481 34375 74985 86333 15915 68427 88761 53004 65359 98257 89267 76808 33142 9927 10670 5473 83528 24959 77466 18491 71345 87346 71483 85306 98598 6076
58047 91805 63776 14411 68451 44184 67549 9136 9196 20547 95060 73833 5554 20272 17053 85364 92695 77652 15754 25851 62270 13878 16849 62273 47716 73389 6679 40293 92442 76538 77439 24632 15594 66401 69574 44224 35604 39369 47728 43985 76266 69139 58748 27221 7182 49642 8844 70782 75749 26601 62534 49414 66248 78012 6706 29963 67604 28928 81038 69842 78950 86363 23032 6439 83588 6682 42509 60117 45885 81055 81629 23643 66757 70808 1489 99214 6246 56476 44059 24858 10488 58229 58337 35625 98499 61009 20016 91478 4323 69011 72085 73451 61845 11444 84045 71482 88985 76746 30693 38859 65968 84759 93787 10593 5086 8108 45671 420 37841 87742 17727 67593 22970 31767 91270 42252 10997 68144 2420 22305 95280 77941 63075 84932 83215 21865 57082 22391
66188 88146 85410 25655 65292 14114 502 16945 70642 9552 1482 92268 50314 81817 36655 2112 12136 76159 9885 39870 78058 98711 88463 86704 55537 64956 6047 87255 82970 7120 34219 8964 79684 70551 39592 51226 53359 18818 90776 64737 95705 36662 71734 33511 76898 75438 45319 43279 64240 23829 27090 96720 85369 75639 80969 97012 32768 6797 32944 3902 41637 96852 99730 42304 21594 48030 79650 51686 21896 95176 23807 22521 49154 61539 37105 62158 9394 96110 38921 95235 34089 32008 88415 51214 60385 82197 65905 39028 67757 99454 68608 26350 55917 3288 9186 60929 38024 4100 46626 1808 16640 42426 48860 56760 16786 98522 81280 16009 54799 6960 31387 55694 60883 53339 11187 80054 47984 81907 12201 70162 33566 87173 34382 68954 22755 66996 84564 72777
74407 74115 69761 24335 27145 42819 5479 21948 732 41083 89910 15720 61263 23113 75954 43831 10987 63570 49295 92847 78621 32415 52139 32109 34449 54126 77886 66069 29968 97727 24548 501 45705 51218 39902 93234 16144 79064 2536 37259 48997 11857 80690 55576 98504 19202 80455 74973 86788 90052 43209 58221 53810 68733 91197 37492 5119 67553 22493 3824 4996 1869 10923 41514 46037 90030 19468 92077 48374 41081 15579 27261 47688 70387 76442 47864 60765 94190 97936 8221 93422 88087 97782 44663 41206 75130 72232 38622 38651 835 78762 81459 23355 63605 66843 30223 37719 22182 26481 32048 33952 26064 69439 36893 36004 76012 25920 86603 89201 83341 90714 50978 37542 20390 86808 57293 97398 33022 39540 1333 38291 93623 62379 66249 66718 76938 40853 28483
49989 51330 36914 80637 3606 61963 36195 76032 83419 98741 63950 74514 59467 10369 61717 25524 83351 40014 15885 98624 92123 73477 1782 6029 31509 99784 94545 39085 69232 10593 2069 53105 2978 41502 54407 4159 47477 13044 46240 50325 63632 72473 26229 55877 50754 63240 30801 72221 43134 4649 79203 31644 92559 63727 32327 46007 20105 96840 41466 63112 38998 64853 86628 18881 18520 1043 12905 11624 19920 34154 14321 26626 81490 38340 19836 31485 57919 16856 91725 48329 69881 73578 75804 33786 25309 12819 13206 91736 26973 80144 57314 12478 71979 34515 63613 62532 12472 55257 23930 68366 67579 14566 12286 30505 16012 65379 52341 9439 21805 53186 33097 79660 83455 54119 66225 33276 61426 70578 68725 9863 36598 88838 60496 34378 42076 33440 30673 95046
63663 78580 76920 8686 82420 42710 94959 62520 27550 40540 60626 35583 97861 69610 94221 56248 30894 59991 18669 86411 19344 49460 71622 19621 73258 42957 3425 37688 60587 76060 72378 75955 85048 62673 9248 68712 25852 80278 46189 33463 62205 22006 82806 27591 16690 37544 71554 99236 9847 29997 14497 78650 56266 77007 53590 60749 8561 81540 72972 73858 51054 31133 33740 56830 31068 81850 47062 47246 32610 69505 90353 972 86235 79833 78141 56916 37352 508 51015 93069 86935 85245 95803 86929 61394 33226 10829 39122 255 2466 80870 29047 83021 39692 48300 72982 2242 12926 25556 26466 41355 20248 28954 9588 64120 87846 79485 29410 55276 74488 81851 32954 50523 28986 38218 66462 7853 79831 40581 24707 72126 93243 90727 37684 21904 93214 51490 89880
49632 11884 18629 875 56280 58430 63553 4475 94763 29846 5270 80233 12406 37313 91414 90048 33367 34496 25732 86554 89343 77398 12934 67059 20787 76525 44759 17166 75588 55010 62806 43827 17953 48482 23221 35543 36941 98507 15848 14231 20991 13107 26365 28412 57941 3960 8332 49689 2537 55893 30021 67424 54322 77855 62670 5328 69865 123 57698 58046 74840 10010 13629 28569 20939 97085 71471 89794 66587 24883 43944 89840 94135 49989 38273 24939 48591 96370 75506 35378 43356 73404 80047 74402 13060 41429 95581 13012 22911 89623 95454 94816 73881 13476 44064 39630 47784 93715 98107 16121 57308 54210 45565 95978 72292 95253 27328 56530 37580 4303 14300 23231 13255 81214 99168 12919 58110 49942 47370 55192 32531 52594 73384 34217 15866 71132 96265 3742
73091 92105 12159 58271 75232 41929 1790 777 63932 1717 35466 70580 11168 28522 43870 35883 28781 91855 97227 80244 77773 57481 33280 32236 25624 42993 57558 7924 60883 23953 35762 31550 75182 75201 59199 58400 54139 80346 63176 97049 73675 21226 11709 20693 90573 37890 36981 48928 16701 41984 56574 75416 22170 97003 42961 15092 40230 71479 26795 3646 59973 89038 89143 70531 39318 40358 28131 72745 45512 76020 6819 93679 58049 58818 4582 59129 41338 12071 78766 53160 94351 75242 73495 81421 65072 41896 79535 8135 55091 26837 33257 52827 10602 4469 48170 92431 33709 87792 63312 4603 82050 41164 51287 52993 35356 36855 50081 48044 77713 54110 77495 71387 68939 79168 63567 91765 9486 63146 11822 10968 85015 25079 84361 10495 85668 72811 72230 35939
77997 55074 23711 71009 38450 88619 39678 41231 5689 11457 61217 59337 14367 94233 31006 83947 11574 17618 37140 70154 30366 43827 38129 97102 61906 37874 87320 46659 44571 24923 83307 43186 72601 40345 75511 87478 63705 87786 39163 36245 81166 85933 40417 16957 62174 18057 77559 33427 83770 19308 77003 78970 47439 50898 85297 1380 90841 91976 8929 43191 66230 65372 26824 91185 10045 26594 45461 18562 70617 54973 11139 95343 3298 17775 56218 87469 92563 336 92937 93706 82729 62175 45796 4469 39554 24943 39748 74060 64799 55636 59611 63380 27366 60286 4791 42490 44537 47355 85778 57389 29572 35383 77771 69078 35852 3951 94601 14945 46864 69065 4521 14910 16056 79923 95194 26698 73814 99772 74048 67250 851 49856 59984 11355 37193 21844 28001 38742
79712 22453 45033 31205 60258 48881 10963 48981 91449 28981 97867 47837 98353 36882 6767 77551 3044 82337 80662 35369 99704 13560 13096 74638 21124 742 73541 55948 26405 39232 34055 45181 59535 18845 28791 72118 2382 64592 81380 58966 38306 75962 51953 20355 74827 72507 48472 83831 33948 71885 81797 67273 99744 31681 62278 50825 70398 96282 16130 56938 79005 65638 22124 57565 3002 79628 37830 8413 95450 84880 18252 77293 50810 97868 48695 52735 31976 65541 40376 31457 15955 50729 89701 88649 55593 36591 78494 72067 68640 28606 99291 69294 14201 62569 61698 3780 78864 46526 91587 23284 20627 85662 65444 77742 8885 38010 44893 77932 82414 88311 16867 67321 94268 86186 28617 74728 55810 7914 90955 19123 68504 61660 6102 25439 82679 57346 52166 12033
73175 13204 87983 90723 45415 10989 89846 90079 82867 51523 61596 46375 95910 26321 85952 34887 54608 65914 24496 24073 17339 99436 67013 29427 80586 54001 6828 77943 64956 65089 20314 33382 99677 18077 50126 25697 57014 71956 62337 95963 31829 37067 71584 90291 46976 59158 56356 26194 44889 9213 67018 10533 61239 57503 46958 23249 73803 47305 83014 99630 81276 88899 30167 82303 70267 16291 49815 45693 3780 1016 47687 86747 58256 84944 22625 41502 58392 70219 88591 73940 6768 68838 94132 51661 15956 90253 35514 53489 61305 94713 17855 6799 88344 14634 10688 36647 99586 30570 16222 59308 75596 79589 80932 64450 81910 20481 87238 35637 13596 99030 85701 94408 76346 40214 64695 2692 44809 60036 72563 11824 46235 52096 21063 99062 3702 42820 34041 14581
67585 32979 84588 93690 38607 45427 44203 59240 59703 4753 91817 56123 30084 87947 28302 58061 41669 88087 79391 37189 13462 34353 84924 48360 82489 16145 64226 90079 85553 65817 41758 71368 40018 49379 32167 75007 11573 7589 60870 38418 77632 96994 6724 88025 2709 63813 26721 89712 60858 53141 43118 11191 10463 20971 55752 30981 85936 22351 8859 18476 85052 99670 5740 19103 96302 54960 95316 60702 25265 77102 92764 72691 58329 47529 20411 83653 76945 25177 28405 51002 43484 23969 97040 96702 48962 80140 20036 84549 60806 60816 97581 97350 60147 81351 82158 70094 6600 3108 40989 10614 49171 8396 20612 63013 4575 59790 23586 46741 31712 48603 58716 46558 21761 58710 69847 86583 29684 47837 94527 89601 63287 12050 3710 96692 90616 29895 7712 72095
37384 78746 77767 27796 21300 16694 16614 84654 53377 4189 62422 25950 79741 97158 82245 66420 57460 96840 37289 38573 27179 856 49926 74557 54427 67616 16334 19420 91727 3168 51868 87227 60389 67868 84684 19364 21868 11914 91703 62105 87147 93082 9109 93102 4944 74644 89640 93417 75177 28827 28694 22573 50767 70776 1377 25290 24133 65582 25305 1277 61787 35603 75150 72491 3025 40554 45087 63649 24105 25865 7137 21810 43696 46741 4244 53681 64540 91886 74252 74093 84235 91497 58666 65755 24374 36651 97374 46343 77932 32219 96299 95658 27255 30422 63701 94894 78126 77791 27415 50215 60579 25664 25014 58754 17064 52628 89189 65590 12907 57202 40340 66811 77069 51706 77521 36893 25140 53753 49688 15086 70707 92635 33120 47540 73980 54538 25195 30902
59063 56727 21818 65653 21511 89511 31489 72495 17806 45036 60013 26587 88904 5939 58285 78580 84560 70601 16595 25574 65877 15613 66373 8710 5723 65748 33438 57287 55987 55673 61615 55095 59837 1056 32642 90528 6776 94948 62484 90480 80452 68712 62979 31277 20110 29595 83536 84725 73585 14802 3854 22451 77732 59855 69199 96945 48416 91011 94236 46736 44248 21854 28095 48069 31548 52619 18174 28822 29179 75435 15836 79050 66985 70283 93696 74037 90670 86194 25272 11139 56075 23476 68616 20834 82811 91101 68332 64853 96332 68804 76456 39399 55745 38983 42090 39847 85908 80864 46428 31108 74200 53821 36051 91119 17414 81670 77164 76672 5117 88376 54723 46120 8631 17948 2878 55772 31819 1478 65671 91427 3685 88454 81284 96371 11559 65331 68425 81271
72083 43506 80894 37104 13577 40582 37965 77317 76813 53816 7531 52246 54922 8015 33666 30910 9050 73334 34678 16937 36941 71467 71111 70409 39788 17553 83745 34114 13995 65214 40734 94736 82510 28025 10929 60494 11047 20358 62745 35590 53494 87721 92201 8823 32645 27352 45311 32698 39465 5938 29004 68495 69645 18011 84979 43403 98272 54516 12709 89597 25024 32398 97715 97452 21196 25986 18349 92448 88763 75332 65398 339 32230 8255 50836 30642 28943 64769 52830 33723 53266 77014 32309 96999 81033 98633 69517 89150 1113 98301 61600 38204 32267 57309 20372 9195 94548 79209 63079 75754 54765 70353 9797 59150 85747 68026 85538 32782 78748 98204 83198 8714 70853 7796 49962 35442 46728 54323 68444 18527 55345 12658 36879 76578 80450 89526 32379 92644
63854 83870 72422 94595 76947 97463 64810 63988 57085 52809 5581 6351 48401 66665 85676 49275 58671 32056 27456 59456 6157 38008 18672 19496 48312 69355 8091 13918 57574 48358 71695 22056 96965 88950 12541 82839 66848 22443 20910 17259 11939 82724 52225 38924 89951 45512 35402 31504 39062 64588 36407 19900 15538 42600 23799 32563 48636 38880 45193 77212 18069 98141 76400 84512 40551 120 21922 15429 42986 54016 40624 91916 23111 25741 15894 3798 11313 96280 89310 14200 32363 9393 76625 66667 30497 75662 63678 35126 88309 93235 42212 53549 37162 66728 9152 47592 86747 29676 11639 17896 56629 59855 7008 95314 66402 18785 96106 27277 94940 48830 98293 45584 50296 66386 91134 93232 86417 34340 31303 43312 92792 787 96354 80287 82084 7973 65967 60190
8851 89018 30239 88853 67974 48415 25221 40247 86465 47094 73874 90763 9179 83200 45802 16051 74052 75640 11116 92368 6863 18773 59276 87679 21869 83090 52660 76222 36177 68929 23041 52921 66407 34546 10822 43567 61421 25669 99486 51845 74273 65621 71195 42793 35692 91255 87913 71737 27359 4231 52072 54525 94883 27396 80126 28365 98947 9965 43712 40640 12712 91042 66456 20584 3875 65501 40835 70184 13721 56930 63139 24170 6251 94742 66069 92953 78964 66617 62705 15964 31534 56909 38998 75434 38087 23730 80504 33227 51811 61276 46581 85255 40350 96557 54269 58783 9805 38156 4921 56518 45202 69176 82055 8971 35445 24925 14190 59035 92484 33482 98879 32427 77687 84585 60972 18893 7109 61834 66370 33271 78097 42493 81158 82048 94714 480 21569 80539
38918 78118 57139 51444 98249 70499 95731 21217 8975 8217 52970 68630 16207 91325 96909 12551 36848 57731 1020 74837 65510 7046 58935 80510 85244 93025 47157 85942 95531 80005 52258 26213 12036 27704 17673 4981 50299 28660 36984 54602 88983 33745 34853 31304 85902 35728 28645 53835 61172 72775 73490 60257 86969 27367 31448 70153 87579 64501 56955 99349 79121 90958 51893 66480 85703 14219 87243 53109 5633 44275 32954 51152 87630 21 24167 52855 27247 12344 88017 42272 37679 48898 75070 80248 13121 17372 37771 13988 36526 72669 6700 30 73500 60401 31030 94049 60380 96127 48984 45529 99738 4902 70720 57870 64663 26689 66443 75338 10422 83248 78927 70366 68565 62659 35417 21148 89770 50753 5345 57415 4279 95407 22156 30759 2442 29738 6052 99244
50637 38204 34064 76990 58760 83797 50971 34194 30043 87361 13342 35642 86671 68764 27384 410 54861 28954 22318 21447 92525 50662 9687 6808 29610 63181 64984 27969 29632 25013 91391 88983 42613 9286 4774 56593 3818 69911 92063 29763 59064 40331 10712 43050 73628 71448 79388 83222 68661 94077 26013 18643 17487 90160 14642 57001 29663 6827 14932 96904 47068 39591 42919 63593 92329 30170 37127 18726 39178 23793 3822 36150 30162 585 57858 59907 37220 9937 88961 54762 43129 53503 28134 64992 24742 72501 53832 32839 73395 23555 98504 39739 96065 23472 5567 85112 80398 5723 83773 46114 28742 67154 92825 19408 79059 9765 94252 12314 83184 80933 52310 87119 84248 12066 61363 79031 73293 33773 93303 26310 47776 32659 9930 87051 21910 73044 33767 95497
28909 80603 33442 10518 64859 34235 47685 20676 51688 12152 45949 71157 71059 51412 10043 98158 64815 42265 93603 2963 66607 33437 18397 75884 50198 90004 36772 30566 86089 5109 60504 63056 762 70931 82809 76029 21163 11574 76407 78199 64657 46908 59255 58157 24973 40140 61984 83393 22997 3682 91740 93474 12167 5143 33358 2804 87378 57449 85851 9730 69455 54560 33238 80050 74488 57572 90482 9819 72270 27845 27240 89552 82315 27933 11102 78101 12227 55541 40495 76010 11886 73821 32805 1215 84774 10849 66488 14326 72535 34907 33188 75222 89198 48593 96839 17134 31187 42196 28759 28998 80628 15382 39316 31868 42970 15859 73245 85162 50649 61438 67495 3667 8876 89468 54117 51021 3864 55447 73159 33125 13102 96676 2717 16155 27727 1934 98932 65524
11878 73356 77779 55925 55321 99839 72958 58892 64311 2858 79391 26657 88258 69530 81332 71315 63703 74808 26160 82141 28173 28194 28946 16032 23274 41193 45989 92291 27220 95957 71796 87730 38961 69028 97864 23466 11300 37822 19855 763 9635 43358 69799 80985 1950 95172 35784 2154 25659 6835 43187 36463 10836 15335 90838 54618 77030 90119 73715 19061 36314 84475 99758 67586 74232 17470 13921 31626 86876 21759 21806 43458 92712 62372 40285 9750 90112 3669 12149 42267 63164 42944 49106 68803 79899 59425 95892 19871 54370 37405 50654 86634 10128 62869 64434 57914 69920 60600 99081 47499 10875 44348 96479 41666 34037 19382 97389 43253 71677 8281 66134 63320 86874 43686 65446 91237 42573 15707 45831 83499 21497 90900 9634 1297 90037 59850 4521 83570
9900 80686 39782 24448 22859 7253 68239 67198 15494 92911 5404 57359 29971 21574 4427 45087 1869 24585 42714 58541 68626 55371 37343 94338 76206 94121 43086 59906 66589 6920 50745 79156 83413 51861 45120 88956 39392 47189 3545 21200 62256 41665 5120 89277 46898 1839 88712 26507 33917 72602 5264 27836 36344 86717 64153 26767 10669 52054 79669 55349 35745 8117 19602 81035 83536 54560 66905 26395 8614 58438 17091 21252 63864 16720 38896 69013 94102 38182 13205 98952 42536 76878 35798 84076 89701 49769 85488 34016 66484 29758 11116 95456 68573 13471 74244 29335 56660 26902 88272 30999 26110 91456 71578 74497 16793 20261 1140 77589 719 56914 34661 19613 57305 31540 32322 33920 3908 97295 41023 61826 78549 53502 24071 79813 28424 67602 36108 55999
11271 98521 80436 43889 63800 67409 28064 57702 20480 14148 67122 41365 28478 39872 57017 2306 57674 46520 50809 60786 64062 43019 20212 16965 10244 34299 48442 36062 18304 111 30325 20979 89091 81239 13666 80954 79559 56054 93317 89555 53961 11601 29314 53400 39811 61539 28652 23704 78964 58892 26129 59052 34686 64397 91094 72252 75792 36509 75723 62515 3685 11094 68951 2692 65760 48396 97892 52843 33107 42162 38833 80210 23795 8766 14083 13902 30415 80303 12298 65600 93488 7044 41956 11054 38213 62767 67441 88742 66077 94979 23824 86472 58496 14422 67655 43755 40823 96332 95255 82185 47307 13062 526 9303 7416 3132 36562 42840 21520 38008 36529 26347 90929 10389 55757 28416 91837 21381 9899 45888 32591 16449 44230 21795 191 42487 42569 77114
16371 59997 75572 14482 22422 2669 43330 40980 67444 86784 48546 5330 44686 8210 76709 35418 21238 25043 86112 40404 26356 36807 62279 92537 12650 70938 23565 91976 38825 63376 49797 52976 53334 51783 4285 2451 48313 20155 76585 15680 41577 20360 92451 19023 41213 67905 28922 16698 13288 19748 24864 47794 63931 52901 77525 15260 28881 74744 98538 79956 72802 24025 33892 21600 40719 71214 56910 32741 88256 62831 3340 35108 16509 88859 8748 32507 9556 56502 12998 85930 88277 23860 30655 96636 71830 15888 17524 83405 69670 78792 78495 90146 53608 62292 12458 12924 55166 64575 33355 18098 33666 54739 54469 86612 9945 87850 7541 96918 82873 94461 6785 82222 37081 21412 39957 17987 66161 28874 97422 88795 37416 96818 22356 48785 91759 60599 23059 46577
40858 95645 82334 80478 74298 76260 80723 8671 60237 71233 42046 69405 67535 48123 32484 92679 18904 63421 54519 27029 23900 82443 98048 84511 83239 86743 35809 61129 412 38601 77211 27446 29727 38153 2857 48392 84669 34220 68720 95309 94725 83996 30684 24162 79030 39534 21944 17396 17223 67701 3075 56266 66810 81287 88461 78584 3914 55338 42199 44051 57107 7134 22824 95255 1521 13441 81520 16037 95243 82500 52066 83018 67753 25615 43212 57678 87571 42346 26727 49539 93510 90321 56450 94196 69103 79666 96554 64103 54401 60753 47200 83807 73700 85585 11867 21092 71826 38093 30723 69920 50843 41989 23638 98363 49159 49787 31529 29933 39621 30495 8407 81911 39888 47048 97622 72858 67357 30615 72657 72305 84638 5230 67534 88497 85813 41702 72084 30678
52413 52653 97223 26798 73540 87095 34992 21084 9774 4870 70063 77513 78750 72078 69267 58552 43478 82106 68905 83359 82344 10594 25497 2093 59829 1052 84602 74053 40152 87845 63653 17763 16595 8341 88533 13679 45638 85369 79085 74668 43013 28934 30573 57775 35317 50073 61230 99701 29616 78639 64082 65985 20778 34788 98943 53195 71079 55041 67702 69415 69999 65683 58916 59284 36816 24307 28691 22634 62062 63302 4316 89943 72756 16245 84668 8844 27969 20978 96175 7591 9996 12187 44809 84962 41229 99403 43518 29609 15231 27754 67365 67326 68521 74805 24133 16876 61556 16701 63134 71434 12883 23326 51709 64799 39576 91834 85454 94430 72441 15849 86824 69795 61650 36013 48819 6363 70503 51860 12009 39761 86636 9142 70631 54418 10803 83724 58361 3059
80854 43862 50741 89140 13401 29080 31441 34169 45294 73649 61502 3077 66492 11759 78427 86433 26741 65357 58847 73823 10001 35399 86045 23121 3483 86443 56343 97531 71164 7501 36091 95805 32800 48405 54929 13566 68819 58741 44622 68797 4602 92545 9824 90016 64371 54163 14440 13750 27071 84437 1008 40238 59425 33948 3656 64516 41306 60382 93859 91997 4177 55841 18160 25424 33570 97242 59 57153 49245 58168 50366 6072 16199 12839 21036 59014 94724 48024 5010 10177 87229 40503 92011 58418 23102 24634 44420 88382 16294 37183 41436 14351 76552 4371 73621 62157 23374 79461 3566 52148 88315 16450 73171 9236 2579 77847 60989 80357 96889 50123 9987 95920 67242 27895 40747 51696 2210 14188 99370 57301 18255 83730 15134 31309 33377 66866 34221 40412
34965 79732 88591 31967 4285 31225 55853 50608 26819 95679 21394 47090 42082 20458 71083 73482 39337 41521 82005 84023 37970 9442 73932 60025 25061 86927 83913 32970 35042 34610 73993 66593 41523 1724 70822 25604 85736 33936 8205 69560 75905 3851 47105 10679 89607 50732 93463 8482 91057 57329 20017 35466 96848 62105 12970 64311 80290 67594 68748 11145 87843 44439 332 64275 84751 67620 84281 63396 9457 85333 88983 24416 24140 11276 62842 25657 36185 86729 42909 83566 35721 84692 48855 55304 91796 67570 50937 58169 86992 25361 42174 33654 86840 54178 58788 7425 10608 93776 55567 13198 91360 51929 14625 36207 68005 5122 88867 62633 37351 22045 86559 73200 68262 51437 22842 5075 68155 2918 56181 42920 55316 9912 76077 75303 44036 20766 1892 67439
21085 5539 20542 99616 57155 67867 18939 81640 17248 72467 92799 84897 21835 39399 67048 12892 68796 93856 32190 11435 14907 20784 17986 60192 80489 14855 82350 74471 79072 47242 23420 77421 43101 43434 95402 30740 89809 14206 9231 34942 62518 77312 61539 71890 26963 31731 70167 46977 68810 90690 27910 6895 11105 74624 54847 96792 50576 42641 77646 4484 66390 16318 95190 58831 2802 9309 94426 81099 98454 65398 13845 10303 71126 94270 63641 24243 41123 96678 32225 14548 99349 50360 25387 10854 4908 83881 58202 28331 6391 20783 39840 44118 23054 79797 20841 29709 22882 23806 59156 79778 29354 81683 5259 52171 9568 26035 42046 76821 64283 86493 41547 56307 33673 10615 10579 84010 63987 7323 80481 2199 72936 851 62373 73621 12826 84704 74749 22313
78125 97560 64229 58227 99768 21932 81695 44433 73771 84812 52779 64557 53352 39625 9047 51104 50231 66845 83269 96677 71006 43019 63556 46522 66378 58074 69959 15889 96043 81140 83275 91020 38611 5591 45429 5863 45886 802 29546 89456 49171 64122 33523 35496 56465 38589 3144 95173 91602 18419 16132 87057 1515 26831 37584 8853 23801 69446 80680 45495 34410 52775 96165 4898 61730 43141 23723 14733 98666 64144 12226 18393 72566 2576 40047 26633 61922 75158 67423 17417 77178 27978 87835 76893 81317 99631 45401 47021 24549 92381 78766 3880 43196 13421 93454 72312 15288 66217 90325 3810 86352 70037 61739 82515 93642 87978 62796 91980 26655 11515 98588 45484 64998 48043 40989 64926 39474 56766 68238 9398 19317 16520 48200 73876 86791 86896 46008 1860
15007 83783 79788 99087 72509 82050 77909 61668 52765 46393 51490 96255 60697 11269 26914 48940 19408 33919 95038 79050 98449 42295 46286 8111 95383 82887 57444 20715 66316 60177 68453 75370 32218 78219 17251 87689 48795 28386 43035 22159 6778 54293 677 62242 39427 54354 79993 90712 27643 82069 26421 99684 29387 92677 93015 93967 30786 44042 5346 59714 74209 57641 95038 88564 71318 38611 70444 46655 83978 21229 66084 36885 26747 27571 86982 56581 9619 73539 91956 22230 74124 92863 7771 93487 29213 94899 53935 71859 31855 7390 27007 2575 61685 16558 24347 78601 59429 3277 95531 32162 27969 92981 25889 12498 66189 73409 34128 89141 85957 20736 47651 49541 49441 24973 6091 78339 69347 95958 47584 87908 15736 85786 81725 46262 41080 4117 48338 28337
38210 1184071 1373438 1468142 69202 606597 1240851 328409 692537 697690 601315 1443934 488039 240638 235735 135003 907250 50414 42077 517333 163895 212750 1129667 657324 1271272 1692728 56417 746075 1137429 481981 328064 1414701 657289 166619 965094 1171231 97703 704885 825329 569350 896480 1452468 2659 1459922 40761 120106 1475283 1688253 1199901 1496296 128286 686304 1343741 1314061 1492193 1336968 728113 1418226 546577 1569003 1190438 1338904 31262 1109332 965147 296414 353444 66706 1486564 1376113 448103 222461 1469969 1239574 774387 616953 1488289 968800 1544438 398348 280585 585113 781317 1367200 225212 1284896 1089954 843255 1246286 737586 104567 340028 624123 962820 391668 1482 876982 1160935 1606396 836137 856433 1008964 852812 73208 994238 496856 562157 262226 1597504 70416 801072 1208230 372618 1395858 1601681 417406 801282 299590 379048 959563 271025 921970 1252251 563640 67186 1258613 447120 989218
