64
0 0 1 1 1 1 1 1 1 1 1 1 1 1 1 1 1 1 1 1 1 1 1 1 1 1 1 1 1 1 1 1 1 1 1 1 1 1 0 1 1 1 1 1 1 1 1 1 1 1 1 1 1 1 1 0 0 1 1 1 1 1 1 1
0 0 1 1 1 1 1 1 1 1 1 1 1 1 1 1 1 1 1 1 1 1 1 1 1 1 0 1 1 1 1 1 1 1 1 1 1 1 1 1 1 1 1 1 1 1 1 1 1 1 1 1 1 1 1 1 1 1 1 1 1 1 1 1
1 1 0 1 1 1 1 1 1 1 1 1 1 1 1 0 1 1 1 1 1 1 1 1 1 1 1 1 1 1 1 1 1 1 1 1 1 1 1 0 1 1 1 1 1 1 1 1 1 1 1 1 1 1 0 1 1 1 1 1 1 1 1 1
1 1 1 0 1 1 1 1 1 1 1 1 1 1 1 0 1 1 1 1 1 1 1 1 1 1 0 1 1 1 0 1 1 1 1 1 1 1 1 1 1 1 1 1 1 1 1 1 1 1 1 1 1 0 1 1 1 1 1 1 1 1 1 1
1 1 1 1 0 1 1 1 1 1 1 1 1 1 1 0 1 1 1 1 1 1 1 1 1 1 1 1 1 1 1 1 1 1 1 0 1 1 1 0 1 1 1 1 1 1 1 1 1 1 1 1 1 1 1 1 1 1 1 1 1 1 1 1
1 1 1 1 1 0 1 1 1 1 0 1 1 0 1 1 1 1 1 1 1 1 1 1 1 1 1 1 1 1 1 1 1 1 0 1 1 1 1 1 1 1 1 1 1 1 1 1 1 1 1 1 1 1 1 1 1 1 1 1 1 1 1 1
1 1 1 1 1 1 0 1 1 1 1 1 1 1 1 1 1 1 1 1 1 1 1 1 0 1 1 1 1 1 1 0 1 1 1 1 1 0 1 1 1 1 1 1 1 1 1 1 1 1 1 1 0 1 1 1 1 1 1 1 1 1 1 1
1 1 1 1 1 1 1 0 1 1 1 1 1 1 1 1 1 1 0 1 1 1 1 1 1 1 1 1 1 1 1 1 1 1 1 1 1 1 1 1 1 1 1 1 1 1 1 1 1 1 1 1 0 1 1 1 1 1 1 1 1 1 0 1
1 1 1 1 1 1 1 1 0 1 1 1 1 1 1 1 1 1 1 1 1 1 1 1 1 1 1 1 0 1 1 1 1 1 1 1 1 1 1 1 1 1 0 1 1 1 1 1 1 1 1 1 1 1 1 1 1 1 1 0 1 1 1 1
1 1 1 1 1 1 1 1 1 0 1 1 1 1 1 1 1 1 1 1 1 1 1 1 1 0 1 1 1 1 1 1 1 1 1 0 1 1 1 1 1 1 1 1 1 1 1 1 1 1 1 1 1 1 1 1 1 1 1 1 1 1 1 1
1 1 1 1 1 0 1 1 1 1 0 1 1 1 1 1 1 1 1 1 1 1 1 1 1 1 1 1 1 1 1 1 1 1 1 1 1 1 1 0 1 1 1 1 1 1 1 1 1 1 1 1 1 1 1 1 1 1 1 1 1 1 1 1
1 1 1 1 1 1 1 1 1 1 1 0 1 1 1 1 1 1 1 1 1 1 1 1 1 1 1 1 1 1 1 1 1 1 1 1 1 1 1 1 1 1 1 1 1 1 1 1 1 1 1 1 1 1 1 1 1 1 1 1 0 1 1 1
1 1 1 1 1 1 1 1 1 1 1 1 0 1 1 1 1 1 1 1 1 1 1 1 1 0 1 1 1 1 0 0 1 1 1 1 1 1 1 1 1 1 1 1 0 1 1 1 1 1 1 1 1 1 1 1 1 1 1 1 1 1 0 1
1 1 1 1 1 0 1 1 1 1 1 1 1 0 1 1 0 1 1 1 0 1 1 0 1 1 1 0 1 1 1 1 1 1 1 1 1 1 1 1 1 0 1 1 1 1 1 1 1 1 1 1 1 1 1 1 1 1 1 1 1 1 1 1
1 1 1 1 1 1 1 1 1 1 1 1 1 1 0 1 1 1 1 1 1 1 1 1 1 1 1 1 1 1 1 1 1 1 1 1 1 1 1 1 1 1 1 1 1 1 1 1 1 1 1 1 1 1 1 1 1 1 1 1 1 1 1 1
1 1 0 0 0 1 1 1 1 1 1 1 1 1 1 0 1 1 1 1 1 1 1 1 0 1 1 1 1 1 1 1 1 1 0 1 1 1 1 1 1 1 1 1 1 1 1 1 1 1 1 1 1 1 1 1 1 1 1 1 1 1 0 1
1 1 1 1 1 1 1 1 1 1 1 1 1 0 1 1 0 1 1 1 1 1 1 1 1 1 1 1 1 1 1 1 1 1 1 1 1 1 1 1 1 1 1 1 1 1 1 1 1 1 1 1 1 1 1 1 1 1 1 1 1 1 0 1
1 1 1 1 1 1 1 1 1 1 1 1 1 1 1 1 1 0 1 1 1 1 1 1 1 1 1 1 1 1 1 1 1 1 1 1 1 1 1 1 1 1 1 1 0 1 1 1 1 1 1 1 1 1 1 1 1 1 1 1 1 1 1 1
1 1 1 1 1 1 1 0 1 1 1 1 1 1 1 1 1 1 0 1 1 1 1 1 1 1 1 1 0 1 1 1 1 1 1 1 1 1 1 1 1 1 1 1 1 1 1 1 0 1 1 1 1 1 1 1 1 1 1 1 1 1 1 1
1 1 1 1 1 1 1 1 1 1 1 1 1 1 1 1 1 1 1 0 1 1 1 1 1 1 1 1 1 1 1 1 1 1 1 1 1 1 1 1 1 1 1 1 1 1 1 1 1 1 1 1 1 1 1 1 1 1 1 1 1 1 1 1
1 1 1 1 1 1 1 1 1 1 1 1 1 0 1 1 1 1 1 1 0 1 1 1 1 1 1 1 1 1 1 1 1 1 1 1 1 1 1 1 1 1 1 1 1 0 1 1 1 1 1 1 1 1 1 1 1 1 1 1 1 1 1 1
1 1 1 1 1 1 1 1 1 1 1 1 1 1 1 1 1 1 1 1 1 0 1 1 1 1 1 1 1 1 1 1 1 1 1 1 1 1 1 0 1 1 1 1 1 1 1 1 1 1 1 1 1 1 1 1 1 1 1 0 1 1 1 1
1 1 1 1 1 1 1 1 1 1 1 1 1 1 1 1 1 1 1 1 1 1 0 1 1 1 1 1 1 1 1 1 1 1 1 1 1 1 1 1 1 1 1 1 1 1 1 1 1 1 1 1 1 1 1 1 1 1 1 1 1 1 1 1
1 1 1 1 1 1 1 1 1 1 1 1 1 0 1 1 1 1 1 1 1 1 1 0 1 1 1 1 1 1 1 1 1 1 1 1 1 1 1 1 0 1 1 1 1 0 1 1 1 1 1 1 1 1 1 1 1 1 1 1 1 1 1 1
1 1 1 1 1 1 0 1 1 1 1 1 1 1 1 0 1 1 1 1 1 1 1 1 0 1 1 1 1 1 1 1 1 1 1 1 1 1 1 1 1 1 1 1 1 1 1 0 1 1 1 1 1 1 0 1 1 1 1 1 1 1 1 0
1 1 1 1 1 1 1 1 1 0 1 1 0 1 1 1 1 1 1 1 1 1 1 1 1 0 1 1 1 1 1 1 1 1 1 1 1 1 1 1 0 1 1 1 1 1 1 1 1 1 1 1 1 1 1 1 1 1 1 1 1 1 1 0
1 0 1 0 1 1 1 1 1 1 1 1 1 1 1 1 1 1 1 1 1 1 1 1 1 1 0 1 1 1 1 1 1 1 0 1 1 1 1 1 1 1 1 1 1 1 0 1 1 1 1 1 1 1 1 0 1 1 0 1 1 1 1 0
1 1 1 1 1 1 1 1 1 1 1 1 1 0 1 1 1 1 1 1 1 1 1 1 1 1 1 0 1 0 1 1 1 1 1 1 1 1 1 1 1 1 1 1 1 1 1 1 1 1 1 1 1 1 1 0 1 1 1 0 1 1 1 1
1 1 1 1 1 1 1 1 0 1 1 1 1 1 1 1 1 1 0 1 1 1 1 1 1 1 1 1 0 1 1 0 1 0 1 1 1 1 1 1 1 1 1 1 1 1 1 1 1 1 0 1 1 1 1 1 1 1 1 0 1 1 0 0
1 1 1 1 1 1 1 1 1 1 1 1 1 1 1 1 1 1 1 1 1 1 1 1 1 1 1 0 1 0 1 1 1 1 0 1 1 1 1 1 1 1 1 1 1 1 1 1 1 1 1 1 1 1 1 1 1 1 1 1 1 1 1 1
1 1 1 0 1 1 1 1 1 1 1 1 0 1 1 1 1 1 1 1 1 1 1 1 1 1 1 1 1 1 0 1 1 1 1 1 1 1 1 1 1 1 1 1 1 1 1 1 1 1 1 1 1 1 1 1 1 1 1 1 1 1 1 1
1 1 1 1 1 1 0 1 1 1 1 1 0 1 1 1 1 1 1 1 1 1 1 1 1 1 1 1 0 1 1 0 1 1 1 1 1 1 1 1 1 1 1 1 1 1 1 1 1 1 1 0 1 1 1 1 1 1 1 1 1 1 1 1
1 1 1 1 1 1 1 1 1 1 1 1 1 1 1 1 1 1 1 1 1 1 1 1 1 1 1 1 1 1 1 1 0 1 1 1 1 1 1 0 1 1 1 1 1 1 1 0 1 1 1 1 1 1 1 1 1 1 1 1 1 1 1 0
1 1 1 1 1 1 1 1 1 1 1 1 1 1 1 1 1 1 1 1 1 1 1 1 1 1 1 1 0 1 1 1 1 0 1 1 0 1 1 1 1 1 0 1 1 1 1 1 1 1 1 1 1 1 1 1 1 1 1 1 1 1 1 1
1 1 1 1 1 0 1 1 1 1 1 1 1 1 1 0 1 1 1 1 1 1 1 1 1 1 0 1 1 0 1 1 1 1 0 1 1 1 1 1 1 1 1 1 1 1 1 1 1 1 1 1 1 1 1 1 1 1 1 1 1 1 1 1
1 1 1 1 0 1 1 1 1 0 1 1 1 1 1 1 1 1 1 1 1 1 1 1 1 1 1 1 1 1 1 1 1 1 1 0 1 1 1 1 1 1 1 1 1 1 1 1 1 1 1 1 1 1 1 1 1 1 1 0 1 1 0 0
1 1 1 1 1 1 1 1 1 1 1 1 1 1 1 1 1 1 1 1 1 1 1 1 1 1 1 1 1 1 1 1 1 0 1 1 0 1 1 1 1 1 1 1 1 0 1 1 1 1 1 1 1 1 1 1 1 1 1 1 1 1 1 1
1 1 1 1 1 1 0 1 1 1 1 1 1 1 1 1 1 1 1 1 1 1 1 1 1 1 1 1 1 1 1 1 1 1 1 1 1 0 1 1 1 1 1 1 1 1 1 1 1 1 0 0 1 1 1 1 1 1 1 1 1 1 1 1
0 1 1 1 1 1 1 1 1 1 1 1 1 1 1 1 1 1 1 1 1 1 1 1 1 1 1 1 1 1 1 1 1 1 1 1 1 1 0 1 1 1 1 1 0 1 1 1 1 1 1 1 1 1 1 1 1 1 0 1 1 1 1 1
1 1 0 1 0 1 1 1 1 1 0 1 1 1 1 1 1 1 1 1 1 0 1 1 1 1 1 1 1 1 1 1 0 1 1 1 1 1 1 0 1 1 1 1 1 1 1 1 1 1 1 1 1 0 1 1 1 1 1 1 1 1 1 1
1 1 1 1 1 1 1 1 1 1 1 1 1 1 1 1 1 1 1 1 1 1 1 0 1 0 1 1 1 1 1 1 1 1 1 1 1 1 1 1 0 1 1 1 1 1 1 1 1 0 1 1 1 1 1 1 1 1 1 1 1 1 1 1
1 1 1 1 1 1 1 1 1 1 1 1 1 0 1 1 1 1 1 1 1 1 1 1 1 1 1 1 1 1 1 1 1 1 1 1 1 1 1 1 1 0 1 1 1 0 1 1 1 1 1 1 0 1 1 1 1 1 1 1 1 1 1 1
1 1 1 1 1 1 1 1 0 1 1 1 1 1 1 1 1 1 1 1 1 1 1 1 1 1 1 1 1 1 1 1 1 0 1 1 1 1 1 1 1 1 0 1 1 1 0 1 1 1 1 1 1 1 1 1 0 1 1 1 1 1 1 1
1 1 1 1 1 1 1 1 1 1 1 1 1 1 1 1 1 1 1 1 1 1 1 1 1 1 1 1 1 1 1 1 1 1 1 1 1 1 1 1 1 1 1 0 1 1 1 1 1 1 1 1 0 1 1 1 1 1 1 1 1 1 0 1
1 1 1 1 1 1 1 1 1 1 1 1 0 1 1 1 1 0 1 1 1 1 1 1 1 1 1 1 1 1 1 1 1 1 1 1 1 1 0 1 1 1 1 1 0 1 1 1 1 1 1 1 1 1 1 1 1 1 1 1 1 1 1 1
1 1 1 1 1 1 1 1 1 1 1 1 1 1 1 1 1 1 1 1 0 1 1 0 1 1 1 1 1 1 1 1 1 1 1 1 0 1 1 1 1 0 1 1 1 0 1 0 1 1 1 1 1 1 1 1 1 1 1 1 1 1 1 1
1 1 1 1 1 1 1 1 1 1 1 1 1 1 1 1 1 1 1 1 1 1 1 1 1 1 0 1 1 1 1 1 1 1 1 1 1 1 1 1 1 1 0 1 1 1 0 1 1 1 1 1 1 1 1 1 1 1 1 1 1 1 1 1
1 1 1 1 1 1 1 1 1 1 1 1 1 1 1 1 1 1 1 1 1 1 1 1 0 1 1 1 1 1 1 1 0 1 1 1 1 1 1 1 1 1 1 1 1 0 1 0 1 1 1 1 0 1 1 1 1 0 1 1 1 1 1 1
1 1 1 1 1 1 1 1 1 1 1 1 1 1 1 1 1 1 0 1 1 1 1 1 1 1 1 1 1 1 1 1 1 1 1 1 1 1 1 1 1 1 1 1 1 1 1 1 0 1 1 1 1 1 1 1 1 0 0 1 1 1 1 1
1 1 1 1 1 1 1 1 1 1 1 1 1 1 1 1 1 1 1 1 1 1 1 1 1 1 1 1 1 1 1 1 1 1 1 1 1 1 1 1 0 1 1 1 1 1 1 1 1 0 1 1 1 1 1 1 1 1 1 1 1 1 1 1
1 1 1 1 1 1 1 1 1 1 1 1 1 1 1 1 1 1 1 1 1 1 1 1 1 1 1 1 0 1 1 1 1 1 1 1 1 0 1 1 1 1 1 1 1 1 1 1 1 1 0 1 1 1 1 0 1 1 1 1 1 1 1 1
1 1 1 1 1 1 1 1 1 1 1 1 1 1 1 1 1 1 1 1 1 1 1 1 1 1 1 1 1 1 1 0 1 1 1 1 1 0 1 1 1 1 1 1 1 1 1 1 1 1 1 0 1 1 1 1 0 1 1 1 1 1 1 1
1 1 1 1 1 1 0 0 1 1 1 1 1 1 1 1 1 1 1 1 1 1 1 1 1 1 1 1 1 1 1 1 1 1 1 1 1 1 1 1 1 0 1 0 1 1 1 0 1 1 1 1 0 0 1 1 1 1 1 1 1 1 1 1
1 1 1 0 1 1 1 1 1 1 1 1 1 1 1 1 1 1 1 1 1 1 1 1 1 1 1 1 1 1 1 1 1 1 1 1 1 1 1 0 1 1 1 1 1 1 1 1 1 1 1 1 0 0 1 0 1 1 1 1 0 1 1 1
1 1 0 1 1 1 1 1 1 1 1 1 1 1 1 1 1 1 1 1 1 1 1 1 0 1 1 1 1 1 1 1 1 1 1 1 1 1 1 1 1 1 1 1 1 1 1 1 1 1 1 1 1 1 0 1 1 1 1 1 1 1 1 1
0 1 1 1 1 1 1 1 1 1 1 1 1 1 1 1 1 1 1 1 1 1 1 1 1 1 0 0 1 1 1 1 1 1 1 1 1 1 1 1 1 1 1 1 1 1 1 1 1 1 0 1 1 0 1 0 1 1 1 1 1 1 1 1
0 1 1 1 1 1 1 1 1 1 1 1 1 1 1 1 1 1 1 1 1 1 1 1 1 1 1 1 1 1 1 1 1 1 1 1 1 1 1 1 1 1 0 1 1 1 1 1 1 1 1 0 1 1 1 1 0 1 1 1 1 1 1 1
1 1 1 1 1 1 1 1 1 1 1 1 1 1 1 1 1 1 1 1 1 1 1 1 1 1 1 1 1 1 1 1 1 1 1 1 1 1 1 1 1 1 1 1 1 1 1 0 0 1 1 1 1 1 1 1 1 0 1 1 1 1 1 1
1 1 1 1 1 1 1 1 1 1 1 1 1 1 1 1 1 1 1 1 1 1 1 1 1 1 0 1 1 1 1 1 1 1 1 1 1 1 0 1 1 1 1 1 1 1 1 1 0 1 1 1 1 1 1 1 1 1 0 0 0 1 1 1
1 1 1 1 1 1 1 1 0 1 1 1 1 1 1 1 1 1 1 1 1 0 1 1 1 1 1 0 0 1 1 1 1 1 1 0 1 1 1 1 1 1 1 1 1 1 1 1 1 1 1 1 1 1 1 1 1 1 0 0 1 1 0 1
1 1 1 1 1 1 1 1 1 1 1 0 1 1 1 1 1 1 1 1 1 1 1 1 1 1 1 1 1 1 1 1 1 1 1 1 1 1 1 1 1 1 1 1 1 1 1 1 1 1 1 1 1 0 1 1 1 1 0 1 0 1 1 1
1 1 1 1 1 1 1 1 1 1 1 1 1 1 1 1 1 1 1 1 1 1 1 1 1 1 1 1 1 1 1 1 1 1 1 1 1 1 1 1 1 1 1 1 1 1 1 1 1 1 1 1 1 1 1 1 1 1 1 1 1 0 1 1
1 1 1 1 1 1 1 0 1 1 1 1 0 1 1 0 0 1 1 1 1 1 1 1 1 1 1 1 0 1 1 1 1 1 1 0 1 1 1 1 1 1 1 0 1 1 1 1 1 1 1 1 1 1 1 1 1 1 1 0 1 1 0 1
1 1 1 1 1 1 1 1 1 1 1 1 1 1 1 1 1 1 1 1 1 1 1 1 0 0 0 1 0 1 1 1 0 1 1 0 1 1 1 1 1 1 1 1 1 1 1 1 1 1 1 1 1 1 1 1 1 1 1 1 1 1 1 0
45429 46633 7430 8078 55270 24836 18240 89516 80850 79531 70457 10906 62320 18241 50708 28456 18461 52433 71707 75627 71897 50389 37110 19369 5416 40727 65923 68212 73805 38270 86552 29025 23931 79564 89102 32697 35621 37541 16357 49042 42545 92460 55529 53981 55920 30246 55399 37587 54663 43850 84450 7021 9675 74791 58208 58281 7574 4576 73824 59458 55967 87652 38027 46634 19925 99814 4495 40098 13560 386 19025 82389 86220 83590 12276 12979 5154 37546 82740 8452 72764 93956 989 11420 54200 37339 15550 53929 52781 53854 97668 87738 3180 75729 25193 68588 87954 89635 17305 8026 93568 48038 130 68166 59030 65316 12977 69699 71268 85715 4470 93128 14927 48514 97440 77302 52927 86546 52503 49976 25104 88853 25075 39196 55908 77461 69463 50829
4349 84683 2851 3047 59206 38288 66221 46269 23106 59746 45288 31429 97096 83369 24187 24507 64283 98038 96770 60308 5314 43151 49297 57448 5183 54832 26370 38816 28938 18895 29747 70489 11617 33456 14128 3319 21970 74927 72231 20300 48229 37794 13416 56601 40042 50944 36074 18736 52290 50828 74271 20243 19200 62727 82869 41008 66903 75396 33184 1304 55666 87850 47591 81290 86394 32825 51907 72544 78341 66610 21147 26352 80039 56876 70682 4549 21347 5239 58601 16181 32547 96161 48795 19734 70521 19877 33816 56396 51310 27123 14562 62130 17270 50568 66909 12614 84483 91712 58524 78096 83847 47635 41226 23628 93929 64156 269 40120 10858 7557 49069 59819 71019 19583 78885 89270 10857 99985 52522 23552 26419 16443 53359 53053 6136 21355 32288 63685
32701 64986 41167 14058 750 96491 97850 4949 27093 85828 9142 53942 34461 59746 71906 90995 2950 88446 69841 25429 35839 39316 73019 71716 22803 34376 66007 89525 1634 98175 29418 73471 78281 36199 62425 32000 34613 35887 48417 89281 17601 91153 58783 13602 40749 46061 85102 74338 6070 88829 89382 11576 67529 38639 32318 9344 67479 58724 64233 39631 76543 11061 25341 91891 88667 84074 13476 68972 79462 30518 52623 29079 27075 33319 35963 19140 25163 60257 43309 49534 90756 35108 13633 63365 67540 76981 87311 94785 6190 28898 197 46862 62091 25080 21650 10949 1908 80727 84962 11701 97618 86606 66049 27340 63950 56255 99509 95432 97159 6120 25160 63796 31522 72325 73030 92272 1544 34122 32857 92727 93536 48724 58730 2449 48977 39542 68936 82408
58676 89346 81918 45011 62870 93716 7294 72333 75118 62199 92043 93625 35510 35549 76917 72368 66841 6579 99468 80686 97019 44349 70976 10363 12357 73392 11400 33425 43535 62013 37241 21050 91982 246 12923 28475 67566 33989 18447 61225 16266 831 69880 93541 24085 74727 2916 63741 33277 26205 34146 97351 7059 23827 78363 75639 64752 83242 40565 63533 27522 74726 67482 49849 38852 4355 11285 38579 76951 39162 27876 6158 72556 35955 62983 20342 34994 13239 37858 76010 96196 55240 80931 21254 67017 29827 46969 54804 5418 89154 44620 14169 78224 57315 15839 95556 8824 60911 29563 17782 59372 3498 526 70690 27380 24567 87866 16475 72917 13155 7638 24779 75832 57244 39060 18552 96042 53465 84028 23213 64084 70686 66010 21204 99433 68454 80580 3442
15625 46936 88492 3453 2607 5595 67789 27212 18627 55261 43034 46724 49394 87092 22861 12876 71477 49753 29386 57543 40816 51423 97944 54221 34732 99881 71165 93903 99101 75642 7823 12421 96332 45934 46249 21757 48503 44 55778 33061 14039 95526 27490 76782 78555 98933 55094 38425 24226 36661 68772 55645 67138 97041 19348 24423 42719 30841 77172 48083 96408 72561 61117 87695 99078 34144 50573 8460 12007 10304 92297 22363 42149 77354 24018 33728 30853 96714 67022 68680 66722 27396 64025 66042 64614 69224 85370 27999 27028 51995 25250 24054 62290 35067 62722 8537 10490 37647 38376 58651 99182 93428 55271 79811 49114 61336 64530 72513 75381 48725 39582 18337 10129 19879 5408 51451 73320 95009 10030 93349 8837 59178 46684 12640 67719 54464 10325 29769
52923 33194 16314 8932 12433 36996 56652 28908 59300 94737 6029 96937 1650 95683 22579 41966 38796 32323 98282 55376 41578 35240 19404 67989 76639 87424 14044 59507 66670 20703 25826 86791 62008 29589 47726 93637 33773 82554 4941 14568 42669 87814 11397 48315 48579 45679 37612 52702 88511 10670 65273 81918 22593 42692 79409 67273 58692 77537 57349 68660 9340 2324 15452 61974 14226 25540 91134 64534 91222 50473 43686 37653 79507 70358 35049 77901 39776 30506 7078 29850 94985 95712 81249 27115 1136 40652 59072 35255 956 7680 28502 96023 39864 9858 65879 42081 70890 42278 33231 44899 2148 3725 11017 93800 44881 18403 58069 94303 87438 84522 89515 38744 62999 86516 44454 19735 42837 41516 77723 10615 45689 45244 1793 13261 70919 77991 96631 22694
53008 91378 96302 61315 25368 43880 82214 62689 59102 87698 53512 84408 53621 67138 49272 25155 49762 89067 29312 35983 86755 71771 6204 823 96581 79147 27941 71368 86591 37313 87939 74711 95753 63930 22213 8355 56503 51321 25304 37485 56001 42924 75892 94673 35654 53839 10617 86371 94074 6724 23212 88658 54670 49736 53050 28765 24111 48593 90721 31708 10067 43485 56444 40760 83564 16640 80837 83163 52623 21887 33576 41006 23570 30515 94570 60597 54148 29361 73078 73462 78246 11968 52602 70049 22688 24386 14630 27596 1193 4296 72144 38834 9778 27426 28060 56085 30013 57503 50470 85631 12419 67691 39300 97763 16006 91258 18793 83255 48243 33761 91945 795 67014 61718 43018 86414 34775 9458 52643 4194 41317 60752 61835 35555 96333 96167 5647 16582
74039 97859 67698 86355 51336 41925 28390 50548 8179 57823 92710 33073 5745 80507 84812 78546 72225 90694 22859 63324 10984 60032 4121 69557 43064 9696 24590 43195 65800 22991 76590 32864 40509 65184 48639 30302 45514 93395 95257 743 48545 55697 17414 69250 89093 29122 67557 4357 99947 36804 97038 7660 84732 60272 26097 61105 91958 12914 44406 68945 9813 94260 25173 84514 73701 80090 58047 37827 93053 83224 80826 76778 78488 75274 3666 97320 32665 15552 64694 75081 86971 15151 95999 38445 66420 49558 64689 73833 55119 60164 39060 38933 12579 22107 20803 54915 67132 28456 10409 8992 16796 5815 31860 3649 34096 6126 64987 24792 31688 87520 51802 14660 22222 56428 38349 95136 64059 46804 3674 58373 3716 14039 27085 86718 53378 11311 64167 58487
53687 59362 25745 52062 99956 19175 14276 90305 30957 50093 92038 76376 76506 35483 26515 37354 38417 28547 55919 66287 81560 79730 52992 64240 43576 75833 17118 38842 73764 7505 72867 607 42345 4233 43994 7608 25368 84982 9737 83329 36676 91658 24075 41677 11191 54084 10654 15635 48507 44745 45980 5675 50093 58753 65366 80610 38904 46750 89201 71572 93113 7955 82755 34455 37200 31632 48173 72271 51485 39216 48994 29937 70887 1412 56688 72660 16557 48196 11648 90927 89916 86023 7091 91224 82372 9231 86208 3240 81640 46652 97534 70586 67748 45372 61735 79777 55791 6392 68065 76648 66439 96275 68655 34044 20214 3693 75789 59981 28886 70298 74147 93577 46783 2009 47938 28507 83868 926 87413 42577 15794 87252 32704 36884 59654 55488 9061 50068
97551 9518 87452 95599 3046 39199 37415 641 2987 7834 45242 63279 46354 81795 74587 190 67655 33359 5739 93716 76649 80752 17981 87853 38875 12786 43229 22198 97057 88073 48411 68785 4644 13868 69082 91651 65043 92575 11202 9735 34573 25816 99866 57792 26743 43023 42729 17004 97000 62582 35987 46541 41451 71772 75524 70938 36852 35001 97574 63257 22042 51631 15813 46103 45789 82393 69646 39808 53446 38022 67857 35753 81065 44005 28223 38274 30966 94379 19119 82228 47260 77526 95816 42330 63624 41743 73857 80086 66760 37790 14553 49145 25635 20416 91111 2438 26273 40590 92406 55795 17169 32282 5945 24225 89103 74845 75607 17530 9824 20680 84049 99016 6384 35852 37393 32366 55064 62304 1201 37813 84819 94981 97677 50710 93156 37260 95123 77927
22845 37982 75234 56150 49002 51358 74324 64301 40933 5266 99476 53319 82557 49137 46767 44860 5500 10613 97094 39232 83618 96662 68365 30962 4206 66271 23849 7262 47297 50054 61044 75117 55082 89908 32236 71134 83626 39375 24545 85835 17470 78446 48191 79017 91131 50259 14858 23711 73151 7268 55328 96607 32523 83504 56042 81835 67701 76783 83320 42810 91811 8327 67522 40172 69885 97606 15766 58388 14221 75839 40070 75126 84707 85069 29395 35441 52982 83878 99990 63070 90494 56900 82003 27767 64257 77554 71640 46826 57364 246 56331 49980 78289 2417 99266 53152 5863 43184 71492 51249 67643 92174 56752 65207 53521 19540 57312 93460 76839 3878 61602 19952 21454 86664 88828 2666 22221 44134 6080 42956 19980 89229 29398 55282 89665 44872 40778 98714
51536 59097 75671 53212 95137 62118 37960 82622 12205 12913 24295 49842 99253 96840 83746 22314 79872 39929 64589 29134 16675 84896 96086 56006 33127 33286 99648 61719 11556 95773 61382 5418 60592 33079 80568 4437 91120 17245 89003 82085 84563 6071 68839 12548 39302 38671 13963 55252 79895 63630 13724 49598 6973 85906 54678 87982 24851 63153 84261 42886 72892 56870 28236 61593 23084 44246 65170 86433 60721 90052 36582 43926 32833 12327 50082 92302 68949 86639 24344 1629 9034 96967 159 25861 48403 9790 76441 60720 3272 7273 78019 67824 92949 96756 50744 75554 26203 71247 10940 90218 89133 7531 56108 27455 86932 25804 92557 62495 55806 19653 36898 33729 12438 27433 91699 93430 30856 9643 68781 81618 90183 420 38206 58477 42721 10949 24925 65581
70004 27809 36334 65696 88733 67654 8528 88710 26915 60513 24630 26760 85811 12528 35140 4879 99913 63791 10936 22214 69237 24804 80864 66763 1165 20358 16862 73460 29666 10990 61328 15481 17403 84347 58905 51075 47847 13267 94730 57538 17014 55796 32924 2985 28285 37125 7632 31378 21802 94093 91786 18265 88831 22606 30189 69073 64677 81795 82802 16843 74798 52447 92141 76349 89761 81884 63136 63475 41999 41275 29787 17621 44947 70506 88676 34606 66231 29272 76537 2611 57823 30845 24509 70461 190 75397 8922 27683 63931 71878 961 54242 41510 81524 16758 86438 61198 41432 76583 82102 77679 99096 31582 57389 55987 3157 70005 55257 12629 37258 55465 61827 95226 97591 51388 76969 24160 40744 19079 55003 39293 31536 5347 15942 28974 1924 30019 96790
73618 96957 61074 70000 81361 63603 88071 81965 82848 50336 67541 76050 89133 5923 8138 24158 64256 59602 78650 42897 30214 6633 80131 11368 30677 66237 26156 16042 51210 93177 56788 79457 67101 16157 57457 67136 23590 7841 22517 63025 98403 89147 73387 67583 2054 77367 42837 8787 22234 66588 31945 98005 49820 94454 90425 91405 17087 38698 49209 36600 99441 29188 64870 71931 91333 5314 65946 27904 62558 38902 66137 74854 31418 23206 79350 95441 25411 17496 99614 58808 53780 11362 89526 26495 64038 48602 8299 34855 59871 76561 71481 27094 41812 13900 46142 21426 32301 36914 78703 66396 74304 13258 36684 62283 33196 20215 39909 77574 12857 18132 92442 97224 90656 24340 55298 59530 53798 25092 24198 82496 16769 75210 36489 41964 7414 25809 57432 45439
59296 20853 98126 46004 96058 62407 32705 63889 78122 62964 30163 98090 16898 6027 70576 81847 4828 49813 36292 73537 51817 94046 75200 92386 6430 12709 65553 58725 37060 63094 25812 51518 69128 47493 19220 69292 52771 16004 31020 64705 28814 30116 3076 46599 74254 92907 47512 45298 99916 66137 69821 97546 50379 1130 41643 90438 37476 16662 90517 79344 60012 59749 94499 82197 84558 4565 21788 70284 13831 40166 59693 69310 24501 64196 82415 1814 39342 31521 71388 3881 54774 18173 43897 19270 35901 7754 14697 884 73547 82687 34086 20180 88093 56961 75016 97515 88336 85004 42170 16358 42144 32521 9580 81319 2675 73790 14709 48620 59026 77463 36671 7850 69152 34281 61936 21877 60657 8247 31476 41997 11194 15605 37688 45509 76091 34903 62724 28730
76907 82213 90670 55771 75196 43042 90281 98313 83797 86194 52944 47693 44807 657 64945 31602 62227 33996 35696 36229 56576 13426 78815 68283 20969 23210 90239 82065 64489 6691 21757 35581 27113 25463 4305 59411 90978 5823 28855 86737 96005 70280 29125 89042 89195 29678 58559 25377 71810 88142 63260 59684 85969 80051 92801 32506 64409 74396 95360 61582 20839 45666 53567 82785 79650 40389 57511 24858 95432 49857 66243 69946 64612 59936 94665 26891 74857 15807 27191 92468 82700 39408 26166 84130 10831 1504 53366 84293 44721 32226 56676 31186 81565 9857 423 47046 60021 39838 75184 97171 81452 57221 47381 71503 65127 19249 9146 28665 17519 19568 6181 84479 54545 87315 98374 18330 71507 74319 16764 66103 53046 71294 38710 8555 22436 81177 23468 53374
84991 23626 27405 92093 75674 61491 16614 42330 47115 75110 42106 56340 51264 33160 95495 10238 2715 69087 71345 82159 10699 56353 72075 52110 66096 55277 98894 2901 43982 54799 82685 11834 97925 40783 85677 93550 94266 58943 9431 11475 62611 51366 54745 22259 49615 89540 93570 38913 38711 81395 25409 97672 67596 83077 219 14695 21142 66317 25145 10679 96805 10245 8245 59200 92784 40778 83844 19737 64008 24588 64305 99159 72747 80026 25353 5992 21370 81680 66138 45051 74646 6060 77110 723 28438 78831 84357 22626 67847 25016 10011 82656 11394 81503 71294 51675 23261 20411 13893 26870 34242 893 89638 5972 97767 7704 59665 99379 21692 53603 3177 8958 81644 43518 5224 3484 96605 37587 52167 40194 83485 48047 24156 89237 48789 51131 12501 43398
18517 40888 78165 56384 1545 41070 44030 69405 35416 51175 16544 73765 38117 71323 24131 20045 29005 74378 79738 69536 71866 38894 28598 54017 49938 4101 73362 33693 53347 42428 41285 85637 72949 91223 95914 49486 33577 76097 55095 97346 75082 88551 92530 53882 39550 64251 92872 62569 76094 12194 86161 76395 59830 89845 99735 68927 40988 32295 73242 91269 63444 45320 70230 86246 1651 92783 55136 91042 20178 63042 58256 13219 11248 2454 46677 5588 16008 99019 14827 91014 93740 91861 87025 30614 57685 97413 65315 99385 42134 75825 33309 68910 70387 59498 19023 50405 32996 75591 65983 82225 85018 40736 88975 36351 45349 6767 98461 11613 46046 98148 84388 34638 85022 12352 98416 32168 35881 70358 64828 28048 73805 92360 89978 14772 1027 19426 45807 36135
96839 85600 14050 96055 88998 10615 99157 95161 23048 16061 10749 58077 64427 36112 24696 32003 64518 54749 61598 50420 16780 13194 15246 65104 45947 997 53855 78474 44192 73041 23737 4349 94193 68712 24914 36241 18798 16982 15350 42344 70829 30862 37085 32804 11110 71938 57883 60629 65347 84424 71187 43922 33126 59951 1015 77543 35949 46606 76240 69890 38139 31314 3728 72202 61854 40506 72762 59557 73161 116 95420 10183 84179 91703 33004 94215 6426 34651 77127 97803 88625 51133 75254 50856 73656 98661 52099 97526 51987 86978 84792 74506 98904 97324 28430 38290 89200 81851 92740 63421 8834 85380 27671 14183 51853 83363 89439 94650 89286 39018 84108 63033 39631 97847 50527 43097 16006 82383 16862 84203 51929 68918 88064 41604 54079 45101 36590 56201
37709 11919 20640 91137 67683 17466 12622 54458 16286 53709 82727 99355 63218 84003 18496 49835 54228 75693 5919 3926 10113 26352 12062 66511 2870 64605 83534 59283 19650 51620 83197 21278 1876 47419 65275 91644 82327 96962 12004 48184 92379 88531 51623 88013 4765 42697 37098 78879 54656 65158 34257 22157 10651 24011 59619 73559 93179 83111 60708 73620 75821 90067 27148 811 12395 587 12806 8121 39409 81971 9688 30360 24842 12999 54285 8107 92283 72738 30324 69928 56871 18388 78958 69685 91058 82959 4128 36750 3842 40165 60425 2094 69693 19166 83765 67450 60651 46621 22912 45215 94302 85515 88217 92972 85468 77667 42324 15695 16838 8859 26287 72165 88014 73510 54346 81368 44546 9969 59273 76528 86510 93069 15266 54835 88918 82712 99397 14084
8842 47951 93333 28766 73331 94895 66414 3743 40295 70536 8386 85926 48307 33690 97745 44673 26999 65662 1652 60757 73465 83295 57113 62575 19613 29141 13829 41861 39401 86500 99683 95287 72554 11780 46300 171 84285 83291 6277 42366 55433 7579 62681 28137 71939 39463 92144 46535 73622 80725 70558 21048 63142 38667 81592 27409 53322 35272 77070 13410 6463 16637 75666 69716 18200 89497 7086 96667 56645 80004 19675 93052 82978 31069 90710 44307 16435 83149 50342 46244 50453 68993 74491 70258 16243 18786 58303 45775 32485 77730 78222 48401 84057 20246 32937 40940 54343 70081 28129 23392 12662 92870 45309 57015 53881 27111 3532 5182 93354 74265 50874 55076 83312 5189 63187 23938 83251 25505 2063 88273 80820 27744 47238 27205 90036 72932 51797 63346
84879 23308 1130 44124 78108 30121 22420 65255 94395 42925 42842 12694 40427 20259 7601 11169 69423 92296 18840 20731 16161 73369 84435 14304 67019 64102 42483 9687 12034 55635 38882 17022 31392 56294 52183 15682 89914 57742 29489 99076 89220 57104 24598 13069 85241 8606 57094 22144 50683 32863 82481 29123 64886 42767 5926 84661 87968 29608 57602 2598 86592 51 12834 69387 97363 24419 40127 5108 7669 30260 49348 83077 66995 80898 14317 9936 17682 89674 28167 86424 81300 23488 40982 10947 66054 30002 53661 53769 7707 92781 3040 37160 63410 13467 49542 76791 31975 42137 51080 52686 91165 22072 91448 58239 21941 43970 80329 81190 65183 14616 9721 81923 21907 41414 87114 62727 58120 31181 38533 24148 77488 23952 37191 80071 47984 94392 80337 95171
34726 75051 84632 97177 33070 30085 19670 98557 30134 87001 74003 34603 85636 14398 91395 35492 84837 13728 24126 46283 84815 84980 68321 69610 70016 44797 37009 66588 21502 16792 53001 75659 40689 71715 72467 4153 69209 79283 53359 48039 62132 79633 45969 33142 45389 94250 54562 10394 10906 86465 2900 41278 56143 32083 5610 49938 58111 87987 10348 53924 91238 68466 72986 43929 5536 3639 39876 33307 97529 82075 97427 72724 34712 90032 87484 21266 84364 43996 13754 47679 72905 13925 72071 11866 48104 11243 61288 6284 75180 66561 95938 16368 75390 43217 42284 90130 42657 96954 32082 4211 63582 33703 73727 98888 78325 4183 80629 2422 43700 17267 24448 42813 72015 89972 16731 56441 49686 49128 72318 51353 99599 11618 48808 71160 12428 2504 56216 58071
98869 5407 46264 55536 63572 9484 20924 77922 64227 62212 10754 29981 5827 15833 52157 76001 22784 75307 61091 84381 20077 68182 93212 14221 41087 17573 21247 50419 63660 14617 20425 21244 51225 20778 24378 66164 38783 81018 38120 57426 83965 88864 26374 19786 92268 74715 48946 14826 54779 41393 30608 49505 76611 44788 22834 44876 18400 18593 34149 47105 61681 91118 81818 2907 98240 19050 98607 64306 48636 15409 89985 50861 27608 85776 27184 43942 75956 43297 43334 73297 49884 37200 24724 71371 63713 23111 91520 76385 19464 39467 53321 11980 65894 609 19656 38430 76709 6751 85090 69591 15295 66896 95799 71465 99027 31951 82480 20563 30033 97916 13212 85560 95476 28899 41113 9774 9486 59463 34464 55725 16570 26138 59802 40712 2622 39943 84925 64342
59571 18307 54066 6818 45131 72360 29491 28790 90931 81109 45166 402 7281 69075 16236 24732 50563 47858 1661 4972 58634 4845 58950 51948 8568 83039 43816 41303 90004 34191 83758 39224 38317 74009 87596 41272 59912 49061 49158 10914 60675 651 99184 38253 15416 72923 20353 82810 30354 55307 28031 83624 3002 28014 69305 16059 4296 2264 98943 8912 72741 71662 73407 90410 26868 6024 87501 79482 23274 37465 73698 57945 56346 64677 57474 95450 17432 36574 13988 44399 36438 67536 15718 68243 55735 9528 61396 33468 3317 34763 19358 2081 10920 72604 55540 19820 39474 75189 62583 37906 62869 16729 59131 2715 25077 20871 60745 53162 93691 16803 74690 34317 74170 50326 92403 87665 33463 39686 54104 31085 14106 18861 70114 27331 30649 75438 70105 43534
27244 51568 87909 74871 13968 60906 38540 4943 22146 70943 6882 36260 81123 11408 96210 66195 54448 52206 63525 16996 42088 67425 7422 43280 94545 60111 10846 77913 42399 24970 6757 31755 10591 32880 61518 83304 16226 6557 52803 85977 93046 11542 99479 61549 96048 49239 83173 21347 93425 48460 47110 83518 69661 10908 70592 45871 22830 1541 85531 9746 80989 55793 41469 56180 90066 20014 97062 91893 58201 41222 81817 23064 85043 96177 66854 87760 99391 98178 61510 84566 15004 79897 80583 14868 36811 24341 57876 61998 72964 72639 7390 10442 89877 19713 71363 34760 14657 57841 96401 83741 81663 59038 50000 99297 45688 20542 76663 45974 76817 32041 96002 95266 8033 23059 87708 43254 53837 28756 81048 11202 11675 43744 70431 10595 35730 74922 50917 19167
84597 48761 28460 51811 30234 71788 10652 52074 69229 63710 57552 916 25956 90001 14414 97085 87945 81216 63928 40012 18443 98687 26855 16844 7603 78470 95351 22178 30174 99116 30298 1463 21898 19120 37931 41426 97964 9634 5489 6770 86549 72687 64069 57746 47978 38705 74670 97659 72866 65366 80487 7113 83860 54369 43607 2691 84537 78400 97413 74419 86791 70399 1737 90723 35242 87372 21890 56134 3908 98328 71608 79824 95830 66647 75983 6924 48010 95555 9714 61062 93526 78942 95195 60809 4174 1537 44736 69082 7497 76685 96565 1452 73150 89207 27546 26557 22661 24200 25050 14548 76997 76139 98617 55712 47150 59834 70412 99746 58145 50351 99083 13484 234 18327 8720 79390 69273 24823 86185 53094 89212 46890 95748 76851 89926 39790 85471 69724
9477 63518 35560 95365 16440 44820 66811 29428 28674 84421 66095 69664 40858 87009 26673 5996 5714 9043 10628 75935 61670 22053 792 34860 78917 80669 55758 4580 95549 30245 49934 60157 44463 85782 41171 14390 93466 91390 33462 85035 48131 10045 61796 50932 19860 99875 47193 82917 5375 79180 66071 56740 28659 21566 4621 51369 97393 55196 87605 91019 40345 83964 8584 67059 63154 43927 81012 36908 27657 43972 65763 56942 21843 88385 6905 44074 87771 8858 48625 90672 52286 22304 96187 63825 53988 61863 19054 83842 34236 20219 33101 53510 14450 79357 70366 98176 58425 22004 16314 95783 55343 10854 55376 9365 33520 52376 6293 86361 50575 90331 53499 22754 68930 76446 60718 4431 27408 60189 41734 6812 30291 95318 29186 75487 23448 12600 74179 69503
23932 6649 21710 62967 50567 46131 4048 93819 53608 5295 68092 48335 72527 94130 19506 29912 55071 7955 48446 2632 91757 62979 23827 4416 29288 35580 76991 18561 35135 811 67867 88472 82584 36327 26603 21340 89642 87768 38843 21749 26781 9913 23801 32973 68790 45874 38063 56469 4513 49204 79602 24970 87228 64896 78841 64752 20357 74729 35952 17162 25374 4829 70546 8986 91815 70603 44519 18983 99913 15045 33294 35872 6359 82379 96823 47699 11533 66176 64691 20610 60063 1710 14775 61342 77091 73058 81883 9341 43262 91133 60537 95281 28387 28060 13704 47610 17353 88077 18396 40377 74805 75071 90656 19156 2699 53912 72078 10926 2869 99663 94672 62193 94714 48779 23430 68538 29547 502 20615 66542 18428 56202 8208 35925 22272 62823 92387 50984
83526 96633 99877 81333 26754 94201 48284 20704 50098 26748 17131 73628 90481 10797 94467 39716 78456 86940 24405 17725 1988 6399 72155 64360 32987 26035 65394 27521 44988 28181 42426 33404 46539 51809 8084 77318 36854 11265 54678 5285 16878 76176 43500 6376 15171 69851 8623 71887 99053 25374 27016 70408 45977 3656 76965 14741 43334 89192 14526 36098 76304 18046 91513 80711 35978 75624 51149 1366 9518 20663 40161 33401 84326 44551 53834 49165 75231 14796 46506 94616 98048 52903 61394 58798 84430 83410 91771 16504 64083 70983 26004 31906 54384 17002 23973 14208 53178 21816 48216 16672 46834 38185 73331 6296 73293 50968 72591 62613 33265 55650 2655 90509 22848 19466 16992 46135 19024 78750 34153 77933 32291 9902 92208 96585 97553 93840 8609 92515
43285 48466 51823 6485 74467 8736 27708 96242 43960 74221 36337 75492 89886 61299 71862 28499 12293 77197 88208 47203 92720 33186 26142 81935 49374 49418 147 85274 61758 89536 98169 72949 58759 18144 9097 64389 845 70316 42339 94320 72816 70339 46061 37981 69750 91377 49234 60532 52275 9535 77202 4350 85146 90857 90374 54478 60789 56986 17406 4241 66645 75646 75524 54564 40221 60967 24896 78152 51631 24433 70910 49775 67422 44507 89388 35945 32111 26726 77384 55990 7870 87658 1732 1433 1804 300 1279 1381 99502 12031 10379 33699 19086 81019 52830 24201 78961 38609 66001 96612 17675 96886 5543 24497 75667 44469 4464 70837 27826 71310 29026 3256 23339 96569 39499 58893 9666 87911 82694 2320 23856 22903 2595 86781 53463 40651 16323 50654
52737 12467 94983 11835 2251 50641 77354 8057 29909 72661 36452 11154 3764 9694 63835 95809 91674 53046 46739 35395 28215 41699 56902 53355 67499 7291 47352 89939 12694 65465 57393 41504 43976 47294 40910 68705 345 11514 24838 67184 70405 82718 34694 70938 51095 56992 9695 94851 73142 7618 89867 63873 13291 42572 5061 85880 82266 93347 86464 38823 59822 77959 92062 89710 33368 73633 68833 9429 67579 30994 48420 85343 36088 56428 44318 84488 98646 5231 18907 42159 40449 16086 90641 78978 52823 42118 31499 75762 93364 60142 25445 98229 35129 79870 40791 65141 40653 5893 56858 11022 38038 3428 60694 98942 30173 30200 24775 35577 78973 39470 1770 68147 92248 67511 69360 78062 15004 33865 51776 22024 89575 22719 21953 99761 86583 79430 75133 75620
86007 94308 4429 27501 64536 136 35033 91023 14490 77419 99695 36642 30145 98343 44890 80910 78156 7025 12524 24476 77973 39495 29693 37079 75650 27723 82664 73841 50195 65434 75611 18769 84736 73378 49790 43474 14934 42967 54607 67569 94115 18179 37042 47911 41351 39105 56065 64602 35956 44126 2880 19182 57991 21463 33830 73843 41652 16236 21997 12135 55536 21169 76751 39643 89005 97263 54005 79692 32046 99087 1480 62340 58807 76261 64333 87162 39944 55155 50198 3126 35660 51539 41063 46462 10692 62810 34221 65188 96838 18549 12851 34109 97951 94391 63384 8542 7653 65036 82158 63560 76397 20363 88469 73898 70947 27090 24489 84754 88171 32374 53936 65137 45677 22067 7006 46593 35251 3556 49779 41928 57503 40668 35458 31881 5102 67312 97983 29573
25448 74789 23172 71169 56867 31463 13375 44142 46786 66618 99813 80959 27172 15668 9069 31552 5407 93417 28276 80462 7062 88933 47530 16592 99367 49611 82648 13955 4608 15159 7066 21201 65295 19720 13531 69275 22226 60323 27999 70143 46686 1559 9127 9502 68663 48320 98935 14267 97674 31191 75642 39244 94912 16233 14318 89073 61550 36318 92622 23479 24466 95891 8146 71831 46551 38148 18617 51516 75673 32675 62586 96400 57335 62747 68577 30917 13755 15080 51831 4677 83654 38618 94691 26511 76562 10959 59537 3514 67739 28566 69480 50220 36190 82866 72705 99691 42041 67047 73687 97107 93967 87851 75316 95000 76490 72654 10885 15318 72857 12819 71204 69659 93777 35851 51503 42956 25697 12613 86902 29262 25957 69943 44368 51336 67662 1407 42305 74025
20926 29049 39170 29490 35439 63985 98871 15377 50146 31684 8563 94938 76114 58111 83420 24202 13649 34091 12690 95779 40521 64535 92470 43133 38374 48292 76784 7838 18225 18090 53722 47923 434 83425 90749 71242 2117 81330 36755 17789 88639 48775 56346 27196 63975 80713 89260 52043 20349 80225 62518 43698 20358 94051 15297 2073 19244 87549 99929 60746 48915 51101 52462 89017 27595 65653 72997 53144 95962 40882 53053 83111 51168 71679 34392 87788 48323 81808 84074 91694 57742 96630 58604 74743 8262 55277 87766 60475 9516 96608 7104 71404 85904 68745 98947 63710 18575 47031 73168 23406 34661 22466 87920 24063 69658 41058 92242 9126 77569 53872 53651 65776 30318 98104 28523 69046 82180 34115 27223 27443 34431 63680 30088 97759 69723 17891 30263 82529
84386 8653 42341 17982 83382 31939 55624 91841 61755 62800 34946 99741 75276 95566 84191 50734 38756 94777 97508 60517 16199 92539 19292 45128 15068 94498 1226 81130 73084 2530 46392 38568 28854 72504 93630 33400 92333 83462 66020 81346 89045 71083 87826 68239 23014 91422 80000 13048 63391 83346 33895 1791 25959 78385 77627 22876 77719 36141 30257 87334 33873 66495 38217 69316 69755 15587 41547 63801 56431 40398 4045 32125 84334 92539 36461 99514 42759 41061 69915 82854 4387 32574 30474 9519 81216 85219 60465 39010 59603 50227 19198 74541 96067 50221 27190 54660 45864 24745 90947 4040 94305 47756 55343 47884 24491 7346 69421 42216 60360 5165 15093 14024 83724 20418 22444 15088 12884 13206 7997 23613 49647 13706 49558 53279 48363 96863 47709 12867
79661 84965 5877 69941 96101 5973 36319 91654 88989 43176 54937 77518 74077 54121 29270 16035 20287 82278 38953 81575 87880 38232 91891 12978 99422 41288 97311 36024 63401 3347 18946 13920 48944 88429 21879 8029 71087 7215 50855 69561 9862 38866 86582 75221 55327 43892 67267 20657 32836 80692 85667 28818 56174 83111 51848 26856 56388 90403 33625 94165 67183 64065 99518 72311 62036 31326 55882 7458 87888 48676 23852 15698 52299 80885 77930 51741 85731 58392 76102 36247 95547 43575 10598 18211 75247 23214 5386 21993 20276 25470 48626 91801 75683 48124 46193 84028 66739 23761 93279 15060 4302 60853 56440 88466 79524 15033 90347 11392 73979 24 36655 54980 33715 95013 51088 21705 20187 18501 18804 8947 84457 86936 1531 8378 56304 32576 17531 28554
70114 40415 48808 5028 59134 66727 13528 84125 60738 30546 84592 39880 27832 48017 69903 76841 13478 48367 14380 80653 51204 46898 18291 51280 11601 72430 18913 25405 18424 62294 69875 36684 39428 15249 57803 68664 66583 73296 66555 63065 93189 66359 91945 59104 14944 24374 8829 2748 43901 24683 40949 22191 20493 50508 65112 86955 45893 47390 97922 77579 73277 42492 69460 24534 79606 75006 27847 98194 84408 88468 82472 91911 42628 77936 78084 69821 30091 55204 91454 34778 78239 77124 56733 36543 60244 23874 27877 76056 48934 14790 62849 80636 62263 58442 78765 88878 18589 34666 95232 96866 29811 48379 73429 49258 7600 68488 64238 9821 31410 86033 11377 93345 67046 40052 76336 75344 53382 62852 58134 17936 40973 77019 11117 13338 48282 23532 49360 4964
82121 90975 90426 20126 42868 63792 82304 68254 44687 77914 17291 12275 75221 16491 10170 21078 20227 64647 99092 91676 74209 30681 78604 65413 24918 93114 27995 43491 21771 79334 59210 28895 34994 20237 29433 99728 29331 88717 3215 211 37956 90512 30159 86798 38449 88573 2083 53481 68981 73978 63730 923 88321 65645 3976 96731 80003 17232 19172 11435 64751 93232 51843 89890 97267 73676 68082 39873 4998 64861 50646 27043 37670 74466 64 98827 36742 27096 75843 74664 51412 68883 75188 22725 41581 36343 54938 88858 2492 56271 88111 30716 57855 50963 32264 198 71001 11245 57002 27653 41799 14224 58641 44177 77303 17534 62018 14095 57603 94636 35770 33656 38922 92369 84732 47570 62952 63535 48962 69391 72204 40890 95847 32279 15704 63455 84333 85067
73026 56428 67110 47505 62796 38797 56437 80819 94351 24448 51984 44321 30667 17463 44860 52156 76020 26335 58039 89768 11143 10846 15870 62787 2913 50308 46920 41199 48404 84577 77575 28796 9716 39505 30658 62359 38751 93338 8286 8990 60647 51352 99800 92655 66612 22238 28332 46769 80185 6844 92063 63304 2370 74414 3886 24304 4057 63023 90770 10116 84456 47722 45057 75716 62926 85332 50087 85023 4175 46337 76455 85270 52913 37699 35164 69996 81595 61424 6498 39560 41908 9197 32889 7082 56689 47949 13212 46374 24894 17922 82035 77212 8335 33860 93544 4229 1485 5281 31984 11494 56855 44971 21460 15918 54224 97322 11520 75135 28256 97065 66190 16677 398 77866 92064 55471 42171 20725 28125 54789 19279 113 388 29357 91708 88401 76326 94284
86172 66783 2580 29716 69660 2122 31322 16430 43337 35891 9025 32064 49344 64519 21226 49355 81126 37749 94229 91976 78226 1652 97715 5693 28151 31697 16578 77974 37155 72216 4326 78809 87678 82708 75353 77371 42152 39620 94355 53053 20852 68782 80080 73810 55379 66964 64236 3106 61678 15854 2096 68897 66662 53214 30196 66151 98739 48002 20943 9844 9781 45243 90739 58347 52322 28166 26988 16712 73985 61136 57309 9689 22564 74380 54486 35165 24613 13745 36414 68444 92410 17748 10678 68554 25437 38264 94411 63526 9880 58223 22257 34626 39815 82318 43731 1698 13885 48887 4126 96137 13168 34829 80177 14552 49207 64940 184 82875 38516 65337 34791 7068 17379 43085 3194 75013 98461 81444 95341 25386 41871 84787 9867 51602 39913 46779 66210 35715
78018 77021 93802 806 14623 83861 89405 98728 64399 8276 37170 48415 81477 82051 96548 17831 48 63163 50255 10654 60703 1323 6051 53709 58989 46313 10691 25050 18580 45931 36483 55873 78380 5227 79034 39994 53405 22562 70717 16967 52916 53592 98404 57680 95648 87489 16459 4595 11742 48824 98235 83108 97217 10549 85030 13797 82979 98548 10158 25498 38455 96382 45951 79241 24423 74460 87654 40125 75916 92653 63482 58809 56176 27363 70198 36461 96845 21794 68491 65687 22832 74167 78982 69475 27350 6223 77828 92762 17822 21960 24011 77189 77470 24711 84374 25462 58333 68446 57995 62593 16685 63780 23051 23039 2044 68442 3861 11060 70657 18807 23366 49250 31414 70073 63140 83250 10011 72132 52775 81738 21306 18934 75962 71394 59725 32224 26601 15115
95690 96783 99157 29208 21976 59850 93435 28593 49089 33696 25669 3253 90922 62079 13585 53625 20287 95006 28253 14547 53424 24695 56262 31635 61529 866 85681 894 48059 94960 46466 58878 42633 76727 89122 70280 25960 63287 84057 44246 3347 14767 81716 14847 5443 20201 69289 73562 41475 59890 3850 56849 47855 54288 15385 42501 16959 4938 71355 73905 67739 30444 65837 70143 53897 95576 44705 69069 56438 17487 34867 77362 95133 29992 97143 70273 81379 97792 92467 92731 6441 19316 72834 90923 70237 54417 45392 28675 6965 24659 55098 1844 8764 77378 62602 70153 62523 12607 35675 21244 13944 20268 37000 76150 472 24323 25088 5980 91156 33999 17867 76482 97335 4907 54305 34709 29075 33203 82279 39750 21429 86790 45908 25447 22568 93258 48132 2519
84031 29227 93774 15947 98666 93512 88055 72542 61576 15714 33944 48514 30484 30539 16945 91050 3485 32699 11931 76602 5498 93733 57851 6817 77485 38152 20400 52126 62026 73055 29755 15498 65908 75057 90857 43980 20036 11378 56203 77461 3193 48715 71071 30170 85672 79256 44083 94128 63133 2113 27382 93612 94577 68292 2109 86033 78574 98772 78684 97928 2104 13510 9786 73091 65196 85606 12876 14674 69100 23367 56215 16424 86126 93945 78195 26234 11254 10381 70423 94451 18351 73038 49296 73444 83590 25079 59316 48995 54146 79809 16534 23215 98616 77071 41746 3281 67052 2524 6802 23522 51425 51508 91939 18682 83350 25308 35578 81926 10318 82577 55714 32662 20446 82861 40553 77844 48849 34462 48523 81688 40828 21070 47645 79964 10816 32369 59211 96247
41356 12757 21126 80702 41697 37746 55420 40703 3558 17051 8785 25856 82211 17535 60617 52461 99307 69718 46475 95812 36784 70909 17108 43201 98177 66086 55312 39988 65671 84665 23317 49076 372 49351 62333 83098 50473 95666 15599 62500 24462 67662 72896 15828 63261 28777 64627 91628 67724 43354 61967 43656 38950 92219 42337 32218 58536 63983 90080 11477 33272 43758 7428 6053 8144 48723 54101 57827 89564 41422 92500 70470 95869 57126 59856 46876 96357 20203 70867 67639 54438 31569 90742 29502 82819 28700 43737 25483 95221 11681 61610 53085 50549 4858 11317 31212 34275 45490 62523 1733 59990 50603 61512 45481 57600 27662 57596 60112 99722 4176 63346 79278 13935 11647 65837 1981 70867 39173 48808 82629 2856 57740 45238 3737 51073 42779 27903 98997
71993 88440 54281 79789 4066 69433 73591 97843 49632 54309 39900 15959 94652 65540 80808 42952 86397 44558 3763 75225 88085 62905 34118 43950 36534 58747 30917 37300 91825 51822 93286 29410 20428 71093 24177 16069 31184 41236 70455 33962 99818 41036 59848 29805 91769 78320 94224 54317 56192 7451 28907 29851 40864 10636 7981 99623 90754 32719 13559 35358 32430 52831 27295 75595 41003 65496 96645 34694 72429 19337 5076 782 62904 52777 30191 97163 39755 83985 91349 72163 90614 81193 66635 36958 98435 69324 74909 13148 79615 66602 94872 51664 34507 79600 90908 8701 63984 24486 42118 61038 19373 8113 79694 12938 64618 10922 88434 33072 34498 97371 38615 24035 37297 70052 84050 33730 79422 87592 39465 34830 96068 22166 25544 27886 68219 66151 1622 21730
62429 77053 22712 80600 49283 72389 56927 83963 97240 91205 79542 79011 82973 86632 53255 38130 6516 43891 11098 34093 32554 78158 82950 86086 21908 98661 46024 60950 10061 30037 35061 8540 2595 741 46924 39204 75853 83693 78021 12072 5330 65371 23229 23028 50955 22667 6663 57435 10341 60538 5033 42833 50319 93404 59599 307 28092 67831 31543 20195 90996 10588 12903 31845 68330 9582 13050 72737 73369 22000 5683 7408 85200 53360 8591 71862 86242 2630 52780 25760 25762 85196 31078 81232 50056 42764 10526 67104 95036 268 42084 9394 22139 82414 54972 443 73197 36943 46996 97204 60660 36167 4486 68974 43325 58022 25579 47723 15472 42148 42341 39108 45097 30536 80798 89956 11961 43583 60599 22564 15154 17220 4998 81948 94051 38500 59418 92784
81347 57854 14989 66873 9712 99582 5729 3199 5701 39785 42307 98187 11692 26137 29440 29112 27508 51240 3184 45105 55376 19953 32895 37457 83916 39395 74362 65408 97497 43747 30730 22863 91982 37836 61346 5843 91907 15622 55064 58843 17013 32741 57489 31186 58247 78166 32491 59195 60593 67710 22535 54421 14605 99106 44342 74013 80232 29342 94750 12318 34185 59677 95154 67145 48532 56732 40806 2998 96066 69154 99374 13277 67464 4315 61134 71131 5440 73698 70270 75128 11558 67641 6510 69183 21693 68801 26008 4321 44782 20442 47460 14526 17773 48521 53662 66756 99114 16978 63247 39238 90844 70829 81570 71338 21738 83072 84517 56594 36580 4900 24599 28368 20918 94759 72807 62325 61817 92505 27452 7589 30214 28924 91199 16860 80831 38522 99138 95857
53715 86200 3800 2918 42068 51069 91713 40657 13243 67093 34397 59408 39481 17303 80842 67646 53915 37277 61790 80499 36048 62239 4563 62016 18773 91718 30924 75968 24229 14007 68030 29436 6112 48861 24855 68072 62579 86599 79796 90145 33902 84767 68525 79876 10998 41414 39286 90277 93278 55152 80247 54016 35082 46660 79567 72966 89866 80682 39407 38241 97501 5346 1086 13606 99525 93965 65061 4754 70295 64467 12817 65600 24618 73127 66370 40885 59111 37133 57879 14765 24210 87147 6669 15477 65507 64051 46384 16125 73819 37144 83369 28817 69170 5409 42000 60941 16659 42755 511 74139 40250 7961 55086 45542 8796 36449 19721 27155 11571 56922 67190 10686 50277 44799 201 86951 12209 8017 25848 82711 72529 71655 75242 97408 26369 98865 68871 22139
46196 45053 8238 90156 45156 42533 10175 66803 65288 774 81813 24444 15504 81373 24379 75915 88287 75770 24300 1117 2350 12918 64674 3463 71566 85999 30172 37856 57273 91893 75962 54428 28347 22442 38406 74250 86091 52004 59349 46756 77847 13472 74111 13859 35516 89028 14437 45076 30427 48560 59485 61963 97568 81966 52805 63975 40208 25936 41919 14975 87108 28680 65734 81971 86654 14461 33744 60490 42323 88961 96885 27509 12919 69688 31827 55062 28413 63767 78235 70284 11355 90451 13141 24714 24701 35869 92956 73974 76067 65677 76012 61597 10926 68641 71044 57302 78550 90209 96056 99981 25706 91072 17709 80842 30185 57400 72990 49977 52681 33651 98061 90936 60388 93200 71560 89982 32081 71709 33918 3181 92309 25727 56773 46034 47890 33104 18492 21817
54363 14388 90937 49631 27538 94356 36224 13660 19326 55014 92218 12282 76196 63539 73508 95604 99751 73450 10962 20718 36930 65323 23486 41244 40301 1085 71439 47559 79850 35645 98585 4421 42238 43614 72659 94150 99990 49667 37207 64945 32405 41273 30176 26037 87827 14763 51904 28899 74887 19179 86169 82138 14216 68823 15440 79600 37302 60571 1940 78908 29713 39016 22766 12777 25298 473 2451 15359 86891 69818 81215 70789 54202 75683 21279 88815 12310 61288 13306 26240 35365 80046 77560 93136 63903 12776 52001 88593 8975 56274 74919 83485 73964 74644 53182 92422 42378 37978 38225 8322 13397 15214 45613 88317 58742 53286 56868 47073 4743 90469 54351 80054 53648 21214 78685 66194 87223 21648 29955 19572 84600 51419 37958 89838 97268 71516 27418 23410
34796 56947 82002 93343 2141 70536 59356 3586 40278 52325 47047 50742 51794 25484 8003 92593 75235 65735 49229 21236 35553 32815 16426 59235 83403 67518 31455 29913 99268 45753 71184 44850 2535 44650 75866 20072 53813 54943 16442 84506 86049 76053 93233 93143 5846 68341 93449 42849 27797 92276 4965 81812 39376 12082 24374 95700 63934 32635 39745 84598 69442 15480 97731 91173 64533 71967 90582 38128 86587 770 3589 77559 27311 37252 58067 95391 72851 17362 46450 59711 46741 73686 26186 45377 39820 43514 53860 61647 38449 50866 16447 69641 44536 84135 97713 22823 39546 55985 67837 10755 20065 54454 41724 21412 36801 14174 93215 60472 84294 67138 76520 7666 26614 57988 30597 65143 7152 87453 57242 200 83653 30130 26879 86825 76888 28047 51851 1010
98692 54019 18203 20680 3589 53914 92767 72963 71010 3724 53328 575 33727 1632 27762 8444 56471 92535 97375 56599 18024 48865 49677 51453 75273 67706 8682 10033 55617 51607 5371 92907 94228 87913 32059 85998 27426 96744 46754 7383 1857 25758 7614 53475 55551 78969 66038 81832 84129 75559 16416 49485 7267 42154 11507 26294 18286 4607 54332 36142 252 21976 42574 92316 28049 18813 93834 58853 73167 78780 1013 87524 21395 69387 8622 14769 37529 74750 79033 67906 58782 55522 65936 22542 7613 696 35022 10972 9296 98986 10808 80289 89790 69109 58431 36794 33090 50054 97609 3978 23165 37146 87635 31595 21191 64339 22165 41003 719 98599 83796 16121 14294 71535 64717 58042 33638 33812 58458 9550 61522 43533 25680 22938 85107 41284 94401 55699
50757 70347 3561 62152 27692 44647 93031 29315 17213 51613 70758 78658 97219 9410 44200 28848 8899 19172 99257 85437 83613 19145 22356 31816 112 38679 62877 67927 67254 81793 7846 66538 57211 34793 80957 33657 79011 93525 64417 86214 79083 64399 63186 95254 44756 31519 63339 83572 20126 46227 57305 81427 13977 55538 69715 94530 33967 19955 99307 99824 76924 68635 86660 63296 1428 70092 23380 95193 24365 82023 29646 45475 19201 29397 30933 2891 76668 70583 71627 40830 75266 44995 44444 24621 29714 83765 82487 96803 94420 40029 96167 99124 6112 75373 26297 51756 69452 10908 21322 42262 67122 69125 712 81732 16547 51298 51550 99250 99747 11482 17930 50390 71014 54076 35783 43722 13441 54625 70836 65476 66627 37478 92220 22540 16343 3869 27537 55215
39637 98998 78484 61458 5914 36713 20838 76050 16587 32299 87823 79859 48665 13824 24706 42815 10399 43696 1611 96050 9459 94275 2902 9548 7591 61593 36504 89493 68768 59082 68279 6196 56042 28087 65819 88721 89966 13428 49838 83265 52833 79240 97607 54555 19953 57950 27966 48655 15443 89296 19105 25033 17459 60268 41333 84202 54035 37870 28815 90575 62338 46845 62197 94247 18722 54141 36810 94847 16270 87448 33207 22428 98591 28756 79039 45714 2660 63638 28647 83684 44070 41766 67649 6565 44803 57662 43350 46924 66194 33945 91103 12384 95703 6012 18070 25425 66991 95443 77957 3059 16830 46348 70746 87496 56345 69731 76008 6943 2500 37810 43879 80099 81752 99053 91695 55776 15156 98118 75255 83216 19995 81948 32485 99028 32826 96808 31491 37718
82937 9851 8549 41206 93182 49459 7517 53648 31462 93703 16215 94992 3359 69214 35679 65676 37389 6961 62178 81568 55021 58056 20962 43653 16109 13542 86464 81772 46358 55303 94985 15481 79290 60565 85531 68502 27593 2501 19008 67606 74520 22631 36506 19680 98889 50148 54788 63485 22106 56807 82435 44007 74716 18974 33729 26369 7129 51058 94642 50782 43976 63720 81883 77966 77084 44943 71635 67245 79347 50724 43831 15635 32421 10042 97777 61710 72003 42422 69973 66084 86350 77882 9441 40390 39860 37121 64665 91017 87770 27596 25308 34032 35379 35087 75040 51337 93015 61226 27205 37149 60667 55925 15723 77564 59655 47500 40556 72371 68336 58817 81677 93217 92497 89287 77426 57794 3694 61925 11530 87635 68661 61714 75458 2049 37181 58967 33742 11707
76445 79596 87650 12466 96269 69410 57674 63626 7557 50528 2760 65522 91977 78542 47200 8428 36425 4127 39118 2274 71276 59821 45158 56276 28233 70982 64072 77068 37639 79370 38442 35214 63532 17200 39221 59067 48644 2799 85197 64156 63296 83910 44531 60486 13427 31331 52009 11945 22030 37348 33108 30 87874 79749 5345 74086 54877 18749 73743 9047 55459 68719 62559 78330 91872 40594 31520 68680 89207 82261 76934 82752 9215 39433 13395 24467 36939 44480 49469 66164 60535 61844 52234 84683 66698 34430 6689 51653 6230 36081 1684 85384 39161 61216 51973 71069 81681 48123 36384 59456 6987 43689 27058 82908 67641 3234 26327 22596 8211 11097 96359 29877 77467 19150 13138 3688 17953 77731 84560 57507 123 22244 52859 34280 84844 20330 71308 50999
42267 50779 27386 33289 71205 76683 82572 11852 3860 32550 58437 2499 37621 58304 49862 66758 7100 28782 80933 98998 72909 65946 50989 28028 37038 64273 50657 66857 89686 93862 69500 40901 42691 20517 77573 69217 35244 90161 63138 51091 74566 20558 44536 1689 73101 70349 35907 59304 23783 70009 26396 96338 19477 89151 59251 44416 67471 73433 182 25494 74771 77547 30470 20902 13541 44143 56434 78406 3858 80432 53656 55818 31687 22392 53346 62046 13662 79004 14867 67175 10280 36272 34011 33589 74834 73798 4361 66696 78872 19603 39556 57990 16812 29118 87044 24312 23196 94464 81952 68178 58866 17441 95869 77662 32563 8689 27495 64619 13705 64265 21064 853 96872 69579 15755 74474 91834 2644 65093 60818 29654 82332 7385 27323 43895 66678 82470 62552
49625 21678 93126 73251 40327 88331 43269 53377 40547 33385 10177 12570 81305 91155 13731 65842 20930 80533 76317 93014 66698 88481 42208 38379 69206 65376 23430 98586 57933 51595 50691 93180 29205 60783 88887 81333 72554 35977 95094 27055 63361 8823 77982 46855 13731 98969 46126 58039 67790 33335 36310 26294 93532 6010 74050 51244 12687 98567 50980 26614 68775 93453 74734 8164 82597 62921 40674 75658 45081 37005 88681 51308 61312 87301 31412 31076 267 49229 33525 95843 37221 30359 9129 1613 25735 61149 51861 31151 47213 98560 62215 49398 93300 71329 82771 11347 70222 12368 68386 26146 93265 86547 56010 22422 47343 21097 82643 86138 3803 64866 37876 79014 171 67034 8410 48368 16875 30021 90445 67976 32094 17625 37286 68531 32652 17102 55690 31820
53679 51904 9731 24685 85418 64857 97806 93815 60867 52795 2824 44281 51688 17662 74857 257 84376 24849 27607 13292 79215 89859 46406 69408 32647 73253 7633 63935 9431 33804 66774 56796 45578 68119 57813 6660 50317 40901 24652 77642 97257 24235 66601 64762 32985 33445 51274 35624 91904 71695 90556 53926 32354 27740 87541 74622 62891 56465 91423 82231 54204 3559 81644 88250 44384 6677 68233 30987 97592 69977 92880 27324 9811 85034 7621 67926 10761 26518 7998 62182 94480 38886 31613 77511 22919 52894 90596 43815 67543 9543 38054 94645 66427 7562 59306 50201 77188 40789 97629 21633 80328 76195 25184 46656 31791 59673 79591 45989 95628 5696 5646 29856 4660 7641 50202 89251 54855 43343 95524 15256 63804 59378 4726 32361 34362 74790 43022 9925
96723 63706 66152 57339 30023 40064 32849 45870 60614 74965 70305 3757 34139 16093 73926 73784 84223 23334 37084 25558 43056 25604 16800 74707 7283 68170 35187 84656 82251 83795 29600 25266 39337 38082 77050 19226 5340 85431 38804 87973 39165 56047 32619 2248 33583 88625 75895 31467 40739 34421 98074 26537 26153 13535 4693 19660 79856 27433 95098 47820 3222 948 64161 1558 22940 87541 2066 82748 33370 77396 73543 7946 6904 26011 62503 10216 42985 48750 92601 46677 82023 62671 83749 43652 42612 28825 38769 60661 14965 1807 51696 71906 8241 1610 69184 60503 65293 30685 57363 89667 99578 69639 31579 61433 79595 97803 59939 27355 93310 36840 18769 16808 82423 27296 49825 43838 86799 9298 18486 99517 64117 83223 34163 9924 92146 95152 42744 28073
93877 49782 79787 94073 48543 11239 4740 27268 71293 87225 18545 71677 5483 20778 97210 92521 91770 76329 73866 21040 36730 91290 27981 45652 75157 13602 33036 3001 27167 59631 31215 87299 19211 14691 44646 20754 94224 84671 74375 37836 29372 71554 66046 71798 36970 29752 80152 82225 55963 58919 23477 21941 87622 69229 4561 88259 32056 99563 57307 86890 76503 92618 15170 55578 87413 69954 21347 69158 40231 48122 36370 42335 68095 58646 91384 60146 50059 71709 10100 15322 36477 41001 59880 58144 46957 55607 69069 52000 76476 96949 17908 24003 42164 59710 80993 6665 36755 35093 43304 39984 95495 81105 59571 78193 76776 15895 21959 14842 64862 15829 7882 78855 43771 15494 96505 45226 42170 41411 16031 76175 28624 60323 2636 92318 16484 18024 65561 24845
74609 91607 31056 80654 23824 85297 96219 43280 87585 4193 12216 41508 49100 74911 25801 98138 37722 60926 48978 7158 79662 40574 54794 28532 35340 24465 78609 29534 10433 6200 35746 80164 71940 38932 89435 36014 10843 40078 38258 69944 42878 44552 54764 14286 66911 93079 41003 643 78521 91169 66692 19274 51170 95598 59381 54050 76829 93515 38186 80190 14380 17424 50075 14352 61532 75727 58380 37178 23146 2196 33868 68205 39584 66345 5351 90589 71662 2175 21995 98214 9492 65079 86356 79691 80417 14489 10838 63071 72000 97893 98625 22514 54392 79176 33085 86489 53945 56212 25293 78899 48666 20572 31429 77628 89809 16837 56247 95467 37172 60671 54305 18549 68206 36123 2811 12332 29443 22384 34900 80399 20269 64039 24170 99950 59657 3885 99438 43811
62954 46801 14299 67596 98376 11530 8285 65580 19638 36611 24855 33683 89412 28419 15011 82118 45544 93577 9715 39910 65856 25412 98871 11998 30126 1561 30707 3059 18840 48398 53697 67153 99769 2976 66766 40287 86318 2810 89313 19045 58657 97800 76014 82590 5793 81083 77207 75535 6004 18020 19578 59586 82616 26348 70471 9407 42056 56926 90576 9794 25773 47527 58915 58397 60066 23174 36425 19757 84675 39059 86914 57026 24977 58996 2425 63480 64427 10242 88132 57243 20560 17983 54066 13769 22849 56359 10733 98222 53700 71577 45557 91811 77957 73854 65175 26306 39022 22859 73714 55123 25011 96484 62172 83735 35505 7230 68666 97336 16561 85008 99215 12613 96567 23689 61747 84081 40190 85665 2640 39702 23953 90193 16615 11115 11319 60508 20684 70716
876045 308235 651851 110103 1116856 464882 1251173 1824076 835258 617321 955833 220199 1194459 1423828 527405 596804 29484 1223003 780112 312741 850345 597768 119324 1238681 150575 398469 1023370 542735 190247 185879 1017429 308413 1259956 11384 950206 1162840 1036842 1237467 1092833 1253812 779564 1392735 721276 1010688 1300148 191358 403162 1246279 525995 73527 846613 1172067 1178760 833212 506556 461150 1107781 446503 617601 501578 700913 1182936 732269 385060 1146375 391177 473055 1368161 1622704 837414 222318 990698 1043584 768236 1376558 686536 968363 70995 1648842 1147418 443085 1239952 729258 887632 824411 732912 273710 89674 928055 978358 411162 956755 497427 1102625 1143465 426440 1277804 556644 551295 1266595 452902 383049 1530439 861244 1512536 170382 207893 731832 261894 407017 606552 54604 114655 1068852 45256 1235027 569851 740898 1022052 930692 1179732 1096379 545423 1171489 27469 1316617 169551 1443484
