64
0 0 1 1 1 1 1 1 1 1 1 1 1 1 1 1 1 1 1 1 1 1 1 1 1 1 1 0 1 1 1 1 1 1 1 1 1 0 1 1 1 1 1 1 1 1 1 1 1 1 1 1 1 1 1 1 1 1 1 1 1 1 1 1
0 0 1 1 0 0 1 1 1 1 1 1 1 1 1 1 0 1 1 1 1 1 1 1 1 1 0 1 1 1 1 1 1 1 1 1 1 1 1 1 1 1 1 1 1 1 1 1 1 1 1 1 1 1 1 1 1 1 1 1 1 1 1 1
1 1 0 1 1 1 1 1 1 1 1 0 1 1 1 0 1 1 1 1 1 1 0 1 1 1 1 1 1 1 1 1 1 1 1 0 1 1 1 1 1 1 1 1 1 1 1 1 1 1 1 1 1 1 1 1 1 1 1 1 1 1 0 1
1 1 1 0 1 1 1 1 1 1 1 1 1 1 1 1 1 1 1 1 1 1 1 1 1 1 1 1 1 1 1 0 1 1 1 1 1 1 1 1 0 1 1 1 1 1 1 1 1 1 1 1 1 1 1 1 1 1 1 1 1 1 1 1
1 0 1 1 0 1 1 1 1 1 1 1 1 1 1 1 1 1 1 1 1 1 1 1 1 1 1 1 1 1 1 1 1 1 1 1 1 1 1 1 1 1 1 1 1 1 1 1 1 1 1 1 1 1 1 1 1 1 1 1 1 1 1 1
1 0 1 1 1 0 1 1 1 1 1 1 1 1 1 1 1 1 0 1 1 1 1 1 1 0 1 1 1 1 0 1 1 0 1 1 0 1 1 1 1 1 1 0 1 1 1 1 0 0 1 1 1 1 1 1 1 1 1 1 1 1 1 1
1 1 1 1 1 1 0 1 1 1 1 1 1 1 1 1 1 1 1 1 1 1 1 1 1 1 1 1 1 1 0 1 1 1 1 1 1 1 1 1 1 1 1 1 1 1 1 1 1 1 1 1 1 1 1 1 1 1 1 1 1 1 1 1
1 1 1 1 1 1 1 0 1 1 1 1 1 1 1 1 1 1 1 1 1 1 1 1 1 1 1 0 1 1 1 1 1 1 1 1 1 1 1 1 1 1 1 1 1 0 1 1 1 1 1 1 1 1 1 1 1 1 1 1 1 1 1 1
1 1 1 1 1 1 1 1 0 1 1 1 1 1 1 1 1 1 1 1 1 1 1 1 1 1 1 1 1 1 1 1 1 0 1 1 1 1 1 1 1 1 1 1 1 1 1 1 1 1 1 1 1 1 1 0 1 1 1 1 1 1 1 1
1 1 1 1 1 1 1 1 1 0 1 1 1 1 1 1 1 1 1 1 1 1 1 1 1 0 1 1 1 1 1 1 1 1 1 1 1 1 1 1 1 1 1 1 1 1 1 1 1 1 1 1 1 1 1 1 0 0 1 1 1 1 1 1
1 1 1 1 1 1 1 1 1 1 0 1 1 1 1 1 1 1 1 0 1 1 1 1 1 1 1 1 1 1 1 1 0 1 1 1 1 1 1 1 1 1 1 1 1 1 1 1 1 1 1 1 1 1 1 0 1 1 1 1 1 1 1 1
1 1 0 1 1 1 1 1 1 1 1 0 1 1 1 1 1 1 1 1 1 1 1 1 1 1 1 1 1 1 1 1 1 1 1 1 1 1 1 0 1 0 1 1 1 1 1 1 1 1 1 0 1 1 1 1 1 1 1 1 1 1 1 1
1 1 1 1 1 1 1 1 1 1 1 1 0 1 1 1 1 1 1 1 1 1 1 1 0 1 0 1 1 1 1 1 1 1 1 1 1 1 1 1 1 1 1 1 1 1 1 1 1 1 1 1 1 1 1 1 1 1 1 1 1 1 1 1
1 1 1 1 1 1 1 1 1 1 1 1 1 0 1 1 1 1 1 1 1 1 1 1 1 1 1 1 1 1 1 1 1 1 0 1 1 1 1 1 0 1 1 1 1 1 1 1 1 1 1 1 1 1 1 1 1 1 1 1 1 1 1 1
1 1 1 1 1 1 1 1 1 1 1 1 1 1 0 1 1 1 1 1 0 1 1 1 1 1 1 1 0 1 1 1 1 0 1 1 1 1 1 1 1 1 1 1 1 1 1 1 1 1 1 1 1 1 0 0 1 1 1 1 1 1 1 1
1 1 0 1 1 1 1 1 1 1 1 1 1 1 1 0 1 1 1 1 1 1 1 1 1 1 1 1 1 0 1 1 1 0 1 1 1 1 1 1 1 0 1 0 1 1 0 1 1 1 1 1 1 1 1 1 1 1 1 1 1 1 1 1
1 0 1 1 1 1 1 1 1 1 1 1 1 1 1 1 0 0 1 1 1 1 1 1 1 1 1 1 1 1 1 1 1 1 1 1 1 1 1 1 1 1 1 0 1 1 1 1 1 1 1 1 1 1 1 1 1 1 1 1 1 0 1 1
1 1 1 1 1 1 1 1 1 1 1 1 1 1 1 1 0 0 1 1 1 1 1 1 1 1 1 1 1 1 1 1 1 1 1 1 1 1 1 1 1 1 1 1 1 1 1 0 1 1 1 1 1 1 1 1 1 1 1 1 1 1 1 1
1 1 1 1 1 0 1 1 1 1 1 1 1 1 1 1 1 1 0 0 1 1 1 1 1 0 1 1 1 1 1 1 1 1 1 1 1 1 1 1 1 1 1 1 1 1 1 1 1 1 1 1 1 1 1 1 1 1 1 1 1 1 1 1
1 1 1 1 1 1 1 1 1 1 0 1 1 1 1 1 1 1 0 0 1 1 1 1 1 1 1 0 1 1 1 1 1 1 1 1 1 1 1 1 1 1 1 1 1 1 1 1 1 1 1 1 1 1 1 1 1 1 1 1 1 1 1 1
1 1 1 1 1 1 1 1 1 1 1 1 1 1 0 1 1 1 1 1 0 1 1 1 1 1 1 1 1 1 1 1 1 1 1 1 1 1 1 1 1 1 1 1 1 1 1 1 1 1 1 1 1 1 1 1 1 1 1 1 0 0 1 1
1 1 1 1 1 1 1 1 1 1 1 1 1 1 1 1 1 1 1 1 1 0 0 1 1 1 1 1 1 1 1 1 1 1 1 1 1 1 1 1 1 1 1 1 1 1 1 1 1 1 1 1 1 1 1 1 1 1 1 1 1 1 1 1
1 1 0 1 1 1 1 1 1 1 1 1 1 1 1 1 1 1 1 1 1 0 0 1 1 1 1 1 1 1 1 1 1 1 1 0 1 1 1 1 1 1 1 1 1 1 1 1 1 1 1 1 1 1 0 0 1 1 1 1 1 1 1 1
1 1 1 1 1 1 1 1 1 1 1 1 1 1 1 1 1 1 1 1 1 1 1 0 1 1 1 1 1 1 1 0 1 1 1 1 0 1 0 1 0 1 1 1 1 1 1 1 1 1 1 1 1 1 1 1 1 1 1 1 1 1 1 1
1 1 1 1 1 1 1 1 1 1 1 1 0 1 1 1 1 1 1 1 1 1 1 1 0 1 1 1 1 1 1 1 1 1 1 1 1 0 1 1 1 1 1 1 1 1 1 1 1 1 1 1 1 1 0 1 1 1 1 1 1 1 1 1
1 1 1 1 1 0 1 1 1 0 1 1 1 1 1 1 1 1 0 1 1 1 1 1 1 0 1 1 1 1 1 1 1 1 1 1 1 1 1 1 1 1 1 1 1 1 1 1 1 1 1 1 1 1 1 1 1 1 1 1 1 1 1 1
1 0 1 1 1 1 1 1 1 1 1 1 0 1 1 1 1 1 1 1 1 1 1 1 1 1 0 1 1 1 1 1 1 1 1 1 1 1 1 1 1 1 0 0 1 1 1 1 1 1 1 1 1 1 1 1 1 1 1 1 1 1 1 1
0 1 1 1 1 1 1 0 1 1 1 1 1 1 1 1 1 1 1 0 1 1 1 1 1 1 1 0 1 1 1 1 1 1 1 1 1 1 1 1 1 1 0 1 1 1 1 1 1 1 1 1 1 1 0 1 1 1 1 1 1 1 1 1
1 1 1 1 1 1 1 1 1 1 1 1 1 1 0 1 1 1 1 1 1 1 1 1 1 1 1 1 0 1 1 1 1 1 1 1 1 1 1 0 1 1 1 1 0 1 1 1 1 1 1 1 1 1 1 1 1 1 1 1 1 1 1 1
1 1 1 1 1 1 1 1 1 1 1 1 1 1 1 0 1 1 1 1 1 1 1 1 1 1 1 1 1 0 1 1 1 1 1 1 1 1 1 1 1 1 1 1 1 0 1 1 1 1 1 1 1 1 1 1 1 1 1 1 1 1 1 1
1 1 1 1 1 0 0 1 1 1 1 1 1 1 1 1 1 1 1 1 1 1 1 1 1 1 1 1 1 1 0 1 1 1 1 1 1 1 1 1 1 0 0 1 1 1 1 1 1 1 1 1 1 1 1 1 1 1 1 1 1 1 1 1
1 1 1 0 1 1 1 1 1 1 1 1 1 1 1 1 1 1 1 1 1 1 1 0 1 1 1 1 1 1 1 0 1 1 1 1 1 1 1 1 1 1 1 1 1 1 1 1 1 1 1 1 0 1 0 1 1 1 1 1 1 1 1 1
1 1 1 1 1 1 1 1 1 1 0 1 1 1 1 1 1 1 1 1 1 1 1 1 1 1 1 1 1 1 1 1 0 1 1 1 1 1 1 1 1 1 1 1 1 1 1 1 1 1 1 1 1 1 1 1 1 1 1 1 1 1 1 1
1 1 1 1 1 0 1 1 0 1 1 1 1 1 0 0 1 1 1 1 1 1 1 1 1 1 1 1 1 1 1 1 1 0 1 1 1 1 1 1 1 1 1 1 1 1 1 1 1 1 1 1 1 1 1 1 1 1 1 1 1 1 1 1
1 1 1 1 1 1 1 1 1 1 1 1 1 0 1 1 1 1 1 1 1 1 1 1 1 1 1 1 1 1 1 1 1 1 0 1 1 1 1 1 1 1 1 1 1 1 1 1 1 1 1 1 1 1 1 1 1 1 0 1 1 1 1 1
1 1 0 1 1 1 1 1 1 1 1 1 1 1 1 1 1 1 1 1 1 1 0 1 1 1 1 1 1 1 1 1 1 1 1 0 0 1 1 1 1 1 1 1 0 1 1 1 1 1 0 1 1 1 1 1 1 1 1 1 1 1 1 1
1 1 1 1 1 0 1 1 1 1 1 1 1 1 1 1 1 1 1 1 1 1 1 0 1 1 1 1 1 1 1 1 1 1 1 0 0 1 1 1 1 1 1 1 1 1 1 1 1 0 1 1 1 1 1 1 1 1 1 1 1 1 1 1
0 1 1 1 1 1 1 1 1 1 1 1 1 1 1 1 1 1 1 1 1 1 1 1 0 1 1 1 1 1 1 1 1 1 1 1 1 0 1 1 1 1 1 1 1 1 1 1 1 1 1 1 1 1 1 1 1 1 1 1 1 1 1 1
1 1 1 1 1 1 1 1 1 1 1 1 1 1 1 1 1 1 1 1 1 1 1 0 1 1 1 1 1 1 1 1 1 1 1 1 1 1 0 1 1 1 1 1 1 1 1 1 1 1 1 1 1 1 1 1 1 1 1 1 1 1 1 1
1 1 1 1 1 1 1 1 1 1 1 0 1 1 1 1 1 1 1 1 1 1 1 1 1 1 1 1 0 1 1 1 1 1 1 1 1 1 1 0 1 1 1 0 1 1 1 1 1 1 1 1 1 1 1 1 0 1 1 1 1 1 1 1
1 1 1 0 1 1 1 1 1 1 1 1 1 0 1 1 1 1 1 1 1 1 1 0 1 1 1 1 1 1 1 1 1 1 1 1 1 1 1 1 0 1 1 1 1 1 1 1 1 1 1 1 1 1 1 1 1 1 1 1 1 1 0 1
1 1 1 1 1 1 1 1 1 1 1 0 1 1 1 0 1 1 1 1 1 1 1 1 1 1 1 1 1 1 0 1 1 1 1 1 1 1 1 1 1 0 1 1 1 1 1 1 1 1 1 1 1 1 1 1 1 1 1 1 1 1 1 0
1 1 1 1 1 1 1 1 1 1 1 1 1 1 1 1 1 1 1 1 1 1 1 1 1 1 0 0 1 1 0 1 1 1 1 1 1 1 1 1 1 1 0 1 1 1 1 1 1 1 1 1 1 1 1 1 1 1 0 1 1 1 1 1
1 1 1 1 1 0 1 1 1 1 1 1 1 1 1 0 0 1 1 1 1 1 1 1 1 1 0 1 1 1 1 1 1 1 1 1 1 1 1 0 1 1 1 0 1 1 1 1 1 1 1 1 1 1 1 1 1 1 1 1 1 1 1 1
1 1 1 1 1 1 1 1 1 1 1 1 1 1 1 1 1 1 1 1 1 1 1 1 1 1 1 1 0 1 1 1 1 1 1 0 1 1 1 1 1 1 1 1 0 1 1 1 1 1 1 1 1 1 1 1 1 1 1 1 1 1 1 1
1 1 1 1 1 1 1 0 1 1 1 1 1 1 1 1 1 1 1 1 1 1 1 1 1 1 1 1 1 0 1 1 1 1 1 1 1 1 1 1 1 1 1 1 1 0 1 1 1 0 0 1 1 1 1 0 1 1 0 1 1 1 1 1
1 1 1 1 1 1 1 1 1 1 1 1 1 1 1 0 1 1 1 1 1 1 1 1 1 1 1 1 1 1 1 1 1 1 1 1 1 1 1 1 1 1 1 1 1 1 0 1 1 1 1 1 1 0 1 1 1 1 1 1 1 1 1 1
1 1 1 1 1 1 1 1 1 1 1 1 1 1 1 1 1 0 1 1 1 1 1 1 1 1 1 1 1 1 1 1 1 1 1 1 1 1 1 1 1 1 1 1 1 1 1 0 1 1 1 1 1 1 1 1 1 1 1 1 1 1 1 1
1 1 1 1 1 0 1 1 1 1 1 1 1 1 1 1 1 1 1 1 1 1 1 1 1 1 1 1 1 1 1 1 1 1 1 1 1 1 1 1 1 1 1 1 1 1 1 1 0 1 1 1 1 1 0 1 1 1 1 1 1 1 1 1
1 1 1 1 1 0 1 1 1 1 1 1 1 1 1 1 1 1 1 1 1 1 1 1 1 1 1 1 1 1 1 1 1 1 1 1 0 1 1 1 1 1 1 1 1 0 1 1 1 0 1 1 1 0 0 1 1 1 1 0 1 1 1 1
1 1 1 1 1 1 1 1 1 1 1 1 1 1 1 1 1 1 1 1 1 1 1 1 1 1 1 1 1 1 1 1 1 1 1 0 1 1 1 1 1 1 1 1 1 0 1 1 1 1 0 1 1 1 1 1 1 1 1 1 1 1 1 1
1 1 1 1 1 1 1 1 1 1 1 0 1 1 1 1 1 1 1 1 1 1 1 1 1 1 1 1 1 1 1 1 1 1 1 1 1 1 1 1 1 1 1 1 1 1 1 1 1 1 1 0 1 1 1 1 1 1 1 1 1 1 1 1
1 1 1 1 1 1 1 1 1 1 1 1 1 1 1 1 1 1 1 1 1 1 1 1 1 1 1 1 1 1 1 0 1 1 1 1 1 1 1 1 1 1 1 1 1 1 1 1 1 1 1 1 0 1 1 1 1 1 1 1 1 1 1 1
1 1 1 1 1 1 1 1 1 1 1 1 1 1 1 1 1 1 1 1 1 1 1 1 1 1 1 1 1 1 1 1 1 1 1 1 1 1 1 1 1 1 1 1 1 1 0 1 1 0 1 1 1 0 1 1 1 1 1 1 1 1 1 1
1 1 1 1 1 1 1 1 1 1 1 1 1 1 0 1 1 1 1 1 1 1 0 1 0 1 1 0 1 1 1 0 1 1 1 1 1 1 1 1 1 1 1 1 1 1 1 1 0 0 1 1 1 1 0 1 1 1 1 1 1 1 1 1
1 1 1 1 1 1 1 1 0 1 0 1 1 1 0 1 1 1 1 1 1 1 0 1 1 1 1 1 1 1 1 1 1 1 1 1 1 1 1 1 1 1 1 1 1 0 1 1 1 1 1 1 1 1 1 0 1 1 1 1 1 1 1 1
1 1 1 1 1 1 1 1 1 0 1 1 1 1 1 1 1 1 1 1 1 1 1 1 1 1 1 1 1 1 1 1 1 1 1 1 1 1 1 0 1 1 1 1 1 1 1 1 1 1 1 1 1 1 1 1 0 1 1 1 1 1 1 1
1 1 1 1 1 1 1 1 1 0 1 1 1 1 1 1 1 1 1 1 1 1 1 1 1 1 1 1 1 1 1 1 1 1 1 1 1 1 1 1 1 1 1 1 1 1 1 1 1 1 1 1 1 1 1 1 1 0 1 1 1 1 1 1
1 1 1 1 1 1 1 1 1 1 1 1 1 1 1 1 1 1 1 1 1 1 1 1 1 1 1 1 1 1 1 1 1 1 0 1 1 1 1 1 1 1 0 1 1 0 1 1 1 1 1 1 1 1 1 1 1 1 0 1 1 1 1 1
1 1 1 1 1 1 1 1 1 1 1 1 1 1 1 1 1 1 1 1 1 1 1 1 1 1 1 1 1 1 1 1 1 1 1 1 1 1 1 1 1 1 1 1 1 1 1 1 1 0 1 1 1 1 1 1 1 1 1 0 1 1 1 1
1 1 1 1 1 1 1 1 1 1 1 1 1 1 1 1 1 1 1 1 0 1 1 1 1 1 1 1 1 1 1 1 1 1 1 1 1 1 1 1 1 1 1 1 1 1 1 1 1 1 1 1 1 1 1 1 1 1 1 1 0 1 1 1
1 1 1 1 1 1 1 1 1 1 1 1 1 1 1 1 0 1 1 1 0 1 1 1 1 1 1 1 1 1 1 1 1 1 1 1 1 1 1 1 1 1 1 1 1 1 1 1 1 1 1 1 1 1 1 1 1 1 1 1 1 0 1 1
1 1 0 1 1 1 1 1 1 1 1 1 1 1 1 1 1 1 1 1 1 1 1 1 1 1 1 1 1 1 1 1 1 1 1 1 1 1 1 1 0 1 1 1 1 1 1 1 1 1 1 1 1 1 1 1 1 1 1 1 1 1 0 1
1 1 1 1 1 1 1 1 1 1 1 1 1 1 1 1 1 1 1 1 1 1 1 1 1 1 1 1 1 1 1 1 1 1 1 1 1 1 1 1 1 0 1 1 1 1 1 1 1 1 1 1 1 1 1 1 1 1 1 1 1 1 1 0
62091 85434 75107 16785 53389 34977 17312 83216 50424 99271 63187 10739 53382 98397 96288 7206 57286 53141 58513 29509 8209 30511 61356 38982 13811 46721 63622 53332 92140 54407 33559 61559 96622 39900 50314 81074 81938 57659 87667 54224 75707 827 89832 97800 95917 86907 2838 69861 99371 35361 73809 78470 73307 43283 85385 20250 48995 49614 7320 64371 54958 75928 73947 10099 79451 25543 39282 32059 29153 1745 47971 70235 13952 61598 55391 861 55666 94466 88665 40246 84832 96429 23161 86532 11054 71473 73138 38258 34550 81321 42557 31003 77294 35100 62152 32072 87472 83422 97459 82651 85477 93248 67407 28774 2612 5270 89309 56449 7377 38339 2783 77737 81162 49886 76795 80289 36272 13711 36049 2910 29898 33451 7496 45207 2503 64617 30308 66523
30056 32865 64920 53436 2070 76169 55492 96647 34691 58596 51193 57219 76943 45505 40850 92905 75108 84067 13668 23927 78110 40570 34774 35564 30992 56303 64286 93765 54617 52828 96901 38599 38239 1861 13928 89009 2887 17869 81348 88804 83672 6494 53437 69449 102 31215 17009 44373 68560 4443 96568 74723 6055 19652 61078 74137 18188 41621 20727 78030 83584 26735 98614 80886 98757 86238 40047 3457 98824 15752 27372 32327 49732 49693 20657 68835 18723 89874 96715 50109 38702 24372 12341 74840 78358 24618 18993 85915 24798 14830 9040 78673 9941 76944 15432 58068 82197 73582 94928 7587 47887 10795 68681 3242 20980 34430 27387 34125 64404 1303 18944 68831 97494 98310 54811 87246 23478 59659 42252 26654 64689 98256 37948 88327 2706 83271 53843 23534
27958 54352 79795 69222 94708 20918 12544 40956 7674 66119 94093 47221 25871 36659 85922 43909 63123 85335 70622 24092 99614 9297 4380 13222 78820 63483 11751 51820 53778 75305 64763 76397 56693 48109 29016 58669 91056 83532 63691 19790 78116 6371 52061 76294 57777 76674 51085 3005 54969 69072 11077 57487 53460 45973 40316 45719 68544 69775 81307 83007 15050 70375 36028 71309 55719 14195 14453 29757 56503 43575 5945 84970 79341 61175 33100 92186 74061 86667 94825 86838 79363 84710 32979 73310 90923 28748 14320 69871 29333 58577 37982 3860 59739 75420 91216 54478 5215 85336 41835 35359 44985 72220 87097 51105 16336 72298 95028 21162 90198 19100 45393 86333 98179 73338 51470 75238 57130 40685 36154 87642 65814 9638 41514 79211 12987 75878 64155 66670
46349 68299 37772 12467 68755 65944 50279 57177 44404 12654 78675 34853 3160 91106 98049 70197 88799 52120 27739 7076 84892 66123 73630 37040 99646 2928 27531 45245 63791 81527 78180 72212 55752 87347 31884 82095 39768 79452 7369 97832 12585 6702 81801 92719 94986 7015 2954 7364 83928 55461 75192 9402 12396 78785 49458 91401 2664 1148 88213 97181 40747 55318 37995 27801 70491 86106 33912 46533 78142 50991 12366 68539 68674 75985 66415 77464 17021 78929 533 53590 81061 65204 43322 24659 72024 83296 13110 18868 28590 61446 20778 1880 11442 79259 79500 23893 74095 42743 5237 57993 24756 47022 28766 91102 28310 67259 80622 5690 76083 67697 51284 37719 62957 53866 40346 17518 74928 21074 89306 39998 32871 42184 33317 59771 58089 67980 94033 78674
81260 66164 16004 79982 33719 50021 39789 93772 87039 96464 57069 116 39507 11519 69158 88336 31762 2583 185 27499 54107 18122 87791 4327 96148 1984 96027 55915 15564 21909 90077 60393 4711 15236 50492 83544 94372 62021 32986 31679 40275 47704 76041 87356 9476 66348 55941 60629 8081 16400 27973 11444 10090 56191 95793 59511 18954 82822 39066 85735 65469 23528 91229 35721 79755 46617 4485 29062 90034 95024 80577 99934 53590 67333 9537 33309 33967 29569 69233 24294 56121 71048 97463 31171 59017 98760 15309 13784 62714 92896 58922 56648 39818 43494 58367 21216 95959 19098 48113 86802 37262 14071 3163 66921 90393 32367 90139 98539 95239 20125 27438 90986 95855 84373 62616 49828 73283 14882 69765 29835 27748 35728 89018 79581 99764 60357 5405 8452
83183 710 89282 23278 48178 24368 81375 24644 90079 93833 3654 54133 60184 23556 38553 28294 13483 25672 81279 82885 50091 73116 94551 66325 30215 30791 56558 27515 50089 62168 65953 59889 82417 7352 7983 54817 57983 41374 48816 86908 83174 78688 20496 22096 10317 47368 90018 95859 12487 50964 44009 556 86186 2560 59013 17093 76962 94910 95193 88897 88436 94212 33220 63871 69563 55401 42901 39582 3691 37895 69543 35120 73804 65600 65741 81448 59663 16312 40674 96861 58254 1453 37549 68349 83099 38788 66367 71088 49720 10173 84365 69132 65386 44884 43947 62647 74378 53372 32841 16408 28871 37691 41146 53076 59744 76328 74556 54950 20285 59626 76320 83952 84607 27397 13568 21584 53008 48117 75650 54971 4226 79043 85839 75756 45405 4627 72456 54129
92642 97047 39566 46732 64583 96226 86024 69842 23211 73947 38814 25578 6357 19487 20739 31916 76310 68000 34886 40011 86981 45203 70265 78497 76528 58271 95798 49534 7015 85197 13773 58413 58216 25318 98025 70668 15052 44484 68287 79821 43171 79994 36493 39916 34034 97812 46370 52191 88961 17719 88029 26607 47403 14841 65988 29449 90234 51352 24161 28395 17985 81973 96175 13786 67639 15240 31806 28407 96908 12881 94846 4691 23782 64723 1511 98068 44043 61648 49749 28311 69499 26171 79597 37743 75129 87186 12287 35403 91059 49815 70498 54897 93453 94956 49868 67365 73526 99289 50083 18631 93729 88082 37681 26086 96547 74470 79269 39455 3681 7834 91438 76196 99411 84752 35401 29891 64886 90059 8017 93031 25556 58592 95876 81843 6702 66744 67921 85242
32205 14227 94855 99263 77139 29017 44457 27941 58029 32765 33280 46074 89865 54080 45268 12558 96019 10323 73652 27318 28700 57742 2102 30253 61493 23536 5933 54845 22123 28077 56570 48586 25869 21903 4541 22238 38008 73629 31429 55647 29672 26120 44018 86229 70821 52387 36516 72346 68513 6138 3777 68634 20401 84544 31800 21452 11614 83557 11420 19118 78823 51331 58871 35590 90823 85510 89783 65370 71791 88528 49300 52695 20385 65678 17343 46504 87426 87994 92707 63510 47533 4922 75078 80585 10189 80541 84012 1804 95178 98548 81228 45835 27578 83806 752 19618 1131 38834 95536 47006 97560 82250 69985 57482 71666 3373 12872 15299 46250 10981 9578 26358 60139 50265 75778 72987 44647 25195 8355 87410 91801 2700 58813 33971 95144 44389 96671 99712
1675 80469 25301 16372 11016 71848 64340 13170 27675 80555 93160 5593 65513 77022 39271 59981 34912 20472 28522 79560 92437 35269 87964 91942 20586 20597 40417 516 52300 1153 85691 98832 72908 24979 76179 87176 13076 14389 89157 17660 42824 46536 7557 96547 45079 30789 3098 58864 91958 76522 35266 74183 72331 28311 42956 61154 73210 50349 3 43099 44216 43818 23738 30695 32829 92226 77221 50928 23186 3145 39211 51299 57728 19870 4568 18431 78232 62000 64892 44778 311 55765 96455 2718 16526 39748 36155 8621 87904 55410 54278 12879 88471 7065 55360 73301 33156 12904 89103 7199 32332 45013 76561 28821 57969 60985 9739 24616 19505 85794 68750 39992 37965 16977 90835 25529 35057 92675 97821 33036 6305 3384 51014 9010 57529 83790 21867 20869
64943 94571 14921 55689 41710 81491 90646 15062 2217 65659 66935 78331 40736 48315 42839 77620 48879 33751 20632 31759 77327 14846 46109 14757 2480 17752 67459 8386 86975 95433 26446 65641 92783 89467 86424 12480 40959 31754 15928 65253 91117 77452 48708 73388 61848 89177 69242 22031 10156 4889 19559 28343 51316 2406 90562 74800 77736 50104 52718 56175 70264 74221 570 39028 6058 20912 1 94204 64823 90369 27807 18981 24141 44256 64230 42509 3721 95222 27537 93201 19737 64260 49214 90854 31748 6639 58941 59417 42889 55664 96930 66659 49889 14948 53020 66787 37622 70858 87643 63799 42654 29341 38463 9783 75951 39855 52682 18447 81838 58319 63714 60952 73506 18378 70208 34622 4282 26665 74547 81544 97346 39108 50718 32861 97552 25510 70823 52881
73733 3966 94386 28051 72973 75670 44427 14392 2760 80422 37659 22455 25774 99852 95798 19964 81473 10760 30790 68612 95969 2085 77072 42840 57698 84703 51850 36925 68884 51235 50658 18769 16364 71794 4227 9863 16701 51244 7262 51427 40653 6606 44409 53622 26351 93897 72832 56378 50924 27501 39534 69175 81888 14984 5489 59328 75572 93240 20697 61178 96955 60159 50240 56007 73003 24906 80718 21486 23504 2162 13417 3275 88887 55530 37372 28629 87974 17302 17330 80498 24713 49838 60836 3473 20369 29246 35687 19305 59746 1555 85951 72160 89994 45441 17904 66195 6333 74278 92178 15650 81965 57386 44158 53345 64169 99265 2020 23037 54093 13395 70647 16777 89193 82736 76320 41435 73602 870 28001 40066 78759 29273 91143 88970 81704 32785 1735 65284
54881 12998 99344 32880 27335 22333 87068 42666 21959 91327 37749 21989 67234 71073 23808 51047 85992 8858 63051 63928 76347 31826 54697 67730 22464 8354 49102 9160 22504 97560 97437 16764 33827 5618 29145 27961 88713 88114 97390 28308 27792 13097 97365 41812 55785 63143 51957 4600 40480 25797 81482 78449 12175 25778 53524 64896 24549 95129 75115 19242 29293 56788 81174 21413 45857 89323 43404 69486 50920 26528 26519 89783 26033 28949 51908 43995 95453 29185 19494 39654 86007 6477 95390 25610 94926 93853 57060 8986 43592 44557 9145 65435 49050 50885 55772 76127 50485 74181 4709 66296 8721 29543 15321 6548 4984 86544 38234 97245 29100 65462 69185 63757 48387 50035 13292 62028 33281 78573 69356 29455 58907 15632 83614 24068 21668 66172 27793 19334
26658 58056 37924 7142 41575 36264 60245 54683 20399 30616 34036 87984 76884 34189 19031 36276 78095 99857 50510 96357 61592 71963 79531 21005 27532 66402 40736 10059 45612 97729 35267 52673 12740 87121 91693 30622 87151 53722 51515 24920 21422 35954 67293 82470 81672 11041 28320 9300 55628 27387 60110 62280 49594 89148 20652 68887 67935 16434 92395 439 6159 93162 24668 77442 92418 96252 69367 9880 66560 32059 42152 95638 8688 41336 96585 6835 74198 82119 90459 40075 3352 12654 36449 51717 38842 9169 13457 70142 26911 65640 42830 72801 89823 32773 80629 63105 95279 80272 13507 96742 79302 3481 57165 90635 61623 25148 23980 58592 63102 85839 58429 14045 70688 71245 64332 8797 98725 23324 53424 71025 17035 79331 78035 76611 36884 29454 51172 23406
54155 43763 55348 88597 32146 26111 51927 11727 2342 46509 50577 3842 73665 64979 550 62045 74951 21248 79071 37323 71271 87280 57297 44386 91228 43111 94693 13507 74710 24571 9597 98595 17999 21772 57056 47907 19631 15024 13464 59576 54301 14427 35918 85225 72381 40237 18034 92749 67882 5571 96540 43277 81424 84402 48025 12613 9022 24509 28278 8523 36889 40722 94836 70603 99542 91820 14503 29939 21610 40358 30194 3341 78364 4411 19914 45632 58549 31380 96851 89411 8891 70200 88993 35968 34474 70468 58020 5933 95668 4777 52518 26119 81499 4498 44697 32803 35449 60985 80564 10678 22807 66135 70040 92434 34345 66297 48819 82107 7481 89210 49806 11504 89998 65631 33231 62080 47723 66751 72665 12129 25801 20422 62620 28704 37419 51554 15929 23816
40561 15060 89808 38746 23048 81145 59052 15645 44945 61627 3572 42334 60581 34131 73204 88389 49111 24581 75546 28016 85357 10866 75639 93643 54810 77471 88406 17098 3067 57809 46965 98509 8100 59663 33549 22949 80832 60292 48570 99787 81505 79027 97100 12426 67254 37227 97463 25992 23815 26596 14551 82635 90163 35051 41624 92290 73487 90322 35793 84871 572 87294 33411 9293 6759 24737 5156 27877 67148 76647 33719 30241 66723 19141 11666 55464 10887 43919 92990 70598 2114 17516 68073 15208 23733 39942 359 7998 7128 33515 97586 82032 89089 12235 364 4377 19289 34938 95919 46494 24215 94808 36043 2544 46621 70241 28822 15404 7364 53776 59313 15480 41952 57783 96926 56970 6221 78320 30036 80941 53782 86169 60279 20406 72052 38683 81718 24780
34857 29936 46610 79368 28983 80244 62607 58988 91594 25255 87090 81588 85681 13843 20297 17620 38540 50837 21904 90947 84858 23621 53065 29131 67406 51439 8051 83805 82167 60922 16329 732 7971 17803 17410 72172 81394 19930 31380 3846 98907 53696 23087 63049 88719 45602 12502 23373 9852 36862 85241 30363 62048 66066 25375 13666 3441 9784 25818 76649 20079 5349 31903 81090 4278 53999 24824 28491 92751 75861 97324 67233 33339 25735 497 5198 4980 32885 62562 53240 33501 57772 10299 13683 81344 18745 11505 22520 73495 6735 50116 62488 39648 12810 77697 99315 76671 91546 75937 73785 71365 24901 19747 77024 57380 66212 99909 7945 33150 33230 51353 95227 16085 63973 23350 4417 24672 98022 57988 38710 60641 46622 47900 68450 19167 82880 85976 60368
30479 74832 34406 70846 10704 30603 38542 71191 27360 55622 5150 40219 65630 58044 96984 20338 79653 61136 84648 44991 66519 34184 372 54773 14555 69633 17413 7047 69958 77638 46407 30453 33387 85301 39081 92341 6451 16498 69037 47310 34667 62460 64249 5429 30704 88304 61386 92955 2608 30417 24539 72436 88414 42259 32182 32159 95438 41863 67375 53323 55497 1494 34890 17798 65682 83755 17765 10185 9049 71438 88909 79368 94131 16670 83320 1886 87526 666 38460 35491 79801 99172 21836 21787 66148 84718 57698 50225 58872 41850 29044 62476 50632 56351 34544 33851 38583 27338 37285 69143 58223 79465 78317 1981 98543 84592 59172 19255 15263 33530 57901 22326 75361 60272 28207 91484 22823 14268 29036 50051 94611 28195 49449 46803 21321 83156 11275 93224
93072 34249 93655 36077 42770 64792 95249 98932 66495 32 75765 82714 31348 20939 15351 21812 14929 80504 76700 31892 87181 47555 16337 31410 95982 91730 16282 39709 26115 17951 55405 28021 10319 8913 52681 87023 42585 34241 91082 82424 42909 87071 30923 28817 25552 25359 74904 18464 66785 57766 29727 22065 75979 96239 86139 23103 8348 66639 95094 14711 79710 91940 57872 11197 26104 23931 6199 90332 66347 58525 30252 25193 24888 49496 78859 5342 77934 49481 99544 704 20842 69797 83958 12200 82500 9723 10068 65271 41653 90627 77481 84656 24358 27695 44743 91238 30844 82381 73518 84 20504 60073 72342 59967 65202 96250 11228 33605 20605 79793 44558 90519 69227 2807 11473 94445 95457 46745 22453 53619 43656 30564 33863 57781 19120 24934 80807 25774
94003 2129 74192 6163 68299 34232 23543 19376 24195 78236 13163 24909 62260 46411 4770 65203 11861 12107 4247 50029 8423 94325 68877 53429 24426 45441 43492 95876 4568 89448 12598 67664 33396 98016 51609 97834 28489 19837 45617 25510 99458 32649 14698 80550 44042 1117 92645 98444 26720 2565 99415 58820 84407 72802 7939 51958 2888 80333 39931 5873 72266 50850 54422 76808 41383 72944 10868 18933 80868 80337 9912 46279 8980 28836 88827 63892 16639 56501 83108 27018 2695 17626 82545 77996 4768 93140 43593 932 64974 62196 61317 53030 97069 98241 86942 85005 72684 76811 85544 3001 41591 23658 56070 54079 78826 48653 37847 5777 714 636 1419 73284 47890 64486 95823 63538 15563 55154 83533 22128 27749 22550 18393 14840 81185 97539 48785 67999
48969 7802 60422 92995 52423 76079 3119 94090 2458 13513 32753 54520 40215 33575 53300 63962 61471 35821 56576 17724 28743 15537 44097 19860 68561 32730 8223 32095 62208 48313 60873 26345 10978 37535 97475 35723 71376 21277 41842 66847 88966 59046 53781 8221 80389 2012 20996 21017 41992 30248 22859 16530 12520 38016 97988 64647 74310 85564 44199 89614 95963 35888 11529 55335 19362 79157 8794 50068 21049 28111 37767 33544 64121 86443 56988 83569 85811 76556 23962 4077 32012 87902 61029 76060 19520 38960 90245 38371 79544 51834 7866 58591 95589 56143 13052 97464 11706 77447 46147 17553 98813 55140 5363 96931 87323 21269 31025 40861 16787 28744 97709 3686 6188 95344 68406 9942 17215 31211 62005 16496 8199 4646 33059 9607 73257 38894 44173 86809
73953 83388 66508 77243 57704 45394 53990 26690 26145 80343 16757 13270 75718 41556 31467 51380 76153 26541 79959 31229 27836 15001 84886 7825 3530 28832 34857 74982 89890 96777 71874 7812 43728 44889 67955 72473 99319 50560 66984 39025 97806 47424 99081 85372 95507 50437 91061 87326 8045 26283 58485 91288 23795 12138 90866 19435 90048 55224 21070 71789 40001 97272 33476 54330 27420 60142 19621 24821 65147 64395 2680 80587 62265 43041 74785 34347 13534 17519 79961 18071 46997 62540 99981 4109 53955 1542 17856 9541 59254 80824 75901 78942 74452 24477 43171 21300 22539 30511 91154 98476 58768 4012 65278 16066 66921 87452 10174 56231 7423 1884 25738 78956 60892 35570 97664 62767 32167 28275 5230 16092 73963 3521 45238 6700 4251 48315 87017 66144
21362 2218 10580 48582 71978 37262 43598 34019 36467 72648 93430 23069 68886 25885 56764 87376 77746 52243 55446 1244 36680 12459 38486 52702 55665 51656 2879 1366 45304 65343 12570 41398 55524 49841 16892 30508 40166 96508 15204 63793 40712 55017 61229 95260 70042 71633 46694 64755 46857 94212 82489 3058 2002 60902 8771 58554 98041 25592 72846 92964 80078 11968 26208 97672 28406 88484 79138 82043 71338 15443 195 53478 47801 59837 96674 71717 7832 72938 39293 14550 70429 55078 89655 3927 31881 797 46691 97105 95509 2157 86158 39270 80295 40814 80903 2061 44600 78030 43152 38258 30783 40491 8111 77531 62307 71033 17361 37013 75357 26054 2711 92470 41796 32225 74028 55875 26653 94821 1588 73529 32594 7199 13889 42203 96660 14933 65710 10169
17254 69497 34376 56619 49730 83253 90319 56261 96021 70303 96710 5617 86062 58187 15049 15576 48342 52458 58151 54205 63855 61534 84885 87875 43464 32388 43535 5787 43879 69275 20662 69697 38154 61949 58622 77464 80097 83413 41520 98999 62582 1967 34060 57335 66417 72228 13091 18335 2786 77111 85624 76147 49037 18497 61672 5805 10914 75384 99467 3808 97082 77992 33493 544 58834 91985 60579 64465 53107 82430 39896 38735 89851 354 99289 63216 40910 80957 31588 36716 41160 42448 54665 96512 70335 72786 76753 35182 9842 32540 12106 44507 91802 11397 46552 1149 90806 1615 97185 23481 76134 8959 94262 53682 69433 49950 7937 94806 4031 5572 20739 74965 52814 91202 5380 33947 41707 32298 38108 22272 30886 75533 10981 27228 44069 24640 44152 74782
62072 22033 65405 52444 78247 19227 23514 22433 42477 72458 67778 97963 57569 16351 74655 83655 29815 65016 1786 76800 80689 22404 74818 94222 22364 86325 59264 3104 2938 9598 72066 33745 87976 73676 87717 90370 43948 85698 56570 51417 98095 93924 73868 62883 60387 87273 17021 73162 94799 69152 20392 17523 13682 50080 86264 64921 53055 55497 2202 98986 99093 32662 64489 31335 41459 35156 39085 4627 58627 39326 28327 96380 53992 87795 17621 33793 47306 88743 7489 75334 53548 37075 56898 86312 9350 96627 86698 54948 17566 87586 52495 32047 58368 64127 41978 9636 89989 79382 22593 60954 27279 90309 68051 87043 21197 66816 67578 36573 37855 62244 35029 78916 76911 36427 87815 21942 29240 67531 89631 80513 4339 88393 35245 55082 24466 8552 89809 61234
44416 51162 95283 58512 310 96526 33150 51236 33234 96617 30781 59803 66614 63571 45486 41297 46293 79477 80173 88703 73499 71657 71035 46056 97693 97597 38739 71436 13966 98016 90313 37326 83307 18528 64297 18687 43225 68060 93752 51516 66971 88749 21931 61394 85983 80297 89193 92161 18989 47174 23019 12185 91380 37430 18178 38631 98140 80784 53180 76538 60185 86687 96086 36111 275 88527 29763 87427 55952 45662 28817 21357 17542 34467 37197 72700 44203 30263 15737 33919 75374 16692 59567 85067 28943 42061 65076 6874 12496 33547 31187 88215 72890 1631 14828 52009 87316 79175 71818 75131 15672 29563 53666 69647 82871 46583 29091 51641 82114 94832 86028 84482 26502 10247 49732 36796 74180 932 64342 78759 13798 62941 49108 96798 12461 74344 21713 46587
57337 8070 34676 6691 11290 54648 41852 73383 41398 5212 2748 8511 38195 27111 73705 69553 17302 19925 41621 48174 68833 29650 31637 60794 43076 16161 20345 77677 12611 69990 92500 3582 32084 33208 40311 10719 18153 84240 9202 16212 7918 85273 48797 37411 31751 53704 36218 43074 13639 78714 58228 35189 2599 83357 89726 18217 2443 81386 92678 23182 85537 9178 34009 59459 98281 38757 55768 97320 52752 63605 94440 20526 29874 30699 97772 6095 96864 74826 44086 51675 53161 10520 74587 72538 91574 47877 43183 27420 42874 22565 51248 56444 64360 19573 36828 72214 29635 98723 11109 70325 91154 61221 17940 1727 73250 93263 51811 90672 25292 40509 81938 94496 83004 20968 27045 33399 73056 79654 92342 89167 36059 66483 94136 16793 15298 85765 17780 3265
36204 9603 46255 75219 6030 39010 35170 15210 63372 65870 15341 47673 85157 53040 1600 47859 73692 79455 59683 98248 44057 59456 67339 29081 34888 75486 33116 38894 79117 6026 9565 30839 50774 86272 47851 61837 94566 28702 39179 24016 16402 10224 63659 93074 11322 32240 89258 86721 91654 44933 81517 81639 24956 12339 26472 79956 52456 41117 84487 12692 72978 3316 38106 35691 66853 47104 41020 13324 74001 816 71911 33405 25263 60269 16268 31230 48578 4158 5553 5536 69150 25489 82981 26819 71023 18470 62272 56292 88375 14454 92425 90596 54969 72813 12559 51875 63638 79338 84388 39028 37694 70445 84502 40730 77651 95448 73506 64933 42648 49413 32990 56286 79696 9573 90230 68107 81683 63274 46136 91450 94156 18481 53682 43139 6175 94693 48842 33858
89421 83246 5970 63511 85869 18203 19152 17517 66038 76166 87420 23164 43 31807 47565 50997 25036 12228 43414 42546 40614 49142 27688 20052 38220 89979 55751 71967 32995 85651 9144 36682 5148 48209 53598 19067 68928 38725 62408 4227 2164 48693 62475 51580 37377 14593 26329 1380 26019 45780 73739 59321 6313 78905 98551 15873 52995 37179 57502 75757 90321 45881 527 43276 34056 78909 88774 50082 93738 49706 97819 72209 48347 69660 13630 23472 51810 48663 10818 55020 57882 27484 87060 53354 41399 35773 13563 84767 10961 19559 53034 1963 38773 41734 55324 41013 83541 94141 48906 72374 43969 82907 85200 1973 85102 67957 26671 51985 24064 16580 87119 66729 43165 823 61595 98205 4389 31577 83056 64250 88997 59238 61576 34835 99787 55679 70623 97148
73969 81109 23509 39140 37465 55483 34818 69965 92571 97230 93593 4791 97333 18736 121 10339 3068 96471 11758 8802 2404 23006 21278 67009 84951 72852 22101 3243 3437 58307 91208 31654 13177 99091 34298 87409 95599 66665 1885 71013 53028 80845 93641 54823 35617 92982 77038 99685 96049 80371 16997 3669 72841 83372 37669 49404 72508 60669 16873 78075 80287 70960 16491 82385 50085 13725 90628 17383 77788 11345 23506 191 14025 14110 29267 82430 18625 80554 2392 28958 68160 52276 90367 99302 74959 77269 71228 51760 65730 32553 44059 22617 99905 89052 56549 15093 9612 53392 63207 94997 55348 55809 33965 89984 28750 22854 46930 38506 11922 78649 74060 17931 13165 51217 87427 77332 6752 83595 42742 45627 24983 1417 97083 85 9468 5192 30933 25402
33546 68397 62086 40798 15799 30407 8390 92155 12029 63069 90758 24927 94465 24197 53483 858 58284 85290 47292 26251 53808 54799 3070 59808 74665 80467 71819 55621 40985 29133 23445 50841 13414 93140 63981 90413 72278 99735 64888 33498 1044 84052 8700 16561 70832 74938 65925 53368 22145 89615 56293 27549 59216 49032 50433 26232 48403 24548 93680 23951 52595 44912 89638 67192 38015 70237 89691 66785 9633 13062 62556 92320 98099 56127 20572 45734 39160 524 80765 88937 7116 34703 14401 24279 42423 49347 55872 60383 84847 12259 47320 21296 276 32170 81904 40911 60758 34295 59626 92611 92727 96791 18320 83449 35849 79002 11622 48533 60585 17595 32509 38170 32086 80720 68689 76824 39765 58721 12309 78946 23669 68817 1460 82410 51707 69077 33046 39824
60941 19353 6990 8859 85568 66711 24004 41008 79248 62192 82445 82298 71312 48706 54078 10420 36633 98455 75230 53338 15765 66206 35784 56546 56570 44544 82450 26119 35508 93611 86769 26814 16016 11558 49402 87387 40071 3078 92528 77754 46335 42501 72218 31556 35865 59937 1577 34307 15133 79173 98296 97226 218 46480 8676 45293 26766 83112 62266 60629 50827 20261 5412 51296 51634 31614 97271 75661 60785 95267 15242 64148 23992 10122 50947 67379 67364 67194 67386 87044 71213 18391 87087 8304 12226 38465 39251 92714 56406 5825 64704 45450 37479 17583 2221 34292 58295 79719 80434 94187 50301 53864 66352 29018 35848 58498 46960 57346 61692 77183 20352 53615 95059 42647 6872 9187 13549 80280 27370 23323 39388 82289 38933 52898 47389 3309 79925 395
12928 27626 33743 29938 93726 44570 55425 78307 12752 94843 26752 31422 29778 66099 30333 65862 15187 22963 44294 92026 25423 88315 27587 45072 73859 76411 68646 7947 35323 43113 11722 7139 4478 6703 79529 53679 36063 92361 77544 15771 84105 65412 18362 47088 31154 1868 27842 72219 17461 39967 48636 60148 28372 94452 58037 85738 94749 30602 87510 52792 1533 95384 6972 89370 22096 39324 74793 88193 72263 44841 77388 34686 98879 26867 29048 27090 78452 27849 87527 57679 29013 50855 26295 84737 61008 54060 37644 25841 50730 87008 65844 62905 81595 20479 56941 99771 623 68039 28459 41476 41415 47582 49185 52135 82939 61047 32200 80299 81539 91141 80152 30639 39063 79222 69154 35071 4377 83291 2930 3211 17008 63395 26034 90881 41906 74356 30508 81742
50784 38592 74003 30389 61567 95680 31515 19016 3017 14283 86051 6758 77259 6155 91511 46188 42455 1700 55032 10639 7110 82915 63626 42713 57714 14133 64520 53891 67950 3016 62756 64464 51751 16977 10836 16236 15837 86152 27764 10158 59685 38862 59320 69060 42672 32241 33566 55733 37237 93595 77757 91738 39143 98188 11760 38117 25607 85160 22646 97421 44483 68455 19230 13663 46026 2762 20772 82092 21900 59553 47732 63922 90558 98468 58740 86565 21914 14229 11837 92239 38565 54446 46248 95974 52902 19726 4752 19625 11837 37497 40791 73717 62755 42632 39441 68535 53551 18406 94851 1971 24721 46372 36052 30930 45557 29612 20978 34670 85489 85321 72250 4112 63183 25902 57901 598 27511 70417 3129 8219 34714 81465 9662 24178 24857 44228 22795 33167
66913 87818 30334 68506 83532 70233 31532 10514 70866 61108 12101 67820 21134 43259 56328 92942 73288 90773 28486 82802 33071 65849 27258 5458 50134 14736 22098 5596 47053 41928 17167 2805 71219 80282 81147 32693 37142 56478 84255 98848 33118 88124 26478 98520 21282 11486 60493 82871 34381 58035 3228 3161 8344 54865 22704 52786 7636 72817 89988 95406 71975 6007 32975 72832 46150 98670 30901 30881 73339 59008 94374 74895 33379 25044 50882 605 32655 95565 37181 49359 54564 4915 7848 3170 85524 24001 74493 88416 21020 17384 57432 32253 39976 38021 35177 45171 51470 97599 16024 18206 89205 8600 44545 49084 7430 1810 38738 77902 91497 12412 54148 89747 72153 40086 89596 6289 13318 7591 68161 10421 39704 83217 90867 74023 8025 65953 25387 59456
68067 37825 67772 98716 22187 89334 10763 93639 68684 59242 55460 5901 9558 1949 61285 70743 72101 61153 33061 56032 92487 71294 92444 37652 43456 79190 52195 75600 5197 15661 57860 51934 7311 90761 35762 84143 60142 76452 44899 29551 56995 11550 22458 37143 18245 6358 27645 9709 70886 13463 72397 7913 51502 82981 34765 44108 38483 26263 21442 93758 71495 66427 44788 88962 40060 43238 21896 15987 17581 80482 92331 27692 79224 86538 72977 64130 45669 22704 76327 86049 5775 68235 85113 78845 97219 70331 80973 4763 54842 397 98719 90189 75470 5286 92492 21093 12791 84497 50460 57606 35294 73647 95502 67805 78627 46614 92889 36956 20956 98766 77919 8495 58459 92341 57592 44987 21655 41036 54351 94489 90272 36246 47970 49512 88940 47881 30332 33982
17387 69669 13682 58981 66928 83468 41827 61430 81323 18811 8845 49344 17085 41782 60788 16821 82175 70513 98937 58287 73404 25049 67906 23671 68642 88142 21441 68631 21357 92581 42823 19353 89902 8657 42852 61150 92973 23453 5858 36388 85956 96731 29469 1574 709 9618 7255 35176 11955 21803 74625 84287 25203 61724 50355 35875 14340 10256 21518 77437 32434 82482 56697 4189 66837 87972 50341 54569 46409 63030 75920 18507 16814 53004 17159 8069 31363 6677 24719 45201 16004 94025 81437 54000 87539 3103 9983 3646 9992 60926 8327 43483 48529 76681 41124 93171 57868 6254 58267 56090 54340 77932 71107 6660 47408 6575 32152 91870 12888 57149 97280 23047 50730 31054 82478 85856 9878 36590 17661 66686 63810 74128 73771 54445 1347 15747 13069 60560
51097 47906 69560 55865 11179 8874 86671 22430 66846 70948 77917 62353 35301 36992 65122 47137 66303 57197 31754 44928 42029 75842 89350 83009 20841 72502 46949 20899 70196 30046 68906 80679 48359 42329 34561 97761 17617 37499 27554 4830 43103 35331 48809 52708 35328 76520 80838 65986 27050 82174 84147 64516 84626 20283 54525 68786 96212 43425 12678 17965 8282 55979 7324 57355 19814 19073 67960 41617 32743 91693 23949 55028 54907 11112 15447 22402 56580 67251 22953 63281 62836 27674 8717 30801 35185 4208 16007 42335 7531 39797 66225 50767 50716 29233 62821 36436 4073 68208 9935 6338 40297 66114 65777 49622 46272 88617 37693 66283 12681 59776 31896 23694 57035 37077 60320 46838 58465 18376 84354 38676 30007 46471 43807 24431 51350 67455 4503 92681
6038 39167 33521 19937 97121 2867 88211 65858 48130 62841 79489 28093 6248 7386 21449 64719 88695 12688 49824 57782 20119 57030 41995 36818 67534 48794 63027 27961 38742 55532 52273 44082 6823 50530 56945 48979 39188 54332 17278 95273 82481 90101 17806 29805 5233 72476 75997 59298 39582 85503 47322 76990 59018 45460 29611 68237 30603 65422 15384 20419 79402 59020 9832 38247 48754 40120 59831 36173 40744 17747 44801 44088 9488 78622 79083 30269 25045 10787 58349 11015 85291 87364 43105 48744 91816 1077 63877 9668 88441 3637 58321 78967 48896 12897 4377 37591 959 41515 57255 15676 25095 42199 77999 55572 50778 84996 92379 92544 31152 10563 98428 8752 36170 99382 5333 30043 87558 66232 32497 90524 99725 85671 42634 81440 10293 8661 18843 28898
15630 3361 91591 89022 19886 56812 68557 68325 30070 90766 52964 52100 75689 16076 64135 60003 95179 42840 92521 16954 31350 25559 97554 17389 42329 96403 27297 42588 33154 16508 83971 51764 27028 19815 58268 66320 40206 48975 25870 57053 71525 5019 30513 23595 41385 99659 50285 87981 88485 89836 67397 68675 1075 18313 46877 41955 2609 99444 33348 87487 89660 53136 2457 17186 97720 47230 98803 78198 25644 79575 12464 2405 79216 68146 53968 92567 31383 71249 11811 25967 71524 99177 69201 98730 97658 35211 27314 4237 18889 65843 45525 18247 9460 56095 50561 83994 16392 92486 43419 71259 82721 11657 67738 26725 5414 32407 42777 38375 55110 82129 66731 40163 70905 85656 29079 93812 25943 20101 26564 79757 823 40653 63432 28844 60092 78878 9945 82598
29961 44258 77010 20641 17471 39797 68911 57025 32512 61140 95255 29532 69966 3662 8265 55630 82604 37778 6100 78693 68770 43039 64993 86598 13319 34078 69967 68535 33220 11872 68406 9182 63494 47974 34012 44631 71533 21742 40261 38680 42049 34410 50934 78482 158 13688 91311 22365 32015 84167 76817 49551 69840 59398 75357 95886 7304 44687 63380 32643 83572 96403 74387 41846 42242 82568 44348 33596 36957 59059 12912 39650 94539 4653 58382 81726 16367 19828 71584 24455 29011 52893 87957 2211 65814 46396 1313 26839 5418 23580 45732 97749 15160 42882 79956 52311 25977 81908 49259 37194 80528 19551 16155 45878 26786 8504 48217 34984 70600 95758 37425 93236 83704 32815 36251 40251 89587 31394 48657 93701 38951 64085 72782 7210 70265 8010 5485 29428
19195 64717 5402 3798 67004 94044 15095 86957 18660 30894 9223 72754 87695 14842 14820 97870 94955 63709 38615 20635 9402 46351 68054 63114 51425 61395 71407 60248 40783 16474 84731 57961 83255 11835 13819 72091 83361 8001 48141 63506 99375 32308 27002 26957 16688 37377 54301 37201 93390 14904 31331 30742 91325 34915 10168 23139 84109 77762 17283 82607 4389 29041 52581 60028 17773 31950 27527 20998 55846 52500 22680 18206 8841 28945 45349 73029 38990 41405 70514 23514 10514 92800 83064 37650 65599 46421 69835 37324 39017 6836 38531 50285 61690 37180 52579 66229 50290 91540 13810 23898 61597 54825 8546 97079 44773 64763 33679 83661 71443 42009 63507 47244 35908 86654 77286 37475 17878 56187 39071 82733 80570 16590 8848 67528 71990 60940 91098 89549
63480 88558 46968 38695 16629 39794 44546 77998 66460 47141 24429 7058 16631 86961 98824 12788 48960 64625 74901 77236 67390 71872 57961 97843 5959 62009 99710 92825 69245 74872 51580 17476 40200 70789 72365 78312 53600 67272 6014 14334 83924 92041 64816 95675 9738 7927 16270 86979 83487 93655 87866 37048 59054 19911 25561 16839 22956 50498 16022 83967 83967 66828 70655 66307 59920 82470 88299 81260 94249 20629 32546 23523 52544 20130 39326 5298 63778 32677 97527 37972 53951 69527 25600 69259 32668 65755 7489 52159 60838 85378 79383 11685 87171 91265 50924 71628 45603 78957 45457 89193 94919 62569 21997 66370 3757 53840 49721 55650 70843 61937 27525 57560 31206 69071 80756 91270 4212 2701 1999 36631 8885 58527 92781 2315 14406 73906 84837 51777
45200 59003 15089 25759 34748 84619 30254 75035 21767 92417 29081 45690 32228 45479 90270 18032 37451 1031 72804 60693 89412 11377 91657 15723 12929 86225 80670 43302 33547 79011 45428 17547 95813 32715 12264 49104 505 11139 91553 31274 86220 564 51783 78496 14940 80685 50031 84647 9856 24343 29972 67482 24405 83754 93770 3814 63265 56391 98072 87869 67528 33290 53773 38866 90582 96165 39812 53918 32424 83220 16095 11708 23362 71613 17294 12364 95038 53203 12609 69900 83557 25582 41537 22399 69878 23929 50561 69609 14586 10374 66747 50182 11389 25665 67814 75246 26377 39812 56156 14477 72493 48791 28903 5908 1788 10235 59563 36042 61197 17787 19881 87800 57142 51289 6075 3870 43579 6566 8090 49231 34460 94720 99064 29798 32081 60015 44456 57592
31272 98442 18301 46259 93652 47711 89160 29615 47369 69547 33428 75149 65291 68092 98609 34253 84805 20236 12231 49085 48045 87662 82948 8111 19010 6078 45958 10081 18392 70129 48134 90347 96788 85239 50675 50304 264 83560 69661 11234 13257 40185 57138 53265 41620 22891 91188 54506 54766 51767 86828 38686 92286 67871 99037 35244 75354 25670 67023 5160 49006 87187 46478 56530 25967 88372 82901 46291 33492 48071 88970 36776 78447 46614 6310 863 21122 42239 54343 96356 19878 91944 19979 38729 45995 35277 8174 56297 74152 72530 45005 16328 62302 92831 31602 55565 91081 62033 14160 17250 44711 95944 14440 36091 56700 59817 27294 11190 85928 15219 9533 57273 32230 58756 82561 28556 42977 19207 12483 92044 95602 33137 77978 31269 93830 45888 95224 21336
18047 40536 92254 92399 23434 73039 95952 51113 8008 80507 47430 1118 64034 66687 119 77158 34626 27640 3126 22734 30108 86801 44606 75635 62859 64984 12783 82560 96284 75482 29890 19457 56897 2419 85808 63730 93472 34622 39369 14793 89605 75400 43856 11419 48329 93785 71183 88127 33479 33623 2535 61493 38209 33317 64993 96713 6679 40166 34473 69531 19364 12729 41157 39554 76312 50581 56271 4629 65386 17697 31676 63907 4498 94834 19491 12030 2283 13663 70339 1682 53356 53797 3522 66423 62785 98113 52462 97965 48673 60056 1250 47107 68967 32342 1518 75825 38638 95845 58199 6587 35837 62566 98245 66414 39064 81652 69280 3389 9734 31229 65650 53329 66190 71326 13567 85422 36025 60221 44602 21343 29567 82243 15212 83711 70725 20392 56657 71926
38076 96646 70885 16603 19818 39945 35222 11949 56740 31618 62101 63545 70894 20315 84738 87694 29001 16675 36381 45754 86798 1050 92113 52187 47655 91995 90068 59701 85485 4414 94209 15895 24414 29649 92330 81371 45057 722 89263 54877 16680 96663 94688 85258 20795 48260 11964 31592 73394 77228 6357 32555 36195 86381 2943 55563 43068 73585 61496 93452 75293 8175 30906 76378 38544 51518 28970 5170 30519 15727 64941 73388 22655 45028 26283 46537 33703 19293 70052 81344 52052 89892 30274 26802 27874 82030 26663 57114 39797 12493 85242 53691 59123 75494 40367 7893 55651 16648 98559 80866 43994 99471 80875 47345 70068 2733 85852 25601 29883 86923 85540 83217 20478 22573 2296 81518 84288 65575 32613 55317 9356 63564 66712 70238 57236 25704 31035 56903
68735 66508 70149 46037 19487 98794 93422 43548 2365 19772 74323 9684 67904 54684 68478 33332 25911 34766 88549 37183 55201 76524 98138 84446 62902 29074 25663 80036 82909 8223 59408 76175 67262 1878 81332 85 56772 41338 11916 68543 40645 24270 37764 99402 75159 4265 53015 40777 25251 86402 82438 31700 78510 28064 618 94772 51542 64663 35750 55495 95419 81780 4146 97351 77165 80361 57539 92885 37246 87186 91966 79794 64591 17134 22137 43609 7841 82474 22553 54567 18690 67578 48049 69820 48560 79836 68460 95302 26154 4529 38456 78192 70133 42408 42148 57411 73836 61164 2196 51569 49425 12462 95674 94042 57401 84873 10879 18267 255 26750 29460 15373 53704 65029 4850 48112 31185 43587 23760 8297 46292 75834 96100 57300 97188 31776 50868 81387
14574 51240 29077 22672 31877 84561 29180 51827 94005 85755 69574 64254 25706 81032 51742 93154 27464 87200 85547 33499 78066 92627 35605 66960 37083 33121 94199 30123 39364 98152 50367 67882 17220 24611 15942 99375 91435 61582 17359 70368 78081 6432 85840 68774 6975 80426 17531 11354 80420 85183 3024 36655 58590 21719 9926 29455 14315 6530 34870 28142 81938 16583 60409 56289 11613 5831 63071 1174 27109 73115 79275 23734 89078 15274 48384 12611 94618 25669 6996 63454 36033 6200 72130 50820 26550 55879 18147 48785 98369 18191 73691 62166 41357 80454 35200 25302 75059 70299 57647 97375 11068 63272 84375 76097 63018 19429 2618 47402 63815 59713 90964 21954 69227 55642 34023 43243 47675 90552 25270 4438 19125 57501 9259 68963 46629 98034 9823 62408
25615 89660 67873 28208 23711 96797 63305 23690 71302 73297 28688 60833 12858 31176 31582 24318 27067 98657 75144 33566 66553 84235 99257 80953 49738 5491 99611 44668 49181 96256 43028 14438 72467 22024 25877 91483 7259 75536 10133 40504 8027 35619 81319 32742 1911 81663 80647 73080 36273 81730 57771 50980 98342 83356 61437 48423 65484 36500 68544 82625 15678 73176 3846 22495 16501 74927 81989 68503 92316 20886 48189 38910 27818 88808 33442 45490 12567 53975 74791 74472 25933 35782 20909 24489 69213 67900 67540 43736 32595 32753 52255 86025 4773 50559 83037 35082 95511 36245 46920 70231 46488 35246 74254 94363 63615 43912 94373 87230 35180 32468 90144 15092 19997 70524 53394 40047 11013 21969 80612 71030 71394 17588 71109 79306 14799 48976 18783 66791
1253 36429 28473 68402 93411 45709 95879 3109 98483 44940 37498 93217 64567 3227 70566 21488 54808 74760 64753 77097 52911 27318 40062 4031 32612 99974 43667 42380 40802 16328 28062 95666 44353 28318 47855 25494 43330 96306 45252 80662 34488 17100 3798 14483 53468 21284 21219 11607 73049 52227 84747 42083 23544 29223 15501 41509 82167 7700 15301 44437 75628 32503 40664 80768 97882 74930 42371 3978 48637 84793 81974 24512 24478 49454 36221 40807 54357 4747 57720 97713 90987 94361 4931 74382 62209 82740 56608 9064 37725 16431 99214 38981 35924 70914 78793 93797 14956 10678 9606 58566 44044 30858 92995 57683 29381 34205 23702 5258 54256 96637 39838 5103 77177 14108 89155 92434 31374 37793 59598 80589 88935 76165 80505 23983 4553 19139 36523 69459
40674 99649 40017 39207 91623 7060 43370 98474 53862 98571 793 16960 55832 65610 84551 87602 12996 56204 98929 5636 13343 738 41027 59086 81173 31485 86332 8180 32439 65342 32915 71805 75184 6931 13383 38862 86254 37934 94378 33445 73850 3804 82303 52003 26196 69713 36927 69364 80443 15939 92325 57760 2524 89764 3751 94575 55082 42459 68371 97015 7672 83240 28042 78366 74006 29178 85316 40034 12869 20879 34287 52060 82491 33722 85441 42560 49777 70416 31950 81592 70304 22890 31048 31700 40747 98411 10203 64581 52469 2966 19515 9118 65658 25719 15630 54937 84771 84047 55827 84079 62868 84504 76048 98367 1865 70387 67488 43805 87546 86707 42414 50886 17369 12852 76242 18626 97813 51155 2740 16731 41411 13784 40583 35141 12386 38950 85037 19722
10490 97582 66721 79538 62507 43847 78143 33953 45971 59026 6441 8745 7077 40337 18212 86961 91085 34231 18550 59792 83057 71854 42651 57411 49643 81302 32697 6603 61279 68784 67815 83400 71318 63249 11172 17107 46632 89167 46532 98986 38093 12786 88577 98748 88860 49641 77036 94128 3860 10798 54182 53476 19664 71643 30717 47663 67179 22152 95566 8664 60234 56973 68638 33747 44825 24463 35836 64159 47701 52375 33957 944 5460 27067 25255 73992 20904 584 54627 91958 77502 35450 3917 28001 57637 77420 36973 17846 4623 67928 90901 92731 39044 69360 26142 70896 58870 39620 13441 90960 44177 72543 18161 79967 85326 13120 53564 54820 30523 15860 59497 51509 14665 99925 81772 93531 88227 53478 2934 8576 39420 8015 92853 60771 61308 74617 69697 88764
24021 17846 76207 78122 29206 41117 79176 96563 86337 27266 23075 17198 39709 73497 65092 55671 37712 98736 45805 14290 94230 81913 79295 71967 85436 37690 23916 74882 11127 82046 17300 55615 57665 25406 35292 4036 9033 84756 70403 97578 58134 53368 80855 25672 25952 6178 58163 19058 80256 54413 5294 19603 26922 3952 85606 56690 22258 15924 99724 22517 42274 15263 87518 23542 14289 13072 14492 83459 82279 55288 74269 60388 46040 99112 76388 58184 74860 49103 34526 28315 79928 22217 67668 77359 74934 80601 19446 46259 59939 73478 3974 70924 4062 41686 97535 52871 12641 49462 3969 86926 45388 65731 48142 42635 76850 11686 18768 35460 51508 86795 69633 16157 27126 90990 24889 69759 52520 36634 55512 64237 62891 36011 17577 6999 18902 81678 82365 85219
79999 60807 67203 50708 81928 85438 7636 60247 14773 43055 7238 49431 56804 9289 75471 24287 83120 75808 70578 91885 63717 78828 83932 19295 17948 50410 68111 61710 7948 64221 13657 69035 50607 11868 62952 46885 16687 55395 59588 98631 94398 50792 73114 8354 39661 60726 53698 16838 50630 88892 43829 9700 2469 94300 87136 15594 20232 11987 16554 95014 4730 33660 77425 38064 29990 40509 16884 6252 69463 43631 14079 89616 85053 97821 69920 85049 60258 43662 23399 86401 66058 75889 35754 88951 63930 61260 96310 42830 76218 24657 5039 76923 86775 50087 92348 64161 39809 4590 98967 77175 69175 70737 25590 84678 71262 23904 41400 36068 59522 29976 740 65378 63424 45711 39496 37285 34822 60845 72781 67796 26147 74036 75160 8920 19225 86257 58661 25548
93098 83734 47014 73388 64056 46528 53311 37260 39247 17169 91797 33565 78827 61875 91286 16171 80880 44278 69632 25176 75749 30386 14863 61756 90609 12960 77133 7709 25050 53516 55103 19096 50894 23343 83067 89007 16632 78485 61124 14515 3055 6880 56946 66832 65544 98479 49097 6525 51797 28199 99531 58563 10677 48528 49824 97631 18104 30738 57041 92178 34738 6270 70309 67938 9209 93487 25040 53608 53954 99794 29188 95951 6091 58466 37709 50444 96986 46669 18586 3733 75915 47294 39886 68070 14585 78995 82598 58740 92364 27732 32335 15855 36721 83487 4737 81184 44284 77281 79920 89671 14698 83986 79163 76020 15239 78750 79108 97199 79487 54909 79077 43568 77872 60725 43 14525 66687 90501 52979 8791 70538 68439 60102 77757 94322 85026 45773 51568
6207 38012 47954 11128 36144 51913 79491 17677 49153 35755 71205 59197 15278 35392 22859 45643 26689 99853 57387 58792 15636 30148 17176 98830 86695 9787 67645 23171 87298 22444 4319 63489 20596 33803 71518 80264 79214 99365 37011 11445 64674 32507 66859 42520 21500 12058 12061 97241 36797 53386 41179 94027 83438 86619 15969 19876 57006 29729 60118 63691 6757 19952 56237 91373 23531 11150 75577 44675 77883 1066 46176 36124 43526 13588 3517 25848 68957 17849 43599 88801 47028 47408 6508 33580 17 86497 21646 45792 13567 38968 32121 75035 22163 83925 79483 21564 73123 31708 87750 91450 61719 68890 15824 20949 39314 75078 99891 757 31276 64847 72172 48375 67315 16690 1306 46678 60944 13894 38881 56988 94283 36825 64135 42283 36449 40689 86280 74973
40074 18771 78475 1858 33358 89303 81531 99810 99762 56196 22264 5095 70672 70918 91520 87529 79875 15491 68140 44403 12553 29320 66717 28430 80075 74385 66048 39028 39926 46334 66259 99721 28715 86991 49689 29809 9960 22993 35465 55541 4371 68338 40079 25509 54721 19505 74892 51410 70657 91368 68249 13162 8604 48215 43988 66705 27544 49904 78664 91473 63783 71198 10073 43032 83444 54927 18671 37458 80989 33257 50049 62003 77931 28914 62280 64071 26775 24942 21645 46802 35522 50586 77182 22744 34716 87453 24196 24027 81927 64981 83677 12764 22837 20404 1780 37264 11073 33454 89204 11423 3146 64871 26561 11085 97358 80823 92657 3085 46798 74851 42778 55100 21389 85887 95613 76754 88042 90840 64306 44082 44263 45483 41237 94097 4684 66938 85602 89163
84152 78051 37345 67423 14238 27825 74293 3392 67350 79853 38584 6785 75661 23526 6856 28279 45757 25362 76450 45329 65435 1675 98640 14822 64087 24740 76576 55483 51585 46618 80717 32867 31337 52560 81648 36111 35144 77783 34058 1818 59299 37554 1883 85553 1148 34535 1695 12025 96627 66521 7097 51860 2137 62366 57531 70872 76430 3379 90344 89629 91608 74515 23345 56715 9789 73852 58482 97542 79222 80827 3824 11912 12889 29936 92495 14430 18839 8241 28239 19021 61808 65446 74715 19139 16099 93913 92159 38914 70505 70135 56194 46120 60991 60709 80629 56562 69863 83784 69903 82939 97898 80334 56218 11448 95995 95333 98602 15396 44160 56275 28295 71383 93367 66346 48348 55850 5270 89702 67444 13962 35460 35089 43385 76571 79868 78428 17937 5633
64631 86081 68892 39737 74371 22773 94936 70655 13267 77211 98994 22196 77834 49642 61263 58512 73198 39838 96551 78642 77904 17692 37121 68366 56111 80559 97979 44017 29626 70564 5529 47549 28103 97257 4476 17698 83368 3437 84159 14030 10253 63894 4816 63369 34576 75284 73405 61068 40941 1102 27303 38712 61351 51230 98480 98429 81173 28436 49300 36565 49945 76101 78783 1570 27146 26491 22422 51185 61888 72690 74254 37393 78630 18286 58260 78854 60917 29134 14425 65733 40695 14376 62315 33012 48090 21555 37838 41064 37581 28428 61345 87696 10419 10431 35146 75021 35773 96405 19501 73390 25816 95706 57774 17469 51274 88893 26942 34675 23883 28829 38912 5210 33377 52720 51196 3079 91800 33860 86125 53559 32512 84971 65455 6137 70948 69552 42290 1042
49298 73130 11326 20373 49875 99744 73794 46826 60608 5423 37191 63625 51050 97593 2251 64979 93633 72197 11600 70804 90137 73981 87408 63172 93785 50099 44813 16348 13387 17172 59228 56997 62799 32191 72419 26709 83200 15064 49666 29323 37422 15510 50364 32776 12839 55323 61563 80660 43781 60003 12637 74876 58585 1499 68658 73145 23206 14376 26959 32092 44293 5853 38311 82614 80854 80148 61649 31025 28657 807 87334 69958 41676 66153 65200 11700 96672 45926 13951 95320 14336 39492 91734 84221 50904 20981 95232 71301 946 76453 83094 57970 21354 81794 79616 29563 91793 84805 36311 26617 50782 1531 83608 89038 43786 56929 12132 39850 13896 94689 756 5205 39448 75541 89014 70439 70240 12594 6750 19041 36498 87601 49042 40104 2810 26589 58903 43045
64029 44503 6658 56352 21901 10127 47149 80054 57815 6941 87044 37062 31620 48367 13462 85592 12014 27163 41873 88462 46217 1387 70190 83330 84969 46274 98350 79522 20173 54371 8218 6066 83545 85831 74689 37710 78181 46708 42890 39778 64911 65651 43862 96262 48470 3380 18547 62369 37021 74168 15376 53407 2732 64084 43420 84405 4467 85066 34486 51100 91182 20712 5871 29278 35166 26606 30742 20444 82356 77330 76706 18036 62710 16283 4954 98941 52656 47963 22558 21443 25293 746 14397 247 19009 8286 76412 44458 86208 34400 68635 3178 12558 1642 73268 6220 86785 77232 10429 29056 15528 4683 59107 2817 90542 53927 20259 23046 93102 4065 5089 85489 86178 34391 97263 95926 15879 28249 17404 79127 67575 14865 12309 97505 23953 92911 94628 7770
64649 22786 86676 25006 3239 86942 15217 52017 39903 77567 49564 6599 84642 26751 85736 89892 4987 72461 88193 92405 93822 632 67590 1796 25 43091 21735 57964 86897 22019 79551 86439 62377 69565 60301 62285 55002 76535 39298 81265 36995 56189 39982 6194 29118 65825 25805 34037 38779 16253 18238 12908 18736 63307 90967 35995 6503 16707 83454 67553 94648 49050 98921 66549 5957 5716 22213 15423 95458 18265 91878 65642 9066 71125 60105 97719 17357 34778 26092 53351 81678 47491 98680 67118 98281 36095 75864 59998 34404 17903 6073 50065 76212 58793 94928 65113 69927 45465 86015 8350 36230 12584 67045 19889 78995 28750 22305 40321 52452 32250 95723 94443 57123 35191 12969 58387 45241 86993 1547 36175 7217 13501 31543 12658 65645 49248 95703 63335
30423 92590 91005 93707 57310 12626 21893 43388 35567 43356 129 10062 94379 61696 2984 21393 86225 21357 10472 63653 48048 98947 63357 59788 96754 89606 18372 89241 8299 7347 35557 62034 69815 73557 11332 50304 14072 88784 76132 36869 59089 11377 75309 3763 12842 15742 23271 29553 16228 46978 62964 51034 83646 93 35057 2500 9303 19097 99573 24882 63315 97062 7075 19156 94988 87235 99599 4694 75092 9913 21861 52032 59768 40791 91821 35210 2613 57190 62089 36959 28863 9861 86852 14897 17613 51068 98047 72350 44620 88702 87974 62777 10937 66999 94291 40648 39732 53244 53402 18393 95646 84328 77807 94510 47860 18187 68969 28052 42192 28484 23698 99282 32677 19206 5863 83941 11919 67688 74800 77006 59337 48194 89926 85860 24748 47030 78241 44036
55767 56305 2546 77798 26625 90971 8323 1741 79513 86171 3066 27489 57387 78027 12626 25985 31056 82778 41702 12368 44181 41227 39033 45913 51219 30719 56579 44051 45507 4420 61417 53766 68523 28125 27301 28166 20019 33555 20717 80807 61726 39174 3217 76630 49980 97937 38033 48652 84286 40390 91423 893 71481 41650 22256 1641 74647 35412 84418 83921 47331 75576 58069 24203 40224 49474 86716 80554 64489 56664 46465 72216 35371 4196 45533 34690 26356 73134 35676 93788 25358 59439 83574 38773 16491 40548 35402 54940 79689 96385 83524 87131 74223 61318 27828 73659 37653 49069 36851 63703 30755 26009 22357 17379 74880 34274 34608 42490 40521 49769 55290 53211 19974 29582 16766 15481 53369 28856 18216 54556 29702 60758 77405 41422 77859 78697 43914 15495
1015930 525027 590369 1118554 1397964 705465 1064024 1117481 524200 14565 1370762 870062 223063 903876 371706 1407218 1423703 514029 726874 461430 187371 813359 47655 248802 579253 340475 190563 769112 82236 260656 144657 1014399 1168696 261813 1193436 809358 555531 268789 452141 1216589 918160 1026643 149406 1401623 333239 634381 413627 1006752 1650451 982069 498975 343958 71138 1165457 289023 466059 52856 1098232 954031 102833 389745 352621 452846 336713 252680 446383 674915 1373504 1616939 1081448 436263 63311 1297382 827709 87808 1374798 728674 1065899 363468 1461266 361272 782390 286703 1320398 658387 1511496 69572 722222 747939 11980 546132 964698 1053506 726441 615119 335207 1232285 900952 716437 1254009 1514735 269937 808963 837725 68021 1046815 263217 393339 552926 1127202 1355698 78457 1570226 275562 980929 1011838 468122 1413692 846488 353561 203227 1353607 44458 944110 1079969 650921 1091557 1055672
