64
0 1 1 1 1 1 1 1 1 1 1 1 1 1 1 1 1 1 1 1 0 1 1 1 1 1 1 1 1 1 1 1 1 0 1 1 1 1 1 1 1 1 1 1 1 1 1 1 1 1 1 1 1 1 1 1 1 1 1 0 1 1 1 1
1 0 1 0 1 1 1 1 1 1 1 1 1 1 1 1 1 1 1 1 1 1 1 1 1 0 1 1 1 1 1 1 1 1 1 1 1 1 1 1 0 1 1 1 1 1 1 1 1 1 1 1 1 1 1 1 1 0 1 1 1 1 1 1
1 1 0 1 1 1 1 1 1 1 1 1 1 1 1 1 1 1 1 1 1 1 1 1 1 1 1 1 1 1 1 1 1 1 1 1 1 1 0 1 1 0 1 1 1 1 1 1 1 1 1 1 1 1 1 1 1 1 1 1 1 1 1 1
1 0 1 0 1 1 1 1 0 1 1 1 1 1 1 1 1 1 1 1 1 1 1 1 1 1 1 1 1 1 1 1 1 1 1 1 1 1 1 1 1 1 1 1 1 1 1 1 1 1 1 1 1 1 1 1 1 1 1 0 1 1 1 1
1 1 1 1 0 1 1 1 1 1 1 1 1 1 0 1 1 1 1 1 1 1 1 1 1 1 0 1 1 1 1 1 1 1 1 1 1 1 1 1 1 1 1 1 1 1 1 1 1 1 1 1 0 1 1 1 1 1 1 1 1 1 1 1
1 1 1 1 1 0 1 1 1 1 1 1 1 1 1 1 1 0 1 1 1 1 1 1 1 1 1 1 1 1 1 1 1 1 1 1 1 1 1 1 1 1 1 1 1 1 1 1 1 1 1 1 1 1 1 1 1 1 1 1 1 1 1 1
1 1 1 1 1 1 0 1 1 1 1 0 1 1 1 1 0 1 1 1 1 1 1 1 1 1 1 1 1 1 0 1 1 1 1 1 1 1 0 1 1 1 1 1 1 1 0 1 1 1 1 1 1 1 1 1 1 1 1 1 1 1 1 1
1 1 1 1 1 1 1 0 0 1 1 1 1 1 1 1 1 1 1 1 1 1 1 1 1 1 1 1 1 1 1 1 1 1 1 1 1 0 1 1 1 1 1 1 1 1 1 1 1 1 1 1 1 1 1 1 1 1 0 1 1 1 1 1
1 1 1 0 1 1 1 0 0 1 1 1 1 1 1 1 1 1 1 1 1 1 1 1 1 1 1 1 1 1 1 1 1 1 0 1 1 1 1 1 1 1 1 1 1 1 1 1 1 0 1 1 1 1 1 1 1 1 1 1 1 1 1 1
1 1 1 1 1 1 1 1 1 0 1 1 1 1 1 1 1 1 1 1 1 1 1 1 1 1 1 1 0 1 1 1 1 1 1 1 1 1 1 1 1 1 1 1 1 1 1 1 1 1 1 1 1 1 1 1 1 1 1 1 1 1 1 1
1 1 1 1 1 1 1 1 1 1 0 0 1 1 1 1 1 1 1 1 1 1 1 1 1 1 1 1 1 1 1 1 0 1 1 1 1 1 1 1 1 1 1 1 1 1 1 1 1 0 1 1 1 1 1 1 0 1 1 1 1 1 1 1
1 1 1 1 1 1 0 1 1 1 0 0 1 1 1 0 1 1 0 1 1 1 1 1 1 1 1 1 1 1 1 1 1 1 1 1 1 0 1 1 1 1 0 1 1 1 1 1 1 1 0 1 1 1 1 1 1 1 1 1 1 1 1 1
1 1 1 1 1 1 1 1 1 1 1 1 0 1 1 1 1 1 1 1 1 1 1 0 1 1 1 1 1 1 1 1 1 1 1 1 1 1 1 1 1 1 1 1 1 1 1 1 1 1 1 1 1 1 1 1 1 1 1 1 1 1 1 1
1 1 1 1 1 1 1 1 1 1 1 1 1 0 1 1 1 1 1 1 1 1 1 1 1 1 1 1 1 1 1 1 1 1 1 1 1 1 1 1 1 1 1 1 1 1 1 1 1 1 1 1 1 1 1 1 1 1 1 1 1 1 1 1
1 1 1 1 0 1 1 1 1 1 1 1 1 1 0 1 1 1 1 1 1 1 1 1 1 1 1 1 1 1 1 1 1 1 1 1 1 1 1 1 1 1 1 1 0 1 1 1 1 1 1 1 0 1 1 1 1 1 1 1 1 1 1 1
1 1 1 1 1 1 1 1 1 1 1 0 1 1 1 0 1 1 1 1 1 1 1 1 1 1 1 1 1 1 1 1 1 1 1 1 1 1 1 1 1 1 1 1 1 1 1 1 1 1 0 1 1 1 1 1 1 0 1 0 1 1 1 1
1 1 1 1 1 1 0 1 1 1 1 1 1 1 1 1 0 1 1 1 1 1 1 1 1 1 1 1 1 1 1 1 1 1 0 1 1 1 1 1 1 1 1 1 1 1 1 1 1 1 1 1 0 1 1 1 1 1 1 1 1 1 1 1
1 1 1 1 1 0 1 1 1 1 1 1 1 1 1 1 1 0 0 1 1 1 1 1 0 1 1 1 1 1 1 1 1 1 1 1 1 1 1 1 1 1 1 1 1 1 1 1 1 1 1 0 1 1 0 1 1 1 1 1 1 1 1 1
1 1 1 1 1 1 1 1 1 1 1 0 1 1 1 1 1 0 0 1 1 1 1 1 1 1 1 1 1 1 1 1 1 1 1 1 1 1 1 1 1 1 1 1 1 1 1 1 1 1 1 1 1 1 1 1 1 1 1 1 1 1 1 1
1 1 1 1 1 1 1 1 1 1 1 1 1 1 1 1 1 1 1 0 1 1 1 1 1 1 1 1 1 1 1 1 1 1 1 1 0 1 1 1 1 1 1 1 1 1 1 1 1 0 0 1 1 1 1 1 1 1 1 1 1 1 1 1
0 1 1 1 1 1 1 1 1 1 1 1 1 1 1 1 1 1 1 1 0 1 1 1 1 1 1 0 1 1 1 1 1 1 1 1 1 1 1 1 1 1 1 1 1 1 1 1 1 1 1 1 1 1 1 1 1 1 1 1 1 1 1 1
1 1 1 1 1 1 1 1 1 1 1 1 1 1 1 1 1 1 1 1 1 0 1 1 1 1 1 1 1 1 1 1 1 1 1 1 1 1 1 1 1 1 1 1 1 1 1 1 1 1 1 1 1 1 1 1 1 1 1 1 1 1 1 1
1 1 1 1 1 1 1 1 1 1 1 1 1 1 1 1 1 1 1 1 1 1 0 1 1 1 1 1 1 1 0 1 1 1 1 1 1 1 1 1 1 1 1 1 0 1 1 1 1 1 1 0 1 1 1 1 1 1 1 1 1 1 1 1
1 1 1 1 1 1 1 1 1 1 1 1 0 1 1 1 1 1 1 1 1 1 1 0 1 1 1 1 1 1 1 1 1 1 1 1 1 1 1 1 1 1 1 0 1 1 1 1 1 1 1 1 1 1 1 1 1 1 1 1 1 1 1 1
1 1 1 1 1 1 1 1 1 1 1 1 1 1 1 1 1 0 1 1 1 1 1 1 0 1 1 1 1 1 1 1 1 1 1 1 1 1 1 1 1 1 1 1 1 1 1 1 1 1 1 1 1 1 1 1 1 1 1 1 1 1 1 1
1 0 1 1 1 1 1 1 1 1 1 1 1 1 1 1 1 1 1 1 1 1 1 1 1 0 1 1 1 1 1 1 1 1 1 1 1 0 1 1 1 1 1 1 1 1 1 1 1 1 1 1 1 1 1 1 0 1 1 1 1 1 1 1
1 1 1 1 0 1 1 1 1 1 1 1 1 1 1 1 1 1 1 1 1 1 1 1 1 1 0 0 1 1 1 1 1 1 1 1 1 1 1 1 1 1 1 1 1 1 1 1 1 1 1 1 1 1 1 1 1 1 1 1 1 1 1 1
1 1 1 1 1 1 1 1 1 1 1 1 1 1 1 1 1 1 1 1 0 1 1 1 1 1 0 0 1 1 1 1 1 1 1 1 1 1 1 1 1 1 1 1 1 1 1 1 1 1 1 1 1 0 1 1 1 1 1 1 1 1 1 1
1 1 1 1 1 1 1 1 1 0 1 1 1 1 1 1 1 1 1 1 1 1 1 1 1 1 1 1 0 1 1 1 1 1 1 1 1 1 1 1 1 1 1 1 1 1 1 0 1 1 1 1 1 1 1 1 1 1 1 1 1 1 1 1
1 1 1 1 1 1 1 1 1 1 1 1 1 1 1 1 1 1 1 1 1 1 1 1 1 1 1 1 1 0 1 1 1 1 1 1 1 1 1 1 1 1 1 1 1 1 1 1 1 1 1 1 1 1 1 1 1 1 1 1 1 1 1 1
1 1 1 1 1 1 0 1 1 1 1 1 1 1 1 1 1 1 1 1 1 1 0 1 1 1 1 1 1 1 0 1 1 1 1 1 1 1 1 1 1 1 1 1 1 1 1 1 1 0 1 1 1 1 1 1 1 1 1 1 1 1 1 1
1 1 1 1 1 1 1 1 1 1 1 1 1 1 1 1 1 1 1 1 1 1 1 1 1 1 1 1 1 1 1 0 1 1 1 1 1 1 1 1 1 1 1 1 1 1 1 1 1 1 1 1 1 1 1 1 1 1 1 1 1 0 1 1
1 1 1 1 1 1 1 1 1 1 0 1 1 1 1 1 1 1 1 1 1 1 1 1 1 1 1 1 1 1 1 1 0 1 1 1 1 1 1 1 1 1 1 1 1 1 0 1 1 1 1 1 1 1 1 1 1 1 1 1 1 1 1 1
0 1 1 1 1 1 1 1 1 1 1 1 1 1 1 1 1 1 1 1 1 1 1 1 1 1 1 1 1 1 1 1 1 0 1 1 0 1 1 1 1 1 1 1 1 1 1 1 0 1 1 1 1 1 1 1 1 1 1 1 1 1 1 1
1 1 1 1 1 1 1 1 0 1 1 1 1 1 1 1 0 1 1 1 1 1 1 1 1 1 1 1 1 1 1 1 1 1 0 1 1 1 1 1 1 1 1 1 1 1 1 1 1 0 1 1 1 1 1 1 1 1 1 1 1 1 1 1
1 1 1 1 1 1 1 1 1 1 1 1 1 1 1 1 1 1 1 1 1 1 1 1 1 1 1 1 1 1 1 1 1 1 1 0 1 1 1 1 1 1 1 1 1 1 1 1 1 1 1 1 1 1 1 1 1 1 1 1 1 1 1 1
1 1 1 1 1 1 1 1 1 1 1 1 1 1 1 1 1 1 1 0 1 1 1 1 1 1 1 1 1 1 1 1 1 0 1 1 0 1 1 1 1 1 1 1 1 0 1 1 1 1 1 1 1 1 1 1 1 1 1 1 1 1 1 1
1 1 1 1 1 1 1 0 1 1 1 0 1 1 1 1 1 1 1 1 1 1 1 1 1 0 1 1 1 1 1 1 1 1 1 1 1 0 1 1 1 1 1 1 1 1 1 1 1 1 1 1 1 1 1 1 1 1 1 1 1 0 1 1
1 1 0 1 1 1 0 1 1 1 1 1 1 1 1 1 1 1 1 1 1 1 1 1 1 1 1 1 1 1 1 1 1 1 1 1 1 1 0 1 1 1 1 1 1 1 1 1 1 1 1 1 1 1 1 1 1 1 1 1 0 1 1 1
1 1 1 1 1 1 1 1 1 1 1 1 1 1 1 1 1 1 1 1 1 1 1 1 1 1 1 1 1 1 1 1 1 1 1 1 1 1 1 0 1 1 1 1 1 1 1 1 1 1 1 1 1 1 1 1 1 1 1 1 1 1 1 1
1 0 1 1 1 1 1 1 1 1 1 1 1 1 1 1 1 1 1 1 1 1 1 1 1 1 1 1 1 1 1 1 1 1 1 1 1 1 1 1 0 1 0 0 1 0 1 1 1 1 1 1 1 1 1 1 1 1 1 1 1 1 1 1
1 1 0 1 1 1 1 1 1 1 1 1 1 1 1 1 1 1 1 1 1 1 1 1 1 1 1 1 1 1 1 1 1 1 1 1 1 1 1 1 1 0 1 1 1 1 1 1 1 1 1 1 1 1 1 1 1 1 1 1 1 1 1 1
1 1 1 1 1 1 1 1 1 1 1 0 1 1 1 1 1 1 1 1 1 1 1 1 1 1 1 1 1 1 1 1 1 1 1 1 1 1 1 1 0 1 0 1 1 1 1 1 1 1 1 1 1 1 1 1 1 1 1 1 1 1 1 1
1 1 1 1 1 1 1 1 1 1 1 1 1 1 1 1 1 1 1 1 1 1 1 0 1 1 1 1 1 1 1 1 1 1 1 1 1 1 1 1 0 1 1 0 1 1 1 1 1 1 1 1 1 1 1 1 1 1 1 1 1 1 1 1
1 1 1 1 1 1 1 1 1 1 1 1 1 1 0 1 1 1 1 1 1 1 0 1 1 1 1 1 1 1 1 1 1 1 1 1 1 1 1 1 1 1 1 1 0 1 1 1 1 1 1 1 0 1 0 1 1 1 1 1 1 1 1 1
1 1 1 1 1 1 1 1 1 1 1 1 1 1 1 1 1 1 1 1 1 1 1 1 1 1 1 1 1 1 1 1 1 1 1 1 0 1 1 1 0 1 1 1 1 0 1 1 1 1 0 1 1 1 1 1 1 1 1 1 1 1 1 1
1 1 1 1 1 1 0 1 1 1 1 1 1 1 1 1 1 1 1 1 1 1 1 1 1 1 1 1 1 1 1 1 0 1 1 1 1 1 1 1 1 1 1 1 1 1 0 1 1 1 1 1 1 1 1 1 1 1 0 1 1 1 1 1
1 1 1 1 1 1 1 1 1 1 1 1 1 1 1 1 1 1 1 1 1 1 1 1 1 1 1 1 0 1 1 1 1 1 1 1 1 1 1 1 1 1 1 1 1 1 1 0 1 1 1 1 1 1 1 1 1 1 1 1 1 1 1 0
1 1 1 1 1 1 1 1 1 1 1 1 1 1 1 1 1 1 1 1 1 1 1 1 1 1 1 1 1 1 1 1 1 0 1 1 1 1 1 1 1 1 1 1 1 1 1 1 0 1 1 1 1 1 1 1 1 1 1 1 1 0 1 1
1 1 1 1 1 1 1 1 0 1 0 1 1 1 1 1 1 1 1 0 1 1 1 1 1 1 1 1 1 1 0 1 1 1 0 1 1 1 1 1 1 1 1 1 1 1 1 1 1 0 1 1 1 1 1 1 1 1 1 1 1 1 1 1
1 1 1 1 1 1 1 1 1 1 1 0 1 1 1 0 1 1 1 0 1 1 1 1 1 1 1 1 1 1 1 1 1 1 1 1 1 1 1 1 1 1 1 1 1 0 1 1 1 1 0 1 1 1 1 1 1 1 1 1 1 1 1 1
1 1 1 1 1 1 1 1 1 1 1 1 1 1 1 1 1 0 1 1 1 1 0 1 1 1 1 1 1 1 1 1 1 1 1 1 1 1 1 1 1 1 1 1 1 1 1 1 1 1 1 0 1 1 1 1 1 1 1 1 1 1 1 1
1 1 1 1 0 1 1 1 1 1 1 1 1 1 0 1 0 1 1 1 1 1 1 1 1 1 1 1 1 1 1 1 1 1 1 1 1 1 1 1 1 1 1 1 0 1 1 1 1 1 1 1 0 1 1 1 1 1 1 1 1 0 1 0
1 1 1 1 1 1 1 1 1 1 1 1 1 1 1 1 1 1 1 1 1 1 1 1 1 1 1 0 1 1 1 1 1 1 1 1 1 1 1 1 1 1 1 1 1 1 1 1 1 1 1 1 1 0 1 1 1 1 1 1 1 1 1 1
1 1 1 1 1 1 1 1 1 1 1 1 1 1 1 1 1 0 1 1 1 1 1 1 1 1 1 1 1 1 1 1 1 1 1 1 1 1 1 1 1 1 1 1 0 1 1 1 1 1 1 1 1 1 0 1 1 1 1 1 1 1 1 1
1 1 1 1 1 1 1 1 1 1 1 1 1 1 1 1 1 1 1 1 1 1 1 1 1 1 1 1 1 1 1 1 1 1 1 1 1 1 1 1 1 1 1 1 1 1 1 1 1 1 1 1 1 1 1 0 1 1 1 1 1 1 1 1
1 1 1 1 1 1 1 1 1 1 0 1 1 1 1 1 1 1 1 1 1 1 1 1 1 0 1 1 1 1 1 1 1 1 1 1 1 1 1 1 1 1 1 1 1 1 1 1 1 1 1 1 1 1 1 1 0 1 1 1 1 1 1 1
1 0 1 1 1 1 1 1 1 1 1 1 1 1 1 0 1 1 1 1 1 1 1 1 1 1 1 1 1 1 1 1 1 1 1 1 1 1 1 1 1 1 1 1 1 1 1 1 1 1 1 1 1 1 1 1 1 0 1 1 1 1 1 1
1 1 1 1 1 1 1 0 1 1 1 1 1 1 1 1 1 1 1 1 1 1 1 1 1 1 1 1 1 1 1 1 1 1 1 1 1 1 1 1 1 1 1 1 1 1 0 1 1 1 1 1 1 1 1 1 1 1 0 1 1 1 1 1
0 1 1 0 1 1 1 1 1 1 1 1 1 1 1 0 1 1 1 1 1 1 1 1 1 1 1 1 1 1 1 1 1 1 1 1 1 1 1 1 1 1 1 1 1 1 1 1 1 1 1 1 1 1 1 1 1 1 1 0 1 1 1 1
1 1 1 1 1 1 1 1 1 1 1 1 1 1 1 1 1 1 1 1 1 1 1 1 1 1 1 1 1 1 1 1 1 1 1 1 1 1 0 1 1 1 1 1 1 1 1 1 1 1 1 1 1 1 1 1 1 1 1 1 0 1 1 1
1 1 1 1 1 1 1 1 1 1 1 1 1 1 1 1 1 1 1 1 1 1 1 1 1 1 1 1 1 1 1 0 1 1 1 1 1 0 1 1 1 1 1 1 1 1 1 1 0 1 1 1 0 1 1 1 1 1 1 1 1 0 1 1
1 1 1 1 1 1 1 1 1 1 1 1 1 1 1 1 1 1 1 1 1 1 1 1 1 1 1 1 1 1 1 1 1 1 1 1 1 1 1 1 1 1 1 1 1 1 1 1 1 1 1 1 1 1 1 1 1 1 1 1 1 1 0 0
1 1 1 1 1 1 1 1 1 1 1 1 1 1 1 1 1 1 1 1 1 1 1 1 1 1 1 1 1 1 1 1 1 1 1 1 1 1 1 1 1 1 1 1 1 1 1 0 1 1 1 1 0 1 1 1 1 1 1 1 1 1 0 0
44908 65000 74600 26724 51843 69270 92030 94669 89633 23646 6918 12213 94261 27048 43568 81693 93677 75546 82590 19074 49664 44552 5454 72684 49403 32610 69959 72221 14874 5581 80980 68788 52895 60566 42508 4049 12012 18562 56798 35460 97714 6537 23869 73073 69786 52439 62023 79712 58968 64572 38625 8595 66925 15234 43320 84501 48447 48854 88757 70484 9231 8197 42749 30228 20021 922 62864 55467 22938 78183 84470 83860 55736 78230 57810 75341 22834 33375 39715 56062 41286 204 82354 604 85552 4736 70765 68152 89242 76831 79013 84883 97876 81760 13252 6221 64902 16220 75019 94282 19146 40535 13394 89308 3443 20441 84966 61419 54592 7526 87548 39299 93869 84078 49626 87094 37346 33021 62720 12933 15604 96463 96087 71377 86770 92242 92415 77620
3486 54971 61337 98474 90187 35735 98855 66526 76586 98040 47665 4028 55684 74236 70927 83849 56640 2320 47247 60404 32851 64038 9998 39492 56668 67807 33149 39108 65268 15983 52293 23050 82695 10263 86583 37623 32086 60772 69563 23883 57279 36330 98428 66569 62773 46006 7461 76518 14372 76370 43414 23225 37993 76852 65668 34246 42211 64307 48138 42887 64022 28417 92349 94642 27468 64341 32789 69443 1290 19467 71632 54780 12256 22209 48229 23139 77612 1388 40903 43504 53915 5213 8557 32839 43726 92978 80577 37232 71698 47131 96951 46912 94404 99928 37976 72440 43058 47022 8494 61933 66806 33433 73581 9279 68754 53288 27167 66652 43843 21697 14328 73409 92104 99028 35791 72668 23515 47672 43690 2636 71889 48073 77459 15744 20276 18548 11825 92956
17844 43156 305 82385 61949 26585 8427 96182 54132 16224 74924 50378 24221 9124 29362 84369 70053 32850 52304 63420 44595 91110 95814 93570 57139 5058 97746 63564 14862 11096 71778 2346 52116 64991 64358 81010 83763 70684 54970 90294 14476 33813 86052 10585 76001 69459 61729 66661 90582 45448 82966 45792 77983 24046 24499 44504 44952 5711 75720 83469 66356 13104 55579 38996 99148 10747 59421 21705 40269 29424 11553 39776 49608 956 42469 85828 3844 93329 2568 99459 4737 72985 35927 99200 93143 80409 24297 78501 27853 58134 68097 13595 3878 31282 6433 4600 35812 7463 70492 31946 8831 44073 80134 7422 85087 35222 23558 12994 55947 2020 42074 30513 24614 19306 66899 8308 54128 50913 80477 32769 15754 11637 42023 91568 81519 3554 73728 11104
29656 58371 2931 25394 19865 43701 91712 58388 82766 55311 95858 97424 99371 34559 13594 31735 92428 21063 39007 37224 80366 79749 81251 78424 95976 92949 70474 81245 28877 83105 38678 44435 13466 43310 72444 79330 74379 29591 72504 35200 96498 40383 3370 57246 57080 75059 61718 7493 36402 43102 42572 37452 60664 3599 10095 72405 858 27044 54145 70717 21156 51019 92703 94663 81875 77880 86500 10870 55396 4447 23593 92785 4468 56882 5940 85456 95392 10011 36395 23656 67744 56788 25200 24925 12434 58933 96620 86427 62964 60437 45317 72196 57044 65376 85753 30338 7375 11980 10897 65364 55089 64275 33079 59518 86601 77176 90988 18721 49507 40946 17405 55216 1276 60985 48455 47714 239 36520 484 40258 5157 44821 53279 97509 53014 17318 51380 17572
67667 39854 55043 53692 141 57400 34846 4333 78118 35888 57866 26781 86071 22456 93863 56742 71050 69407 92034 13765 47049 35833 24415 39474 56235 86563 28001 44381 65135 46494 178 49453 99480 4315 2890 44927 21001 60834 97850 35693 50154 15324 18661 26501 60018 55476 89106 15858 85256 99176 58735 49554 42388 49182 30782 17293 69458 42499 39244 5405 64732 10926 40265 30256 79049 8919 83340 75588 7711 96926 60145 48912 77448 94043 42951 67823 83003 30260 84335 58605 81435 44847 11022 71852 23713 51399 12864 67779 46012 6141 35190 85605 85507 55499 14596 88166 543 88987 48983 42113 90624 76068 34678 76326 41070 31138 10568 44803 76301 57565 38174 13990 4527 17782 56777 18539 24827 78260 75839 59251 5799 91587 28398 64129 65116 91599 38892 19866
22387 30591 28980 47529 87357 49579 69125 22319 5416 36030 95616 19243 21747 34415 88560 22101 3904 89316 5702 5478 15694 73681 90756 55232 30812 3786 95555 79043 90642 47593 66847 6324 9189 31349 49723 86313 46191 28690 8718 60247 2265 19561 7988 40377 17050 57425 45137 9866 93962 40938 80997 17600 3665 59828 40718 13222 28157 39023 82097 61058 44615 18162 37916 27533 66775 31459 34474 96036 20633 1140 28828 46645 86555 21555 28181 22450 27923 8448 42575 94786 54151 52509 82222 56623 35305 12572 63949 6213 66358 38828 82760 91546 72567 78181 92760 36702 65843 86346 51645 61262 73283 2645 45743 30226 86997 10082 43709 42509 99177 78005 96223 66936 88050 45743 39498 61443 19896 86293 5703 35208 1281 69766 54427 3513 5113 83921 93181 48187
3649 53498 39468 4274 36552 89901 99598 53802 4755 46823 76071 83221 43436 10190 70868 6344 68151 48903 5200 84493 79809 39195 34984 27563 38575 51965 58475 27524 81110 48800 7837 52434 72917 57755 70901 28283 98048 81892 87248 8204 4122 48464 7608 95387 23684 38915 23514 76213 2743 37390 94307 8532 2661 84165 69911 14168 77716 62963 94061 44 7302 22851 17936 70859 71497 7079 77095 55013 27287 55078 34882 70475 33868 83662 51690 67921 74360 80187 86789 8526 22858 38187 82902 23745 42590 37632 27249 83666 83644 72765 91694 8355 58165 904 66876 5753 43400 39964 16140 19318 21638 20825 64344 53804 19521 26291 52637 85586 33748 16523 24608 94049 92642 53805 58925 28081 411 30909 92848 89366 39097 17709 19651 6516 88005 73229 16109 87472
30393 98627 75067 4732 61865 20756 10634 58087 6969 8412 73524 10223 75696 62853 28594 7946 63491 74442 93190 16316 30008 30894 77970 23942 93060 43068 4948 14212 23034 27205 49035 1421 33618 57410 50169 85724 30872 4018 35843 66794 20476 3105 25128 35763 78525 13686 36600 6712 63313 63059 33926 50931 85635 48645 37485 98609 33806 78935 98720 24089 40240 74290 15015 37834 48913 22463 45576 20752 83832 76000 30209 62167 34737 48766 14572 26937 95659 29737 24517 33457 65078 49231 47228 44861 83794 73002 99809 90700 81811 39457 52855 52979 38994 75848 33612 4162 13587 44396 45208 31071 8001 65520 14440 34414 75835 1027 71701 36681 87594 50634 33703 16286 15046 99035 7092 43354 63205 35151 80182 37053 70345 26273 52490 40516 49702 994 88575 99049
76524 45845 97991 97971 85266 90440 67414 70937 53401 15738 25654 8079 50051 85400 4621 95843 11174 32931 48270 84960 95261 62541 43043 93980 31366 41656 88678 1057 14790 28071 15419 95950 46787 22632 89259 98473 42705 81283 75276 93276 16557 54337 61111 18546 49714 88044 32756 92906 12583 74224 10296 37782 62783 31252 33896 59519 6796 8319 35126 99540 46586 17804 68756 55024 96610 7201 83846 81441 63476 89297 3303 66384 37300 75546 20149 46095 53060 55896 27534 47350 26386 5950 95512 1636 44343 88257 93798 85184 99556 72054 65088 61949 47368 6402 55301 14199 39276 60399 29160 2167 87983 96355 68332 39623 96973 88526 75019 66026 89019 95276 58984 56778 21356 34992 52077 15476 14786 88624 24947 24190 57512 11453 56387 78244 67027 34200 38552 26862
12384 75319 35124 34807 96730 13795 38310 83780 21751 55243 91689 90414 81264 72644 63508 73979 65846 2443 66175 40066 60006 65152 94673 82771 74218 4721 11052 32013 85025 41230 35466 17996 85625 87691 11623 11274 28311 83258 32574 16814 72667 43225 11660 32802 7107 9302 6424 28425 23422 5352 43084 18998 98747 38136 52818 16673 99427 3596 29682 86295 77856 15347 96810 81843 14076 56392 25316 73686 18076 39155 27696 86131 8748 1848 55788 56171 14566 4918 96235 55031 16748 17777 85345 87296 82290 78337 43617 64398 32672 22959 86792 42338 95217 35570 33338 66087 43736 9082 58883 45865 28008 52705 90584 57874 93144 99728 75054 37385 65635 91284 37662 77496 68557 45332 86326 7677 5762 62906 91854 99652 71893 86662 40614 11689 20635 69335 82714 47066
88222 77628 27613 85652 47141 40045 16021 27574 86856 22268 62284 63295 33824 76378 16811 29411 56507 6822 13960 13053 98966 66854 44441 76071 34329 47736 44021 84724 124 83799 4025 9321 71990 839 60841 2547 19106 33860 51670 30651 85142 333 52956 61266 95033 51091 94240 20323 98151 17216 33615 15182 3114 79397 63968 26917 16749 25316 54691 67287 20197 39996 41875 4154 76761 71973 30913 89643 32750 21148 81913 85858 35189 96193 61803 17868 39136 51635 74451 53737 1604 68846 1142 60937 31825 40447 23539 98684 46382 47537 59140 6641 17312 67355 96167 87546 24721 28928 45732 99594 49246 58341 15915 84409 17451 24589 50684 49072 78203 96345 8807 58106 99592 49911 51416 58039 14569 41381 56382 87452 22095 7422 56063 45079 46753 88126 54146 42524
23327 83958 45518 39001 36232 9602 47997 48292 7461 74001 43953 60123 69875 87367 44192 21097 6727 20024 79688 86495 2606 19164 39309 41533 12429 31760 60849 61725 1963 75962 52309 47040 88102 6791 56826 88516 94473 6531 63535 33537 93450 78462 71868 75878 52688 17795 73725 65061 68250 43318 4194 52309 51476 17218 83244 92654 71936 23885 21987 87736 77068 95197 11703 32469 1944 90226 42249 27060 84877 28836 91213 33721 79035 71195 44302 98947 71030 61323 18378 50883 52855 39190 6340 99125 24576 56933 55762 45402 13743 83298 35980 57393 34993 68900 98501 19012 93551 8768 99670 14680 44570 53430 69349 77663 15925 48023 77825 51693 14675 48945 36501 77943 64322 65874 27545 74763 77886 95595 81066 99576 94322 20074 26000 50016 50027 22693 22311 34737
63234 88978 22830 28669 2983 49274 35933 39916 93402 89577 50860 69881 55072 24771 99860 41863 98360 95736 68824 49477 54487 27716 25909 83469 16394 92222 46176 109 15178 38419 4845 2021 54645 17200 79487 95385 92219 60524 26844 73138 37353 75804 64107 37973 51259 55786 35231 26730 14915 12809 52437 97550 16972 23052 96504 66777 4678 39032 88608 53001 7923 20839 40017 12566 98322 16421 67656 2780 32073 93140 86793 38503 37903 62597 82733 85712 10151 30186 59436 94897 80248 32116 59248 39327 1501 75222 33138 23092 88939 90721 39268 41881 10183 42374 49539 1568 88572 19265 24360 4977 16682 36419 56450 75238 68584 61917 86489 58745 76787 18607 87040 89083 67308 2342 10796 34204 18361 23737 33685 78272 92410 18064 57467 84847 20674 71299 46586 66472
81292 53322 1303 1530 20187 63783 30671 26583 17472 71222 84621 33150 1483 84596 23673 84903 50977 6786 57438 25540 26707 79381 296 20410 6178 34075 72188 16858 82621 19104 26862 1637 82399 28978 39527 3024 81418 97647 1732 66621 55435 47991 90670 27942 33163 51744 89928 98014 83569 75049 7252 73936 32849 23617 68640 44115 74173 63950 9138 95927 74719 42471 38670 11988 99517 49606 59397 25404 68376 67558 28628 16765 68213 9338 14280 26367 72880 66909 2511 56521 91023 15828 39140 55419 50098 96059 21835 81102 17384 14783 44012 10544 85721 14509 88329 87819 37533 63798 11144 62807 69606 20784 93705 22785 23650 56400 39218 62078 52567 86795 12069 98610 6185 51405 50044 49595 45046 83082 95934 63982 74643 32183 46116 36910 32962 5687 60782 71056
53109 5307 85822 42174 88372 3432 69447 35380 26026 46768 73939 69303 49996 89368 24492 97088 48808 96572 37250 81104 71058 73894 23133 98810 96657 21702 94157 91926 15441 25819 3392 44439 51188 26544 23964 71556 58710 85009 52765 83449 81034 91772 9241 9880 48516 98133 73697 3716 56785 50086 37632 4918 29250 36321 47421 97869 41764 57850 15902 78184 51860 1276 49709 59131 46046 20437 15082 51409 79422 51419 81620 97242 98663 86812 86596 16155 44220 92331 73984 4497 54778 38044 67738 41268 94537 57875 34221 92355 49329 3600 52033 24709 10166 27681 20396 3995 87527 25833 9350 55016 44313 89084 80511 31661 43305 13004 71682 98210 52240 687 10490 89983 38078 9156 84375 10188 18932 28157 96914 92580 33239 42233 92358 16081 79913 84954 43077 85911
27735 27036 37021 2232 37445 31110 99032 12514 41623 45438 23371 64797 94158 27289 64245 2281 46148 54736 87548 45517 23620 88221 18393 53661 37737 17053 76874 44049 27168 2630 50634 58232 1969 61196 59271 65253 12127 24182 21210 86992 90621 25977 533 61283 19030 27307 26547 80608 25961 72219 98588 2367 16654 39844 42210 35768 23710 71392 1993 31960 68098 91370 37559 37719 27264 78599 7152 96794 39537 224 87051 33412 73020 89080 65517 59173 67926 56787 68368 9757 8303 58459 21286 92010 28580 72964 53419 94162 13615 60989 74397 89430 43700 19466 19790 13627 90699 62892 86971 73125 99804 95818 4892 50544 83077 63536 27970 5847 7085 45288 64099 55640 34160 33335 77671 59708 69639 70577 60453 92661 19951 57686 53698 1913 92968 23718 88457 9282
55270 13303 93981 67778 23948 14220 47697 14702 18105 17326 56941 35613 632 1459 32243 74042 35665 31219 20951 14052 21012 36201 80326 36854 5487 25203 93557 48925 63188 65163 80717 1586 19887 51274 17071 27740 11615 2534 47318 34393 77600 41310 12823 61519 29380 65679 41719 85882 51356 19609 12188 22019 81509 58901 21568 49987 10840 60933 14838 62279 71685 50183 80373 51942 88740 29307 82696 49770 39284 36834 50269 83718 45006 61161 52902 30373 30755 68182 12576 17589 47482 38270 68601 9992 22864 3671 62859 16387 74368 55937 18340 95061 90024 18941 18063 59755 92778 89047 87444 50972 56421 58039 35263 4695 68131 59488 22975 6828 73630 29591 95084 31375 28478 89103 12485 54204 96890 50054 76059 24549 51205 95172 67377 53697 12733 25550 10798 42384
51230 14196 2667 4131 24819 60176 37340 23526 52865 90161 67550 47717 32323 7067 53117 1784 14120 27521 34761 63054 85147 72643 63667 31060 49113 82947 41339 17874 81156 73996 55562 65431 32710 42014 45277 2154 73390 85079 19422 94840 14135 9601 31851 2230 35006 70366 68099 36283 99971 591 29809 80863 42862 6680 89171 36852 44669 50658 8955 58044 15374 84334 79057 32070 56443 21448 97113 84519 84069 44109 58789 39702 42776 63141 56983 35215 30256 28583 94613 77157 43975 98686 74419 92068 4731 33379 30921 16429 73758 73075 74714 78179 56441 77913 88458 25329 50775 1590 29241 2064 68748 51067 10934 74654 34103 38429 19500 15851 74963 54308 91776 48976 1362 74370 48152 63231 83545 9043 36682 75452 44937 95462 57481 73436 52736 86269 58461 66738
14678 4977 17099 9145 49913 24095 34982 3053 70197 28447 30542 58679 88365 94767 68794 67139 48734 67444 69214 8414 38030 7371 99210 17026 9675 20808 58496 11135 99540 54113 48725 89227 14245 55002 41046 96591 24722 58475 5233 74928 87063 28436 66216 12903 10191 5434 20579 84939 20745 89344 55518 5326 68783 74683 63733 53836 47896 17236 45673 30552 77884 81044 76273 46690 56224 70243 16705 40639 45476 65585 13220 37796 81072 57570 97369 65386 19236 22115 73624 89040 94248 84033 20848 511 71019 67807 12051 25543 58981 83417 56529 49622 80928 82391 17637 41520 79482 69050 86236 26231 38874 88427 43073 40570 37558 43831 50384 26076 11732 76836 7139 90797 36272 44241 50237 16178 70218 58516 98279 27288 27867 85246 874 21814 76501 27135 82084 59579
79122 83789 28515 34523 53553 47288 66221 68793 73467 18194 5632 73167 24939 51178 71488 88238 48092 30403 32878 94979 85792 4996 30297 43586 57362 15460 36642 12402 5999 81810 14673 73098 90091 31086 87686 5553 93915 22203 76774 35928 35958 27269 73898 88003 98470 39507 45305 85813 88503 65056 75069 52459 27006 62201 52372 3642 94283 33179 31632 27072 31683 3714 92324 16875 32133 56823 76633 98422 86605 35836 40282 46131 99918 32066 70120 85905 7800 39860 27672 8398 55351 53187 82175 2460 9536 79529 28156 57802 14585 15633 28186 63242 41653 18930 24211 43261 93328 42322 39886 16354 63204 74897 14559 71812 28077 67385 90859 33979 91887 71777 84251 90214 17658 59352 34686 81102 85831 19641 14828 37381 88453 7336 39177 51284 71851 56713 90935 55761
35903 43664 41611 21987 57520 42884 82681 94419 69664 12067 79490 87117 91806 23813 18211 80423 71407 41041 40245 81927 48660 62031 83422 65316 46394 39046 52204 47802 46476 23191 82505 86157 44545 41352 88606 13487 45673 57006 4021 57826 28079 22552 42048 29997 57913 92984 92156 4771 48144 73070 2463 50059 41177 98074 88401 88640 43772 53248 99062 78957 76565 89436 46507 85441 15279 95751 10537 98336 10876 3582 86056 71014 75274 6828 68139 80847 33218 90345 99502 99422 89006 22330 60641 35135 70395 2329 98946 7996 7279 54318 11046 41759 83635 83762 73060 2825 55326 34603 88555 76607 81538 75436 83432 65051 90733 87284 37856 7662 18820 93329 72103 99822 11861 44708 48145 21324 64429 91149 30622 73084 50176 34278 42267 73051 13439 98199 95713 75800
91878 46501 24063 50411 26090 70150 60963 11523 54907 94457 84356 84385 65345 14875 47840 94954 29179 84438 82577 85427 76248 3475 30751 52645 71504 32403 90438 67703 33228 37083 98024 83771 76373 48898 52430 77725 27448 22562 40182 33909 23636 4890 10668 74974 10409 91883 69645 71038 60281 39004 26376 20393 37522 33503 58904 68282 86535 76833 2738 22471 96845 68942 975 7244 26695 73356 50660 20763 94869 53310 33174 32565 82028 66700 65352 93689 56443 15183 60720 44864 68473 14230 4255 33938 89207 44352 98425 37852 42804 20521 5488 17311 44429 31255 34601 31881 69059 41425 89569 36020 63305 50140 67969 8408 98825 3874 93217 9418 3549 45102 63482 98474 27903 9323 37902 55619 23424 60640 30154 33264 80668 45354 94598 55323 46442 97293 91103 34636
6469 54655 75671 16193 82487 55485 64532 65222 5251 72929 53895 55119 50035 24949 97112 71878 49924 12214 10927 21629 21317 26286 9279 89656 52062 29686 79924 20504 87212 36340 52511 58733 1575 65972 25973 4072 19425 22507 62309 87452 75953 20523 46687 27955 97678 8111 39716 3908 76402 96364 6127 41854 5064 86869 78439 50376 40809 45034 47352 12274 65315 41710 4632 82470 9141 55720 40246 73198 59085 52322 45240 7415 72981 88958 68337 1577 69851 63730 10519 30207 957 84364 33529 65737 35440 50254 47921 82518 80202 48079 8506 41627 93811 28468 83046 47032 23249 24058 51168 44721 75687 70438 43375 39595 54838 91102 33712 3045 43933 42913 66263 74442 36589 41099 70320 1144 47901 57230 95975 90258 9206 98896 23422 53393 21707 40813 74274 27768
4863 8062 67975 4280 23092 57747 20951 27946 26208 73516 38099 57423 72502 83308 68431 17645 98045 86864 30542 99531 48095 31642 22226 13540 56477 28109 9412 27629 15924 87360 10337 22850 95399 88526 49747 52359 4880 8376 69254 33549 17948 79911 63523 86920 64464 9159 63211 79230 66477 75337 68853 43199 34966 90180 50484 45376 50055 17764 80158 19711 98436 28821 37185 37278 27353 59017 98923 73999 11360 2520 9096 9625 16340 36485 48399 94237 39566 43898 63265 35557 41539 1140 19993 352 18978 54978 20103 62478 19969 78573 54231 12921 24995 87745 21355 68708 7630 12528 43005 1083 71403 97857 57817 68662 34849 67208 9175 20928 54918 82563 78581 81874 5428 57404 92823 89754 94403 90792 36011 88295 2908 33093 88450 71492 6043 21676 96248 57018
73407 41594 98632 97276 14521 83861 76206 57981 93482 41492 6817 17709 91531 67850 57013 34870 32730 81231 63198 46265 48101 24609 27937 82364 89637 99252 61333 21267 76050 26699 16958 30416 9195 73937 99270 4722 46079 71691 27162 62895 75146 22052 25708 25541 78563 57921 81125 55479 18374 61567 2191 6028 49951 1719 8681 44853 23464 210 11529 77413 16874 96601 83118 3295 35974 51561 58335 85785 22635 66641 75718 95635 25855 92339 94341 46873 92127 27526 6367 62861 18121 58731 37828 73460 62178 46684 55457 39668 76903 74807 32305 97319 45199 10888 82574 3247 1966 26862 20345 99569 37923 62524 15732 1372 17946 88594 75133 80727 29488 67034 63448 4361 44731 86361 91441 29612 18657 60599 67450 5058 997 71551 24063 67377 33172 27392 25244 57496
68871 90110 75694 47942 82241 37700 46950 20147 97088 2269 19743 35190 3854 78068 66764 42204 85650 48414 79240 86515 64927 86867 50112 65162 73117 73962 5886 60600 2092 51218 70220 42467 20540 89545 88549 79526 9348 89639 94723 88380 60989 15810 79126 43922 61192 15439 34611 6868 46300 41815 5890 98486 66780 56077 68873 88715 57203 41596 2193 19020 40262 75573 72395 93151 12719 90682 96385 47173 61366 96823 79371 81469 32266 2199 17612 99196 47780 90460 4345 76918 49653 2789 94737 67775 81251 12699 33762 73491 94800 13516 92660 83340 81875 25835 93346 35752 55631 38289 24949 48124 51051 98967 65410 83664 65841 96424 41701 43396 34079 29423 5827 95526 92596 7197 51435 53047 11650 90603 13506 56396 6145 53087 79790 35775 59979 73452 95066 96751
87422 79839 9019 62783 8592 87823 83518 24839 34023 54806 35299 64801 9124 79073 49343 87401 61160 95208 47515 64135 97202 61186 38862 3762 53696 12539 43328 91545 63661 3669 5090 9007 54824 31442 32065 12279 3065 68416 14268 97161 15840 70157 21645 26664 92808 94062 27996 85367 14924 29735 5174 3796 62106 89337 57870 25012 48267 35759 45422 16718 14263 49297 8907 45433 3650 27390 98161 35297 41608 35500 33394 87706 15595 19891 77829 92925 57204 53261 13611 95891 21196 64262 65278 95024 23003 90657 57133 20300 97048 76209 66128 86518 6633 64392 63454 52416 17951 45923 17713 23295 6658 98545 78476 46513 64888 36348 1188 87470 92525 20238 92259 97647 75032 60679 19794 38481 63187 87663 45091 92836 15085 64590 57062 17132 55286 4658 53840 86681
19956 21170 52876 27866 4418 1272 10108 24469 69094 64873 58077 9555 72420 74562 74709 85125 4165 15467 33545 26586 11702 42109 45550 71738 10238 855 69791 95564 79837 42413 74323 13577 62974 14256 23857 18783 63780 24099 22184 52121 29371 55349 80162 58439 62775 4461 29264 73187 7571 85292 40918 88764 82020 3304 92652 64368 6000 1763 10146 46070 6228 55073 8137 6203 62553 32884 75859 56575 4636 14020 30670 16169 97467 92169 46315 70468 22392 34081 998 5628 89657 78375 17999 54715 90731 6529 32709 59227 63939 63120 42149 30642 59800 47877 95957 52792 6561 47908 76643 11170 54309 51581 67250 31473 32457 87448 9846 33620 83340 34434 89905 25385 99516 55059 30342 39806 2459 56504 84162 10895 69658 59313 71192 71588 93915 1684 63325 99365
63643 32369 7310 1175 92372 92715 19898 89189 64327 98699 87553 8908 81232 78189 10525 85188 23475 69561 47915 72453 82415 70859 57046 57145 99014 66133 89829 52200 16600 77096 91163 42039 546 64999 38585 53011 20642 77212 22937 22742 44239 81650 92904 32403 17966 67629 92601 73971 90044 39585 41709 4553 29718 77622 83463 48534 96402 7443 31016 44911 77247 82262 4394 2861 26090 64370 75044 70906 44194 26622 69998 92246 13002 56408 7385 96900 89992 88393 98507 37268 2024 1060 87920 12111 49246 26003 46610 36653 38394 60269 72824 77624 40904 318 52040 29668 58696 85653 3916 98074 33927 16376 15493 36906 88249 64403 910 20840 67517 35313 65091 73476 7546 8207 55475 91598 39324 43202 14955 10088 73378 9607 20087 84531 40545 54276 87951 6908
61617 25575 92377 1958 91289 74686 91938 31379 45658 52345 8979 70704 66412 82575 1880 51951 30156 79090 21732 66814 49504 32228 29889 9239 46300 4793 77611 80175 55189 96048 40391 70005 56949 16601 41853 14114 34736 35245 15945 85673 40692 56133 85800 8789 84693 98128 21510 18778 72185 98268 89834 95460 87329 64330 8657 25924 74978 2485 14981 66343 58166 45716 81765 64339 155 45926 86504 86852 88140 84219 84018 21459 52595 95105 58948 79235 14029 99820 6987 94363 66431 39557 90604 38721 5686 91693 67888 45348 28950 74352 68331 78391 54925 93780 47050 22798 88580 78371 49865 65050 58390 12739 40527 87583 88475 72663 4868 69505 8092 79143 296 86167 77729 39454 12080 36939 51385 63689 44546 90988 9040 67195 31832 92480 65591 886 4382 14374
86738 27606 37927 89604 12943 54372 85477 895 57583 51911 29460 41634 63384 93967 19127 32320 72289 76983 27805 54898 87648 12659 12646 66982 34284 99595 84727 34768 31444 77290 51348 55594 88764 42982 73782 16479 44849 53623 72009 26991 17926 70737 98572 16683 83612 41397 9202 415 38919 77961 59317 43855 309 95907 36396 47690 49787 24235 33110 76417 98164 79250 63660 39297 98623 72780 24878 62081 10435 97798 60725 64010 93743 32029 16015 27725 66546 74304 20579 32771 28877 42925 69536 3367 6008 22699 65874 58243 93634 73998 21925 18353 93452 35923 54835 71426 29054 27305 3183 32951 34131 558 60959 15998 97068 94904 13217 45163 38200 68184 48373 35090 57622 82758 69073 46767 24382 50831 48991 52751 7851 30370 66851 69844 95887 60577 1237 7447
70515 31534 81238 91609 14916 11337 75136 61375 72323 76631 48862 92103 13434 24802 76793 8382 44139 69231 58674 25568 25785 10036 54867 74530 28444 28389 79813 890 90127 98977 50148 21118 21724 27174 23851 75005 42559 79910 74990 56402 96258 84082 9265 52471 51061 53205 34232 10798 1075 95459 4385 11514 28861 30806 81135 80194 79937 41084 41914 54392 26154 39634 32835 25 34951 66873 13807 99263 63581 35440 69278 46810 91647 23767 51380 67145 15624 60591 80908 33529 26399 54131 67401 69771 31857 96455 13253 63145 51764 58309 96307 50418 81291 7787 11458 3780 84629 94949 31800 60849 95562 16282 74841 2239 56857 49037 76312 62269 79854 41817 67501 32299 46147 40854 50863 7693 97383 74920 44546 75917 85562 96249 18104 77622 15799 35441 51814 387
87018 79545 58977 2351 10526 66996 14122 89986 45564 30809 11536 43865 43103 30834 90438 10548 41453 7709 42709 73904 40823 95892 60842 94739 67282 38862 75423 14326 73312 57864 97591 87208 21251 87344 7525 83526 42472 20658 3519 35776 96147 88105 21490 53594 15767 12602 51423 33885 87416 27067 65197 60309 95649 81082 90518 37976 56915 75523 61205 83018 88919 76494 93942 97873 21918 29488 31103 96528 83535 35171 92087 2849 67951 51222 49956 63854 26268 59331 49700 18877 2792 75060 43290 28203 86827 39374 74120 32028 36488 75289 71873 69605 58506 45273 98573 99386 92159 1178 32640 13743 83390 32261 44701 73205 16628 7625 27505 72403 56204 83679 62846 24645 50777 17573 96690 97149 26812 9155 79201 30798 10279 85242 76343 7680 92219 75699 69527 16645
32966 53841 55412 23144 64363 90975 14391 97672 55725 83418 91125 45830 17167 19734 98602 21729 10988 58335 57730 59089 55029 19595 12087 18374 50045 71814 2842 71257 70010 41849 17365 58451 346 86553 4767 12269 34406 43344 64531 84393 2393 94377 1420 89612 69106 76296 85488 4995 85890 53050 65397 64268 58767 45139 53460 33711 85255 62322 54853 73503 65823 90396 99300 55006 70413 52602 70635 23850 88491 88707 66119 140 78387 31224 25259 84246 68729 55452 1954 22444 43337 52767 38670 91370 28720 79189 49966 29203 60011 23220 98182 66916 39709 26627 36434 46671 7392 45864 78651 18468 40179 83264 55111 50845 6124 99655 12795 69399 79241 10020 12208 77050 55233 4942 10891 5818 39175 41874 42942 32834 70350 45682 62250 74899 52165 35839 79049 93630
41908 68064 83020 88100 39781 73121 5839 40632 7610 41710 94354 27857 56247 60852 65742 23555 31552 5345 83979 62393 19096 80481 56939 53292 59099 55599 43199 50521 83928 67677 64232 73403 45350 72656 76066 95094 60114 96491 88649 17015 34196 71061 28349 55705 13017 53063 29451 40309 49556 82911 14179 41645 97266 2763 48959 26529 34273 54827 76860 57180 68874 43802 48012 21744 81907 51007 29326 8575 48008 54942 16429 66090 88630 46080 71953 35670 48563 14115 25941 94885 17295 89107 8583 65662 56507 62264 89257 16629 97927 27411 47144 49455 52315 16220 10373 73481 41009 34168 55141 30318 21337 12533 16065 26116 62445 40494 61228 63870 36303 63995 42471 72364 71432 15987 46393 90954 50443 34298 24329 9243 19493 93405 27427 83111 41382 95168 35741 28207
67907 54577 11289 65918 84393 76784 74409 78387 93477 18278 25497 47339 45642 46617 33543 48392 94196 10783 6308 69192 23257 19832 78008 27482 22373 74511 69475 36608 32076 15261 83181 65457 31439 55698 73022 21121 86215 48602 5678 14444 43992 69141 21480 74683 99835 26121 60413 92405 95167 47351 94369 52306 54797 92495 67531 41032 91646 47672 33145 98504 23641 57743 56226 18090 90979 43112 28848 89879 1507 74816 46535 97652 88836 35607 73807 48844 77597 66206 60516 26274 59574 35539 248 29834 51801 32806 88539 60657 98033 47537 45340 98242 2121 50423 21486 80673 64587 27669 4546 33876 62446 94102 41485 19496 99951 82592 54037 95183 12284 96296 74100 31872 46233 92391 68423 2785 36770 20703 84783 75523 65282 68804 42090 61506 72817 74874 96623 53332
91458 53510 17657 167 81142 9516 53127 71582 72024 91816 52311 25882 3843 48377 41705 25513 9364 43414 9544 46233 86862 79561 99371 35105 1309 81170 7830 1982 62442 72205 54253 63469 43726 67793 37113 83407 84342 44438 11898 99277 73580 85938 51452 40119 41759 78902 49433 76595 63654 42440 45382 77306 61651 57361 47062 69879 37672 96583 6545 72035 7835 16697 45026 54252 92194 34621 94586 60766 18709 34389 74612 77840 9852 93142 19866 26566 92569 75598 62266 3752 50738 32198 11630 88019 70228 38295 97782 81608 70133 19866 59903 22693 35038 9445 72550 35822 86365 67751 24630 31443 36702 35957 72237 964 33057 45151 19135 52568 38842 33880 74153 12557 88687 41305 69200 38355 72132 74161 78277 27659 38307 82358 42925 51060 11429 13521 7931 97197
32982 63542 82130 26559 22534 27066 67128 64814 84491 22284 37208 88954 8823 4726 91369 66263 9367 67549 1772 33227 40313 33584 28298 3586 78589 84055 15882 82286 31870 16752 94635 14321 48756 82757 50593 84372 34574 41729 12357 23097 97414 2784 19494 48530 7291 55956 14854 91537 51054 39701 48999 42403 53010 75283 34283 57580 46436 32032 49362 57350 75000 23826 72476 64869 18305 46688 2305 75887 9973 85481 7958 32330 13729 16060 43720 77157 35305 70552 52692 25856 52938 33300 74692 33584 72661 70441 53338 73059 76967 48257 77534 43717 51156 37101 37468 37484 57822 60562 65479 4470 8191 97686 62184 78190 198 93886 23543 25066 61874 39586 32350 25824 43127 72718 25074 7437 81590 28727 77376 38513 52535 58163 84368 32318 24722 76590 97516 37690
92874 74555 80318 5854 297 81631 75466 1597 11917 42191 91728 4731 56696 35510 46574 74703 90526 61667 29524 25099 20871 51544 70915 34822 11234 4063 5459 95542 59321 67871 51085 99078 43692 47666 76246 76063 34849 74581 64638 41571 8043 85552 44255 43958 64689 49483 4329 71264 4457 55364 78040 35812 24373 26282 19206 858 72483 79676 38462 78791 57555 83304 4818 22684 55475 97810 1833 97680 65017 31317 30331 52141 62841 97812 64119 75075 13992 22743 12404 70538 92120 58555 89503 68629 70331 71092 78910 99408 99863 67415 73719 78710 61404 62210 24039 75697 92850 48727 25163 39991 53416 30529 59518 40539 64870 41789 65827 71520 18073 94809 8777 92522 87945 12306 29694 99094 36499 81730 661 9401 42538 79141 35892 60692 72732 39419 46799 90155
41486 16250 48353 2533 52940 96365 13971 17126 22701 5045 98403 90959 39580 76553 79202 4433 13518 78541 50198 42580 84867 27852 23026 3983 57569 89352 23989 39265 59099 65853 43552 92151 6061 3654 71084 90381 59753 63987 8278 15709 48166 73360 45644 56827 83417 42000 41761 29798 51318 69805 17470 82161 18459 52646 88019 3446 11658 55401 73440 78662 56935 33070 39277 22828 16024 88719 80665 68438 61646 22341 54389 59868 15944 61302 71057 18596 44614 52030 89972 33109 53897 76732 2553 39145 52592 57224 48202 73955 74421 3559 66263 11487 94962 10119 43223 20798 81156 28885 1935 11462 76511 11538 92610 50729 20941 71281 40039 98787 10618 60179 76657 62675 77527 57618 70188 68830 38337 78461 37885 72461 3199 53207 51371 58340 3701 12399 24639 87545
4606 63382 30629 27939 67534 35795 50393 44342 41416 18 64250 23513 20347 24538 78832 9812 39332 16320 80418 30345 48886 61086 61284 36293 22854 78479 19674 8352 94627 30783 65735 54628 61088 93862 57188 71681 12654 54368 87743 72490 70610 75031 77423 51911 20470 57274 83467 29385 50007 68470 63340 10737 41422 36457 43429 56377 28582 82060 7670 12947 69906 69126 71189 83043 92108 98362 54309 62265 18904 51356 22036 49721 87923 98131 53792 86148 10307 97144 19332 61838 26966 51517 24500 50052 37479 41267 96980 89586 25682 51104 82929 36281 42371 21428 61756 80988 88460 2131 29734 18073 98131 11128 54300 75616 90680 22217 42670 92589 78388 619 96539 72132 11909 53303 34188 1133 12940 87788 55581 37554 47629 24077 34090 2653 49011 72514 56021 74183
49183 33334 47484 43962 61509 79669 90773 59188 54343 32781 60219 6363 9488 62559 39456 48354 6872 98865 36887 18277 98876 83381 79281 26612 67926 78024 1653 64511 87128 94658 643 31151 59515 68407 67572 69890 80403 75773 13229 98434 68598 65461 72011 49259 77707 99334 97397 76789 2159 41701 96925 87285 57429 11572 53736 65688 63981 71784 31816 1833 36332 66603 62114 43781 73997 75145 64069 5761 7864 11692 77581 40327 59601 77708 27416 97837 60914 51313 44438 71453 76384 94781 22922 99594 951 22195 89833 75334 51306 21634 12084 99762 10045 4838 88181 15418 8448 61154 42640 79641 4068 35818 77029 30862 73201 80408 29208 21071 46702 2712 79130 66080 25965 7661 42279 19058 37093 32269 19190 8971 20044 94486 98523 23182 21423 72669 54771 47096
59079 91971 15711 14056 604 69993 77221 35300 58843 60278 58324 4314 20801 96678 78623 53975 9391 33089 66389 61905 72507 45759 28691 68112 68439 69696 12978 82311 12097 25908 33847 77511 65111 83192 33909 51512 57280 82231 53958 10205 93132 52631 90993 40184 80377 26122 16908 72793 30495 67939 53537 43348 14765 5640 28361 25954 25745 80448 83055 122 91985 60013 24793 47203 20933 32273 81320 31992 71975 78973 20013 2360 38849 66246 1274 23548 51802 16273 9657 38431 46197 61524 81477 13229 29798 44306 15514 44357 57489 62548 89272 84515 86136 88805 27046 13751 44476 39339 43032 49171 48150 53550 46380 38689 61759 2161 88321 63211 29578 50818 80343 81915 32985 62362 49491 31646 75425 91974 88866 22504 18206 44161 34510 41017 25255 32775 68547 43240
94824 68689 51369 35762 53191 31363 29395 37237 61496 80571 77244 56559 24647 63654 25745 24725 72525 57321 96946 91204 33831 23861 85481 63924 93815 43599 69767 28995 24895 71541 75249 61318 95187 49351 7628 13927 3744 82653 11915 82289 97620 55739 83072 24921 75783 57688 75023 69565 73629 13099 93837 84224 44391 21183 9028 81230 35367 61410 96521 74212 85656 30277 60297 95684 79042 90441 37132 86501 97848 21981 13990 92783 59844 9160 44578 3914 51727 81314 32714 31501 41425 13745 71548 54559 82197 65244 76630 91005 27796 42751 72723 42304 43786 68155 94631 40845 5666 29467 48581 40807 81224 46945 10652 5249 17797 50122 94884 81578 28659 16173 18584 60229 50084 43345 6519 47182 65040 42807 29669 38077 16968 13880 42207 27621 60389 58749 50413 74596
30347 26942 59636 5305 80613 89122 67206 24509 3391 21377 66281 7812 14295 33208 25400 15588 74910 22105 77155 85865 18763 30729 66103 96543 51378 33177 60943 90159 3159 94698 84632 11777 24161 45842 69904 58815 94417 22820 94702 23770 19668 14742 89010 56680 98102 50251 5028 49878 10349 37755 23016 23511 53017 61602 99808 56496 35368 5195 21752 50441 2721 57944 9083 30873 61847 80611 16169 3798 25685 3113 91619 77598 34819 56961 88091 59388 3640 45157 86249 59622 98326 38701 11574 68352 53923 32504 57095 36482 39052 41022 22479 87768 57278 5846 64650 89041 22773 1846 85958 43411 20201 156 74477 82791 18503 963 57226 59300 82853 68027 7460 93567 25589 22092 50828 49200 25885 5053 30674 49363 15285 41010 74743 21519 93935 55498 92080 37996
37517 22636 98108 8354 44807 79422 57533 23828 28071 41719 25874 35844 76496 97682 25437 76734 51551 66481 28406 37451 72433 69459 1689 12277 29803 26645 22517 6600 74035 44929 78046 34675 60808 51958 26182 1582 40400 65395 58640 35793 82297 64612 28734 93218 74863 85767 60362 29861 33487 46387 35487 11628 7648 78829 84988 27060 10062 84916 15715 15027 2085 20745 78237 91242 38235 88499 74422 22783 89341 4459 91404 98135 50109 34842 63677 27959 79904 84234 53379 4717 77291 13113 98396 75833 76447 34476 20918 60440 34220 21146 67342 52782 38476 43962 61887 28169 92033 35503 85136 42885 92965 1938 17246 47456 84554 28237 55307 56175 67414 7883 86498 87284 65252 83018 25481 57945 84760 45661 70868 85794 82597 75013 67277 50533 83996 74064 38502 7020
56331 42467 24265 87007 10834 32649 25408 71136 79964 39193 38741 99082 27270 52745 75937 45684 10116 37230 78426 55281 82455 81820 436 72935 21177 11132 46322 36723 48680 84750 93944 44968 46336 15405 51271 41655 25609 72233 62674 23821 89899 64975 1876 89122 9827 49122 42026 86273 55234 33749 5980 38925 32912 61384 92801 83163 80225 92740 4903 43336 72255 70610 27160 49176 48312 56224 53051 55104 23253 41061 30473 5435 60469 37030 78598 11804 98813 72238 96387 22251 91548 9399 17549 4128 90294 52482 76530 8527 28739 61902 14433 52077 36277 25721 93683 56389 65988 68340 94626 52840 68181 6118 59715 18169 82334 17583 85339 16066 1729 14729 90827 32848 79327 80347 30331 32000 68043 61734 77265 38578 33553 18227 51174 48041 65189 81818 92851 39748
57807 1140 59427 69095 50399 54378 21672 20954 2460 78681 38633 76492 86857 49986 61597 93162 75738 78170 70659 10439 41234 8308 33353 22050 64598 98352 11296 25326 98209 42244 14039 78181 12018 93119 3276 11068 64658 79283 65010 60490 59030 41397 70783 82385 80135 20892 94609 86355 13618 50486 79546 55158 52261 9802 19515 93620 94518 96400 76078 72461 92751 70746 72968 3836 46495 90842 82780 10990 35634 91932 35331 94786 14267 77606 72985 70995 68236 17469 82871 79486 58180 67583 35269 32681 51764 63126 40117 28651 62507 48371 17600 92452 36632 12125 7224 98995 7698 10433 27982 3592 49078 20498 48291 38684 41433 72856 40520 75026 70059 23947 13547 35209 87176 98691 69555 20913 1602 99089 11817 61702 99906 94404 44235 44125 772 63662 53029 8462
67752 86854 6213 11070 98754 83321 28548 87304 30660 15887 5191 46539 45107 37726 4745 33006 15539 39780 45654 46365 4179 58434 92974 46171 33508 13838 72266 26549 72596 76486 75468 77068 58670 96093 9392 52901 78788 43672 60283 65043 68908 7161 16544 92206 65736 60591 63601 73266 26956 27779 11012 11128 7109 16197 37314 91200 75167 34103 17625 36429 75687 82982 89967 73499 86355 89320 49815 85589 13792 93982 97766 17741 99928 88801 40112 41480 36713 40774 91545 33931 52286 32833 59159 86766 12781 91226 86669 26194 5597 69007 63589 34153 46301 83457 13440 38790 50315 91156 94859 45146 83341 28354 92027 99001 51445 68665 56724 79100 20062 90821 43522 71704 75928 77542 73099 91575 40722 34998 37470 36554 86186 15998 94038 41095 22478 15465 92055 71315
71667 33518 68459 16696 335 22382 74962 81583 56847 56855 7898 86814 61731 39359 53164 80881 34209 79064 49605 23774 47640 90665 66860 30769 77934 27358 77637 95729 55481 34023 44342 88370 33936 39215 5479 25926 11199 92898 96191 31335 7959 14505 73100 79609 7835 41648 93544 17835 7688 1377 18692 15714 39856 97224 70936 96211 28850 85601 62168 93533 43326 77263 27031 67119 47984 24380 60332 85533 989 39157 98046 36302 20244 10033 58547 96853 63585 75017 71407 16314 64351 62601 72239 60294 28240 11126 53875 95457 40367 33781 62574 18621 7135 74683 78928 66759 33049 78136 68429 75592 37786 26587 78839 63789 3105 74643 80282 98620 21870 4575 85318 31663 51633 69944 15435 89852 62483 63239 43503 3365 56184 78051 69572 49430 64001 18631 67513 12382
37362 45988 61235 54227 67991 57041 31890 94429 72878 19934 57642 98474 54117 73944 45340 65857 29153 13485 77662 29597 56119 52118 4975 10255 38023 1737 74026 96505 59767 11826 17534 30925 6534 52828 81923 12882 33583 23470 10339 89823 6291 15400 32613 94065 44421 37546 19882 48161 14258 20354 10039 93408 98077 54322 75640 82555 74339 15433 87737 36210 95481 80405 34393 8331 17761 66798 78818 24926 84791 67460 80302 62632 28259 84689 73779 7593 45764 5133 41340 15077 36222 50385 86779 59211 12800 77526 56339 89590 17659 36119 56364 25969 2899 5932 8028 50291 19387 32192 15881 72820 46843 49614 96662 6060 44174 1908 18044 43027 34974 30733 86044 57157 8878 28145 14309 70686 2927 82395 75903 72913 30143 67777 23577 97382 20826 6625 7838 50926
27490 58825 30067 6529 19585 73647 34735 39964 43672 93696 76176 66123 30469 30509 98365 72122 41996 79056 83837 29096 81614 76850 29493 17948 82519 55809 61893 38340 31539 2580 26791 76292 41886 16316 26075 73934 37426 59090 28482 69600 38140 78714 47379 38268 63720 84272 59154 76575 11372 84614 56212 76034 60353 84884 44020 28702 18011 19286 93892 90731 82603 92207 21711 71849 53940 62626 87734 87024 3753 7236 60315 94944 72969 67434 2406 90149 17564 66123 96046 38373 32722 61977 46664 55334 33499 44857 38162 67525 24899 67131 78914 24830 64545 74059 55165 82547 4812 28691 54135 32258 42504 34603 40641 98406 17437 41047 7118 59608 10106 32180 27599 43019 69431 57805 95272 86391 80033 90669 74584 62816 78183 54385 51640 13540 31286 84889 10993 19829
37147 79787 51420 1913 69519 43283 83639 22790 6512 44871 82487 75767 49256 94055 95475 98046 45759 38110 43167 53860 5268 73941 92976 4913 94903 42656 53752 65650 71626 10796 64340 63625 96007 82737 13072 29722 76354 15704 33433 50031 31878 8308 54805 65417 92174 17397 53556 76458 31155 47911 58201 41346 88296 67291 2908 75618 89380 62259 40298 22093 40794 32691 68817 85308 72407 18038 27837 85953 71736 31350 87082 76781 39177 29493 82453 91899 2323 4171 33022 96682 37509 64308 36577 70842 7212 79981 3208 31398 38150 9624 34756 63819 55352 80170 45991 67985 1751 45049 49429 95055 47984 11579 13466 75057 51025 92846 54196 18895 41219 30598 11913 79518 31838 93906 3352 68433 23817 71117 82843 67444 40184 47304 36094 93816 84439 79143 14239 16454
34121 49281 46526 34763 73745 10772 64094 43566 81837 47431 1035 89539 30316 43907 45217 26032 87695 72369 48457 48365 56403 48645 66426 9852 80544 19125 19324 18682 36779 3259 90686 61027 64644 61694 86695 39230 32974 54283 20251 25038 44454 37195 48554 39456 39460 97358 58601 61204 60632 16627 11488 23112 95499 50177 63244 69626 86141 46809 82471 98501 16704 25825 72242 97649 19060 32472 93272 20063 12386 53346 10330 13514 91150 57143 82746 84128 20046 79018 59301 49040 2884 89306 70822 78994 38077 15072 72741 66215 20483 26108 91119 77694 26138 88886 98215 51611 78474 17848 33735 72312 59048 46922 88564 60440 88693 64921 59403 50987 86408 87442 99891 34032 21031 32677 75312 69709 66374 85302 52815 23637 39914 76895 88879 70980 80650 10063 75897 76216
48922 50362 61782 58913 68632 26326 77964 8862 45998 89594 57842 89020 77310 73133 56986 20272 80182 39097 562 38945 63411 84934 98630 65554 94544 33153 43405 57319 2143 84436 87796 43746 79698 67630 61665 10603 46428 35070 45565 76864 54737 5627 42572 98037 32413 50286 12651 45295 86800 41974 90636 5735 88412 23541 31257 75791 24829 54196 80226 79877 37924 69971 4785 51296 25448 99991 14623 21727 66399 35165 96787 2820 2546 86490 19745 36083 81920 45151 37022 18221 62341 31093 90697 39310 76661 54616 26144 70476 94248 77919 91376 3489 23067 35557 17754 14007 94856 29728 48042 79743 76117 29802 39425 45521 50181 61546 44915 34839 82744 28605 62865 96496 75523 48831 77408 61377 40598 98337 47846 47797 55850 38770 17900 91790 41655 86503 44000 6965
93614 9819 87806 20715 88220 27167 54579 90498 58836 55890 2525 59666 43127 51727 89345 41936 29238 47791 40190 76590 27264 88664 20525 51250 99295 44542 16051 37096 72722 93783 72814 1310 95189 6373 79530 33373 20632 95704 92655 7980 43607 63658 85411 61114 78587 12183 82566 89039 6132 47843 20770 2360 28058 54303 72826 82149 81478 60229 11012 59684 75619 81005 97353 3659 83326 51102 96362 97552 21115 62534 94011 53011 91796 36845 2463 49867 7895 46094 60899 824 29050 2241 30808 29165 75226 5892 6760 23335 48136 44087 87619 79723 1774 26522 80332 47768 61288 45004 88761 40610 83346 13561 38881 86783 86276 78193 21387 14666 59221 86418 3536 44603 57807 84527 79478 51706 73957 71389 99701 83338 45762 29373 50172 99225 59762 39573 15321 82153
13208 17478 54062 33116 50287 72597 60858 97451 84754 50101 12749 14529 69931 80121 98760 97241 12881 99548 8731 78921 4072 90382 28983 17732 81423 13242 85285 68421 27640 46381 83590 31074 63891 96592 10811 94089 32998 371 88721 6154 64549 50188 53524 61599 92573 60572 98763 25082 15325 91966 87200 5302 63871 70865 18342 56462 51980 89829 395 34191 58401 40793 17123 96989 98130 77154 64167 82668 98450 86873 94234 56545 7360 20392 3870 98456 45707 3342 68340 87982 17466 62973 94853 86358 8703 1065 39449 80560 52273 27882 48252 76167 30607 50032 45140 43879 10033 88999 39092 77262 38185 41181 43218 9836 85436 15669 63878 35519 65745 24833 72509 36563 77250 36031 39838 28462 27602 5214 87531 53070 55931 16085 43814 15150 90622 42878 31933 1629
19180 28626 67230 60616 24515 76763 9597 3484 86570 867 43965 67927 35208 867 74967 96599 6524 53822 69319 80089 32059 31691 15570 98039 85296 53667 39267 58710 67443 51115 77717 81190 55680 58905 3901 16028 67535 95229 1473 72555 64912 66373 90455 82844 90510 6095 58652 80303 94392 39997 28347 59272 74812 47287 12650 16314 84741 76714 36673 53998 81667 81807 81397 12842 16046 50537 90615 24197 68795 70868 41652 28026 40452 23649 38660 47436 60239 70569 71687 66198 48437 43089 55949 33232 35001 69396 11404 61221 4608 71828 7643 38439 24459 75769 77130 22822 98388 34473 70468 95685 8163 35768 11099 27849 40952 18396 59470 83662 9099 94495 1343 46801 95790 16559 32594 32124 45445 94829 26239 10023 71734 36192 98427 77809 24978 84330 7752 93040
88221 46745 36529 78102 2466 805 10562 58955 98895 89114 28378 20791 1459 80648 40949 25418 6054 30740 23846 25547 84386 26327 32917 8458 11307 88970 2250 48714 65226 5133 95366 13105 75854 27582 34954 69349 11817 24699 96145 64887 22284 55893 44957 23566 74723 69538 83282 86057 44421 3292 84707 18578 96018 45948 91277 62503 33236 26759 39059 84802 65834 97809 79716 54692 11389 77127 57797 66892 73609 62255 63071 99830 14428 78899 47934 66803 70797 18830 51200 62963 48031 37457 90156 61750 8526 7536 34749 79841 72854 60737 67159 94892 73065 43434 63667 66676 44422 14207 22530 80563 73721 69167 3318 76168 73192 64949 13655 3779 96311 55905 69088 3684 16744 24475 6411 59289 84602 64933 95579 59653 83172 22433 17006 97876 89518 25371 53978 88685
12793 2621 25778 87584 6009 77546 6116 52608 35023 1568 40199 94848 49769 87387 31743 12148 95553 84300 4533 16904 61758 13687 99986 34727 1374 67233 37745 6953 78208 3811 35078 92380 88152 23285 32980 94622 4226 4641 67230 25389 66612 42235 50491 62630 60708 83213 36187 43444 75897 38970 31157 69243 24763 89382 40815 99620 83432 4520 72364 18986 98682 40337 36507 94251 24160 99716 34317 17556 80774 29364 84654 46516 64596 65724 17372 75212 8933 37710 39364 77419 10551 8698 72246 38176 94819 37257 39788 17965 59336 55419 93543 60744 71934 66994 42436 77188 92071 74825 62069 73097 64630 509 22235 40068 59175 84961 98355 20042 2120 82432 33542 41442 17163 92901 22832 48166 62300 14000 82086 57998 8327 77670 83567 65756 90064 7100 19172 12791
70381 66220 38577 44191 74944 1956 99268 5237 92751 32304 57866 66785 14471 867 57930 61755 79318 91579 16558 43218 70181 70984 48691 48027 85434 97553 45242 3227 46565 94938 68160 12476 69665 97842 33750 52350 59135 25449 15729 64882 46955 91454 27331 78148 84281 37658 55895 77065 10132 4370 24843 81755 49978 37826 71034 17703 48554 158 73276 24552 99568 96461 8374 38130 33437 93383 85379 6038 28596 33204 21404 70828 41227 60157 60616 3503 26322 81588 33077 95456 81531 83566 71482 89632 55298 47173 4758 66578 6851 89948 80320 72585 29108 27751 17676 56279 86176 33614 41836 37851 31640 13959 42177 68123 72929 68735 7959 16889 33542 99239 59381 5442 4839 22510 83876 41832 39373 49823 93352 20037 84501 74357 80881 52193 48438 75086 53445 61985
14487 14589 17484 42424 16540 24447 10011 40574 10533 35605 51579 99313 41659 90630 5154 97039 94427 8919 98720 10108 16767 93336 50777 75540 58289 59200 40899 99366 66176 84436 3014 40081 34461 84461 83813 51498 3929 46294 21474 3739 10282 47444 64535 17786 22946 91608 33401 36354 66905 80743 53545 71891 19202 12695 24097 2465 47286 38342 95072 67498 45626 67489 40196 24662 11413 10319 56493 78319 27491 40480 17181 15795 57985 37732 28450 71148 36573 40635 67753 35299 17906 75289 97367 78680 52908 53886 98172 82035 90520 94134 63610 23622 21392 88942 25657 10971 8110 33548 49116 9550 72705 9211 36621 65710 64555 30171 56502 70049 28286 70772 20335 84365 90849 70473 6221 18176 76857 90079 24749 61125 50591 39380 78929 9606 64226 89098 53708 58939
25060 11426 44314 63433 19214 26104 46366 95587 46992 48497 21011 12461 45546 53041 117 4945 58173 12439 80409 83263 3109 48473 92498 96900 135 45354 24252 11021 18984 77001 62512 46227 67246 63536 58562 17807 83965 90772 39518 76885 16762 84275 62486 73998 74392 36816 60217 68798 93513 85037 56703 456 50236 78925 35017 54711 27070 95597 89811 25283 64235 89842 69203 5018 48175 15546 79661 57612 51385 95329 19006 91543 86973 7491 40295 53955 5770 14960 12119 42349 20675 52566 91735 33528 27943 96031 24363 95207 74658 76439 28165 49443 12310 55957 12441 61045 91896 24071 69477 95063 7190 62121 28315 93829 66290 48868 52393 42325 88019 70789 97062 71181 47854 11110 20392 83057 95280 10867 21099 47327 58060 85117 57516 1758 22025 80334 99296 21015
66589 64700 31891 59906 38661 14819 44419 98489 5544 29549 36854 91239 6052 76803 79303 85280 8988 53781 20860 51133 4312 4392 32224 47025 409 91636 26721 94268 30887 32856 81961 63012 76314 50300 56915 86687 22071 40763 31584 23069 27194 18283 16631 4289 54357 78047 14306 99612 53453 62553 59585 31280 72018 34984 3659 3610 9689 30769 39525 44113 75532 14578 43576 97059 75987 8195 37786 42407 1925 25683 11109 44698 13878 40894 90103 92575 17209 50237 94265 17744 37190 25633 50531 22668 22590 21578 55517 63247 55364 3306 66748 18229 67104 87428 86680 9469 41560 88218 26484 12654 16632 45060 72686 76167 25894 63419 6501 29807 84159 13691 35249 13114 64968 97496 21271 17759 5000 14298 7253 32749 43786 36408 70868 10370 55512 39250 24320 29075
791609 1475122 28032 763402 277883 202608 86934 429368 767982 955517 427068 42393 336265 526068 256695 97366 954327 1162509 403197 1133485 770878 354453 930552 1373694 699800 1523994 1415894 669495 756803 1261106 1141230 202545 1400237 212875 1338573 202583 1175875 834156 447258 1252657 1355407 827469 327337 274728 1000933 1162837 559914 383194 366696 880566 1185980 1214473 487997 751182 1484804 808686 585396 1161197 124509 723930 1101575 661318 109210 778473 759179 883074 102591 1018576 423370 544008 386355 604651 1126734 246447 317183 239612 1343419 1546046 579107 802298 231349 722181 623769 225294 670146 380470 1478229 214049 1928 1493130 1546665 1331683 311970 1366273 319212 1318975 1516900 729998 888074 107690 953757 1574413 1171196 562297 895690 794913 27091 1125268 1345574 700142 553329 27631 444669 346095 1409451 912299 1259353 335086 1477910 1093331 1087211 1106811 95468 507458 1320025 591445 1552030 1232565
