64
0 1 1 1 1 1 0 1 1 1 1 1 1 1 1 1 1 1 1 1 1 1 1 1 1 0 1 1 1 1 1 1 0 1 1 1 0 1 1 1 1 1 1 1 1 1 1 1 1 1 1 1 1 1 1 1 1 1 1 1 1 1 1 1
1 0 1 1 1 1 1 1 1 1 1 1 1 1 1 1 1 1 1 1 1 1 1 0 1 1 1 1 1 1 1 1 1 1 1 1 1 1 1 1 0 1 1 1 1 1 1 1 1 1 1 1 1 1 1 1 1 1 1 1 0 1 1 1
1 1 0 1 1 1 0 1 1 1 1 1 1 1 1 1 1 1 1 1 1 1 1 1 1 1 1 1 1 1 1 1 1 1 1 0 1 1 1 1 1 1 1 1 1 0 1 1 1 1 1 1 1 1 1 1 1 1 1 1 1 1 0 0
1 1 1 0 1 1 1 1 1 1 1 1 1 1 1 1 1 1 1 1 1 1 1 1 1 1 1 1 1 0 1 1 1 1 1 1 1 1 1 1 1 1 0 1 1 1 1 1 1 1 1 1 1 1 1 1 1 1 0 1 1 1 1 1
1 1 1 1 0 0 1 1 1 1 1 1 1 1 1 1 1 1 1 1 1 0 1 0 1 1 1 1 1 1 1 1 1 1 1 1 1 1 1 1 1 1 1 1 1 1 1 1 1 1 1 1 1 0 1 1 1 1 1 1 1 1 1 1
1 1 1 1 0 0 1 1 1 1 1 1 1 1 1 1 1 1 1 1 0 1 1 1 1 0 1 1 1 1 1 1 1 1 1 1 1 1 1 1 1 1 1 1 1 1 1 1 1 1 1 1 1 1 1 1 1 1 1 1 1 1 1 1
0 1 0 1 1 1 0 0 1 1 1 1 1 1 1 1 1 1 1 1 1 1 1 1 1 1 1 1 1 1 1 1 1 0 1 1 1 1 1 1 1 1 1 1 1 1 1 1 1 1 1 1 1 1 1 0 1 1 1 1 1 0 1 1
1 1 1 1 1 1 0 0 1 1 1 1 1 0 1 1 0 1 1 1 1 1 1 1 1 1 1 1 0 1 1 1 0 1 1 1 0 1 1 1 1 1 1 1 1 1 0 1 0 1 1 1 1 1 1 1 1 1 0 1 1 1 1 1
1 1 1 1 1 1 1 1 0 1 0 1 1 1 1 1 1 1 1 1 1 1 1 1 1 1 1 1 1 1 1 1 1 1 1 1 1 1 1 1 1 1 1 1 1 1 1 1 0 1 1 1 1 1 1 1 1 1 1 1 1 1 1 1
1 1 1 1 1 1 1 1 1 0 1 1 1 1 1 1 1 1 1 1 1 1 1 1 1 1 1 1 1 1 1 1 1 1 1 1 1 0 1 1 1 1 1 1 1 1 1 1 1 1 1 1 1 1 1 1 1 1 1 1 1 1 1 1
1 1 1 1 1 1 1 1 0 1 0 1 1 1 1 1 1 1 1 1 1 1 1 1 1 1 1 1 1 1 1 1 1 1 1 1 1 1 1 1 1 1 1 1 1 0 1 1 1 1 1 1 1 1 1 1 1 1 0 1 1 1 1 1
1 1 1 1 1 1 1 1 1 1 1 0 1 1 1 1 1 0 1 0 1 1 1 1 1 1 1 1 1 1 1 1 1 1 1 1 0 1 1 1 1 1 1 1 1 1 1 1 1 1 1 1 1 1 1 1 1 1 1 1 1 1 0 1
1 1 1 1 1 1 1 1 1 1 1 1 0 1 1 1 1 1 1 1 1 1 1 1 1 1 1 1 1 1 1 1 1 1 1 1 1 1 1 1 1 1 1 1 1 1 1 1 1 1 1 1 1 1 1 1 1 1 1 1 1 1 1 1
1 1 1 1 1 1 1 0 1 1 1 1 1 0 1 1 1 1 1 1 1 1 1 1 1 1 1 1 1 1 1 1 1 1 1 1 1 1 1 1 1 1 1 1 1 1 0 1 1 1 1 1 1 1 1 1 1 1 1 1 1 1 1 1
1 1 1 1 1 1 1 1 1 1 1 1 1 1 0 1 1 1 1 1 1 1 1 0 1 1 1 1 1 1 1 1 1 1 1 1 1 1 1 1 1 0 1 1 1 1 1 1 1 1 1 1 1 1 1 1 1 0 1 1 1 1 1 1
1 1 1 1 1 1 1 1 1 1 1 1 1 1 1 0 0 1 1 1 1 1 1 1 1 1 0 1 1 1 1 1 1 1 1 1 1 1 1 1 1 1 1 1 1 1 1 1 1 1 1 1 1 1 1 1 1 1 1 1 1 0 1 1
1 1 1 1 1 1 1 0 1 1 1 1 1 1 1 0 0 1 1 1 1 1 1 1 1 0 1 1 1 1 1 1 1 1 1 1 0 1 1 1 1 1 1 1 1 1 1 1 0 1 1 1 1 1 1 1 0 1 1 1 1 1 1 1
1 1 1 1 1 1 1 1 1 1 1 0 1 1 1 1 1 0 1 1 1 1 1 1 1 1 1 1 1 1 1 1 1 1 1 0 1 1 1 1 1 1 1 1 1 1 1 1 1 1 0 1 1 1 1 1 1 1 1 1 1 1 1 1
1 1 1 1 1 1 1 1 1 1 1 1 1 1 1 1 1 1 0 1 1 1 1 1 1 1 1 1 1 1 1 1 1 1 1 1 1 1 1 1 1 1 1 1 1 1 1 1 1 1 0 1 1 1 1 1 1 1 1 1 1 1 1 1
1 1 1 1 1 1 1 1 1 1 1 0 1 1 1 1 1 1 1 0 1 1 1 1 1 1 1 1 1 1 1 1 1 1 1 1 1 1 1 1 1 1 1 1 1 1 1 1 1 1 1 1 1 1 1 0 1 1 1 0 1 1 1 1
1 1 1 1 1 0 1 1 1 1 1 1 1 1 1 1 1 1 1 1 0 1 1 1 1 1 1 1 1 1 1 1 1 1 1 1 1 1 1 1 1 1 1 1 1 1 1 1 1 1 0 1 1 1 1 1 1 1 1 1 1 1 1 1
1 1 1 1 0 1 1 1 1 1 1 1 1 1 1 1 1 1 1 1 1 0 1 1 1 1 1 1 1 1 1 1 1 1 1 0 1 1 1 1 1 1 1 1 1 1 1 1 1 1 1 0 0 0 1 1 1 1 1 1 1 1 1 1
1 1 1 1 1 1 1 1 1 1 1 1 1 1 1 1 1 1 1 1 1 1 0 1 1 1 1 1 1 1 1 1 1 1 1 1 1 1 1 1 1 1 1 1 1 1 1 1 1 1 1 1 1 1 1 1 1 1 1 1 1 1 1 1
1 0 1 1 0 1 1 1 1 1 1 1 1 1 0 1 1 1 1 1 1 1 1 0 1 1 1 1 1 1 1 1 1 1 1 1 1 1 1 1 0 1 1 1 1 1 1 1 1 1 0 1 1 1 1 1 1 1 1 1 1 1 1 1
1 1 1 1 1 1 1 1 1 1 1 1 1 1 1 1 1 1 1 1 1 1 1 1 0 1 1 1 1 1 1 1 1 1 1 1 1 1 1 1 1 1 1 1 1 1 1 1 1 1 1 0 1 1 1 1 1 1 1 1 1 1 1 1
0 1 1 1 1 0 1 1 1 1 1 1 1 1 1 1 0 1 1 1 1 1 1 1 1 0 1 1 1 1 1 1 1 1 1 1 1 1 1 1 1 1 1 1 1 1 1 1 1 1 1 1 1 1 1 1 1 1 1 1 1 1 1 1
1 1 1 1 1 1 1 1 1 1 1 1 1 1 1 0 1 1 1 1 1 1 1 1 1 1 0 1 0 1 1 1 0 0 1 1 1 1 1 1 1 1 1 1 1 1 1 1 1 1 1 1 1 1 1 1 1 1 1 1 0 1 1 1
1 1 1 1 1 1 1 1 1 1 1 1 1 1 1 1 1 1 1 1 1 1 1 1 1 1 1 0 1 0 1 1 0 1 1 1 1 1 1 1 1 1 1 1 1 1 1 0 1 1 1 1 1 1 1 1 1 1 1 1 0 1 1 1
1 1 1 1 1 1 1 0 1 1 1 1 1 1 1 1 1 1 1 1 1 1 1 1 1 1 0 1 0 1 1 1 1 1 1 1 1 1 1 1 1 1 1 1 1 1 1 1 1 1 0 1 1 1 1 1 1 1 1 1 1 1 1 1
1 1 1 0 1 1 1 1 1 1 1 1 1 1 1 1 1 1 1 1 1 1 1 1 1 1 1 0 1 0 1 1 0 0 1 1 1 1 1 1 1 1 1 1 1 1 0 1 1 1 1 1 1 1 1 1 1 1 1 1 1 1 1 1
1 1 1 1 1 1 1 1 1 1 1 1 1 1 1 1 1 1 1 1 1 1 1 1 1 1 1 1 1 1 0 1 1 1 1 1 1 1 1 1 1 1 1 1 1 1 1 1 1 1 1 1 1 1 1 1 1 1 1 1 1 1 1 1
1 1 1 1 1 1 1 1 1 1 1 1 1 1 1 1 1 1 1 1 1 1 1 1 1 1 1 1 1 1 1 0 1 1 1 0 1 1 1 1 1 1 1 1 1 1 1 1 1 0 1 1 1 1 1 1 1 1 1 1 1 1 1 1
0 1 1 1 1 1 1 0 1 1 1 1 1 1 1 1 1 1 1 1 1 1 1 1 1 1 0 0 1 0 1 1 0 1 1 1 1 1 1 1 1 1 1 1 1 1 1 1 1 1 1 1 1 1 1 1 1 1 1 1 1 1 1 1
1 1 1 1 1 1 0 1 1 1 1 1 1 1 1 1 1 1 1 1 1 1 1 1 1 1 0 1 1 0 1 1 1 0 1 1 0 1 1 1 1 1 1 1 0 1 1 1 1 1 1 1 1 1 1 0 1 1 1 1 1 1 0 0
1 1 1 1 1 1 1 1 1 1 1 1 1 1 1 1 1 1 1 1 1 1 1 1 1 1 1 1 1 1 1 1 1 1 0 1 1 1 1 1 1 1 1 1 1 1 1 0 1 1 1 1 1 1 1 1 1 1 1 0 1 1 1 1
1 1 0 1 1 1 1 1 1 1 1 1 1 1 1 1 1 0 1 1 1 0 1 1 1 1 1 1 1 1 1 0 1 1 1 0 1 1 1 1 1 1 1 1 1 1 1 1 1 1 1 1 1 0 1 1 1 1 1 1 1 1 1 1
0 1 1 1 1 1 1 0 1 1 1 0 1 1 1 1 0 1 1 1 1 1 1 1 1 1 1 1 1 1 1 1 1 0 1 1 0 1 1 1 1 1 0 1 1 1 1 1 1 1 1 1 1 1 1 1 1 1 1 1 1 1 1 1
1 1 1 1 1 1 1 1 1 0 1 1 1 1 1 1 1 1 1 1 1 1 1 1 1 1 1 1 1 1 1 1 1 1 1 1 1 0 1 1 1 1 1 1 1 1 1 1 1 1 1 1 1 1 1 1 1 1 1 1 1 1 1 1
1 1 1 1 1 1 1 1 1 1 1 1 1 1 1 1 1 1 1 1 1 1 1 1 1 1 1 1 1 1 1 1 1 1 1 1 1 1 0 1 1 1 1 1 1 1 1 1 1 1 1 1 1 1 1 1 1 1 1 1 1 1 0 1
1 1 1 1 1 1 1 1 1 1 1 1 1 1 1 1 1 1 1 1 1 1 1 1 1 1 1 1 1 1 1 1 1 1 1 1 1 1 1 0 1 1 1 1 1 1 1 1 1 1 1 1 1 1 1 1 1 1 1 1 1 1 1 1
1 0 1 1 1 1 1 1 1 1 1 1 1 1 1 1 1 1 1 1 1 1 1 0 1 1 1 1 1 1 1 1 1 1 1 1 1 1 1 1 0 1 1 1 1 1 1 1 1 1 1 1 1 1 1 1 1 1 1 1 1 1 1 1
1 1 1 1 1 1 1 1 1 1 1 1 1 1 0 1 1 1 1 1 1 1 1 1 1 1 1 1 1 1 1 1 1 1 1 1 1 1 1 1 1 0 1 1 1 1 1 1 1 1 1 1 1 1 1 1 1 1 1 1 1 1 1 1
1 1 1 0 1 1 1 1 1 1 1 1 1 1 1 1 1 1 1 1 1 1 1 1 1 1 1 1 1 1 1 1 1 1 1 1 0 1 1 1 1 1 0 1 1 1 1 1 1 1 0 1 1 1 1 1 1 1 1 1 1 1 1 1
1 1 1 1 1 1 1 1 1 1 1 1 1 1 1 1 1 1 1 1 1 1 1 1 1 1 1 1 1 1 1 1 1 1 1 1 1 1 1 1 1 1 1 0 0 0 1 1 1 1 1 1 1 1 1 1 1 1 1 1 1 1 1 1
1 1 1 1 1 1 1 1 1 1 1 1 1 1 1 1 1 1 1 1 1 1 1 1 1 1 1 1 1 1 1 1 1 0 1 1 1 1 1 1 1 1 1 0 0 1 1 1 1 1 1 1 1 1 1 1 1 1 1 1 1 1 1 1
1 1 0 1 1 1 1 1 1 1 0 1 1 1 1 1 1 1 1 1 1 1 1 1 1 1 1 1 1 1 1 1 1 1 1 1 1 1 1 1 1 1 1 0 1 0 1 1 1 1 1 1 1 1 1 1 1 1 1 1 1 0 1 1
1 1 1 1 1 1 1 0 1 1 1 1 1 0 1 1 1 1 1 1 1 1 1 1 1 1 1 1 1 0 1 1 1 1 1 1 1 1 1 1 1 1 1 1 1 1 0 1 1 1 1 1 1 1 1 1 1 1 1 1 1 1 1 1
1 1 1 1 1 1 1 1 1 1 1 1 1 1 1 1 1 1 1 1 1 1 1 1 1 1 1 0 1 1 1 1 1 1 0 1 1 1 1 1 1 1 1 1 1 1 1 0 1 1 1 1 0 1 1 1 1 1 1 1 1 1 1 1
1 1 1 1 1 1 1 0 0 1 1 1 1 1 1 1 0 1 1 1 1 1 1 1 1 1 1 1 1 1 1 1 1 1 1 1 1 1 1 1 1 1 1 1 1 1 1 1 0 1 1 1 1 1 1 1 1 1 1 1 1 1 1 1
1 1 1 1 1 1 1 1 1 1 1 1 1 1 1 1 1 1 1 1 1 1 1 1 1 1 1 1 1 1 1 0 1 1 1 1 1 1 1 1 1 1 1 1 1 1 1 1 1 0 1 1 1 1 1 1 1 1 0 1 1 1 1 1
1 1 1 1 1 1 1 1 1 1 1 1 1 1 1 1 1 0 0 1 0 1 1 0 1 1 1 1 0 1 1 1 1 1 1 1 1 1 1 1 1 1 0 1 1 1 1 1 1 1 0 0 1 1 1 1 1 1 1 1 1 1 1 1
1 1 1 1 1 1 1 1 1 1 1 1 1 1 1 1 1 1 1 1 1 0 1 1 0 1 1 1 1 1 1 1 1 1 1 1 1 1 1 1 1 1 1 1 1 1 1 1 1 1 0 0 0 1 1 1 1 1 1 1 1 1 1 1
1 1 1 1 1 1 1 1 1 1 1 1 1 1 1 1 1 1 1 1 1 0 1 1 1 1 1 1 1 1 1 1 1 1 1 1 1 1 1 1 1 1 1 1 1 1 1 0 1 1 1 0 0 0 1 1 1 1 1 1 1 1 1 1
1 1 1 1 0 1 1 1 1 1 1 1 1 1 1 1 1 1 1 1 1 0 1 1 1 1 1 1 1 1 1 1 1 1 1 0 1 1 1 1 1 1 1 1 1 1 1 1 1 1 1 1 0 0 1 1 1 1 1 1 1 1 1 1
1 1 1 1 1 1 1 1 1 1 1 1 1 1 1 1 1 1 1 1 1 1 1 1 1 1 1 1 1 1 1 1 1 1 1 1 1 1 1 1 1 1 1 1 1 1 1 1 1 1 1 1 1 1 0 1 1 1 1 1 1 1 1 1
1 1 1 1 1 1 0 1 1 1 1 1 1 1 1 1 1 1 1 0 1 1 1 1 1 1 1 1 1 1 1 1 1 0 1 1 1 1 1 1 1 1 1 1 1 1 1 1 1 1 1 1 1 1 1 0 1 1 1 1 1 1 1 1
1 1 1 1 1 1 1 1 1 1 1 1 1 1 1 1 0 1 1 1 1 1 1 1 1 1 1 1 1 1 1 1 1 1 1 1 1 1 1 1 1 1 1 1 1 1 1 1 1 1 1 1 1 1 1 1 0 1 1 1 1 1 1 1
1 1 1 1 1 1 1 1 1 1 1 1 1 1 0 1 1 1 1 1 1 1 1 1 1 1 1 1 1 1 1 1 1 1 1 1 1 1 1 1 1 1 1 1 1 1 1 1 1 1 1 1 1 1 1 1 1 0 1 1 1 1 1 1
1 1 1 0 1 1 1 0 1 1 0 1 1 1 1 1 1 1 1 1 1 1 1 1 1 1 1 1 1 1 1 1 1 1 1 1 1 1 1 1 1 1 1 1 1 1 1 1 1 0 1 1 1 1 1 1 1 1 0 0 1 1 1 1
1 1 1 1 1 1 1 1 1 1 1 1 1 1 1 1 1 1 1 0 1 1 1 1 1 1 1 1 1 1 1 1 1 1 0 1 1 1 1 1 1 1 1 1 1 1 1 1 1 1 1 1 1 1 1 1 1 1 0 0 1 1 1 1
1 0 1 1 1 1 1 1 1 1 1 1 1 1 1 1 1 1 1 1 1 1 1 1 1 1 0 0 1 1 1 1 1 1 1 1 1 1 1 1 1 1 1 1 1 1 1 1 1 1 1 1 1 1 1 1 1 1 1 1 0 1 1 1
1 1 1 1 1 1 0 1 1 1 1 1 1 1 1 0 1 1 1 1 1 1 1 1 1 1 1 1 1 1 1 1 1 1 1 1 1 1 1 1 1 1 1 1 1 0 1 1 1 1 1 1 1 1 1 1 1 1 1 1 1 0 1 0
1 1 0 1 1 1 1 1 1 1 1 0 1 1 1 1 1 1 1 1 1 1 1 1 1 1 1 1 1 1 1 1 1 0 1 1 1 1 0 1 1 1 1 1 1 1 1 1 1 1 1 1 1 1 1 1 1 1 1 1 1 1 0 1
1 1 0 1 1 1 1 1 1 1 1 1 1 1 1 1 1 1 1 1 1 1 1 1 1 1 1 1 1 1 1 1 1 0 1 1 1 1 1 1 1 1 1 1 1 1 1 1 1 1 1 1 1 1 1 1 1 1 1 1 1 0 1 0
41928 98011 40442 77899 38518 23376 66965 70544 73101 71677 15581 77929 41877 77432 15454 96758 78562 38466 40373 49735 43327 81992 55775 31111 84924 2745 16172 52912 88042 34388 96862 58957 89545 97519 3781 86685 84689 28089 33201 38131 10163 56775 13804 46506 85845 23237 10220 28764 162 62728 25742 48050 97946 30793 67172 21553 32607 64499 26372 52881 87596 53978 18063 46410 25808 78686 40969 2096 79705 28748 33972 21817 51072 86246 25206 83209 81261 29750 94395 3065 56840 13965 28166 11017 67593 22472 97881 72563 64442 75662 8314 98758 96572 82975 23906 48905 26714 24332 45244 15153 15895 4162 69209 18863 79253 86263 39134 60795 63033 55190 38739 15384 64442 6439 18643 14664 66693 85969 23118 57144 68286 1154 3326 89066 68175 2078 45110 7611
60510 85390 68624 72239 63629 9272 82686 77803 15708 17270 27272 2969 17869 36502 95711 14198 16820 61171 18287 40213 23619 13738 81405 20025 45402 66522 63345 53416 47278 70139 21877 54049 12216 37672 92505 13557 16425 76238 72938 19699 46782 71395 87705 78705 28733 2081 11593 94112 40601 66305 25582 94729 96419 72508 25245 40729 16275 23660 9531 60036 70745 52693 3951 59937 29740 43192 36778 94187 69185 47699 72959 37949 6217 29781 1042 26747 19994 84099 67128 8794 31510 11145 82810 41415 78160 25451 34806 63168 83793 88069 72819 73729 7265 81260 94148 31050 91689 91575 8591 36220 66169 16168 51755 19846 45952 91112 26695 75571 42028 47327 82827 56699 11455 9114 23299 36559 59400 63919 62805 55363 7198 97745 18942 556 7685 26062 48465 15748
35066 99115 59848 68231 57440 11255 99147 53294 9419 98928 69926 65707 21023 36035 3551 23827 13714 50465 5956 17885 30848 25853 72672 47587 44678 52815 49960 3520 6702 88754 97710 12565 32446 53765 60951 88551 56773 62373 27828 48213 90920 78395 58641 88712 51911 78038 64072 62357 99911 93035 6211 12540 96062 66321 13054 64190 59839 33050 22871 4067 38845 17213 95453 25383 28079 43316 22983 35352 58823 11742 77565 82998 25881 63268 66820 20366 9312 98722 13842 15821 70073 15191 29896 76300 33068 96670 81908 4280 29482 15968 19343 7907 74178 9899 2922 33364 16768 68207 39558 57479 24530 27556 42597 3559 26602 1291 73087 61689 45966 79419 20679 93339 72271 20046 79107 79527 26718 77298 76659 69035 82421 43630 16093 64229 419 20005 42489 59595
32246 94671 17612 99204 37392 59370 83138 6420 58089 12206 60817 95813 33721 13270 13202 40513 36900 57880 15576 57545 27394 28383 31022 58686 98308 89351 53525 48908 75431 76307 89419 81698 93931 28969 29673 56437 37944 23228 20851 4779 74403 66553 54288 96618 26837 8122 1025 77656 34177 45784 64061 93003 64928 39242 26432 31057 13355 35853 89129 53697 96621 92034 91165 65798 11834 96567 43896 59711 94749 62150 50196 92462 30638 79936 41021 47942 50052 41884 82908 67966 80977 9911 57599 31147 66240 41916 50863 18492 23011 99749 90748 83024 39365 86867 27751 85834 83305 57738 19005 72617 63473 95237 53313 12812 87557 36152 14678 42710 46344 54621 96416 53887 45508 1024 84805 62676 28571 3178 48077 29230 53620 48704 61818 44908 29856 59369 15132 61155
84470 4983 52679 46023 67340 5139 12807 67597 25011 61271 27363 58052 11498 1774 86701 86823 48471 94961 67104 91973 76413 91565 24531 35051 13197 88077 80273 65783 33636 28489 47527 89287 7249 85587 62679 24436 67902 89815 1516 82391 60192 72898 48020 37890 43097 1484 61033 82316 73209 6701 66876 48000 93482 5912 75378 26022 8199 4792 38890 70095 12327 91599 80387 80106 32909 61987 21953 64817 36019 44840 70795 7944 80578 63642 95660 65765 87297 69533 84518 56321 79360 19814 4087 46423 95534 24545 54274 89122 93254 95908 13576 91122 72656 48318 3726 13936 20778 83424 31051 75592 48442 85637 11543 5385 27118 45129 2550 64214 47307 96311 46045 32446 74703 25393 5246 34638 69795 40235 78511 21868 71885 11158 92932 7745 31449 26008 87174 47547
79997 35527 462 17850 59770 58111 96926 20969 71934 71236 88703 78933 45808 4169 62003 37984 21155 69723 58130 84789 3820 43796 62156 88069 82622 17809 10491 68045 76335 70093 86610 64583 22026 56869 42092 93143 13075 75478 17908 95352 86283 40310 62596 94208 57222 92891 59320 25214 34928 71137 58997 85770 48853 6171 28095 40107 11852 46563 88784 36655 3419 64699 72883 51944 53696 83215 9769 64733 16829 27657 99682 98529 88163 27905 46873 70901 50261 33975 32240 98984 39389 37326 65361 54646 22991 72499 81014 58387 58287 49396 28467 51190 48038 1927 729 39291 74496 19992 66154 77152 68258 80525 59330 47489 70333 72776 64654 54382 94234 9899 34876 38318 11186 61456 50895 4183 64706 78598 94302 26550 20454 13298 73819 21607 74586 61035 48683 81315
74789 11900 82775 36353 31714 97654 15420 39315 52881 41793 36616 80581 32231 14730 32564 96698 70097 18183 40532 53733 89808 68882 47388 73262 60660 42300 32157 29596 16693 59306 37003 88016 82737 29766 66271 82694 75431 33649 75520 81055 88368 2087 88624 23122 68782 38550 16994 64360 34944 69757 29982 67115 35410 96547 47 21265 68719 16447 52810 21670 23762 12959 89784 31908 36481 89795 52509 1541 14773 26343 3322 90886 76614 21996 27100 2095 80473 64870 30996 18240 90093 79397 80747 76487 90527 46315 71279 11859 19709 85937 4987 4375 34606 22148 50048 9852 33449 87022 21265 8259 60724 73176 41602 27063 91388 93520 47668 99651 84645 70104 54856 31824 63916 97807 45158 34662 89591 3513 83754 9731 11498 9051 60806 57092 35946 19581 42364 19202
95349 82204 72757 14112 83569 16586 75169 92421 97768 20115 7155 45320 78800 92879 10190 21120 55774 89988 94904 64315 83146 32283 3762 97517 93961 75268 70450 76433 578 32551 44467 29696 65990 22044 99608 67459 87557 78283 46523 9604 81363 26060 49908 81283 51208 48543 92891 94208 51245 32483 74292 39892 78546 69022 34027 57374 11729 15514 30606 77481 54527 52242 28988 36964 24671 2473 9049 93177 56810 76809 5955 81333 39344 74794 51566 58003 36249 12046 26587 81048 42260 38951 49955 84155 45753 61246 53108 26999 89077 17547 90472 41816 95788 50119 42833 55874 78167 38556 89380 99389 20460 23237 54480 37163 28861 25619 25575 85450 83204 23982 18205 83389 83078 54483 7797 64606 7479 380 29568 20977 92325 50446 39137 12610 35978 10018 85720 29789
19884 70152 66811 3376 21407 16769 41812 94481 61761 45928 13631 12634 6553 75804 32543 73662 15500 99362 12224 23904 40785 90604 70411 41918 52736 59744 59814 86273 27456 35185 38990 47196 90047 9555 4524 14155 74399 38509 52723 98877 82246 18498 90056 92944 70794 28949 17177 47406 32717 63553 54726 49157 57346 62507 56720 75991 68426 50023 31521 58391 41679 28960 95029 40645 91774 21230 80902 58370 56617 42074 44402 41778 36577 26068 11259 37452 56104 41163 59129 86401 85569 17382 71277 30006 41400 44532 63598 24771 30819 25527 86198 98150 28930 51341 94985 56337 65733 9189 72435 50471 78313 46995 18895 63055 84214 97964 40778 33155 56636 41387 94703 57311 70582 83204 59335 16302 47227 93624 42874 15979 30708 86943 29183 3458 25000 29697 75558 9833
47451 10312 76093 15043 45092 93482 68421 96301 2082 86413 67684 66614 84820 19894 60287 39729 26552 24803 70326 79251 4733 41265 76960 55766 10034 46812 18932 20515 46998 68370 63353 59604 78994 51457 46918 74217 5489 97925 57057 93430 71998 9312 28019 28520 89711 26199 21183 90879 70565 55436 66515 8081 56817 23060 62020 25938 16902 80431 26749 95617 45411 23485 59355 62754 85969 66870 84026 92084 11658 11687 45579 33625 60632 58881 78402 10713 62247 79796 24602 31836 84478 44880 62849 93888 53144 39613 44654 58500 12685 11214 48509 49189 36283 46825 31175 74555 13608 69962 72775 12954 74254 43938 99338 26599 3531 46435 22620 22061 68976 15711 51896 69199 78456 42801 69909 61650 14895 462 59314 20314 86287 72440 81649 92306 74083 51442 61607 25251
49967 39995 98892 75406 69266 40121 83095 72607 15882 1695 50812 83501 4964 30323 72708 50512 68676 34125 25024 92976 92345 53696 54664 29305 34433 84325 15696 53250 84150 49133 61544 24185 34597 87571 25433 38577 4243 51528 45999 38987 98670 88906 49045 75691 25091 72819 89598 11484 50432 63099 20379 96361 56898 67325 41550 76419 73562 48155 75425 47902 13723 75356 64412 40111 38783 3305 61159 40612 4369 79098 22207 81378 69487 85481 67679 39425 70580 26461 7126 22877 42618 2939 13804 29576 31397 87470 69838 39905 44114 69751 93624 57476 5901 28167 23726 38816 85045 27385 24260 49114 48048 39006 857 51231 26116 83507 58095 41180 49684 47379 43774 3044 45393 6625 22517 40645 33106 88976 67655 34220 95154 84663 81460 19982 87893 23380 43204 33200
66163 62222 32502 61818 63771 19533 28973 49770 24910 92896 18767 83107 82815 60330 25192 81813 23539 47230 25689 99965 80919 18954 60486 1762 35974 72091 78355 81181 90875 9651 95076 73951 65505 27179 64842 63855 43831 56434 80979 98918 40587 78824 32729 1081 27302 32084 6674 2514 16425 78254 37621 6419 20088 63672 28086 30150 50348 23405 37312 4592 57137 70955 43557 71226 95555 24427 16798 27845 51969 52575 9970 60276 33533 83455 69791 9318 28838 89247 11375 76479 6016 74212 17431 27512 34526 87947 66113 68538 65643 17475 94871 77158 60116 68986 23184 73700 26911 85690 42430 43917 70720 40467 10360 21468 48151 13584 88034 89862 89727 95114 6506 69676 81091 96759 83104 73545 39785 68313 35836 70167 97244 75888 35755 26330 34139 94215 29883 20786
46624 58445 37413 26247 89581 44702 95890 92343 26507 2727 93987 76674 86012 12689 9120 89062 85536 6472 29949 28388 38817 42745 44829 10782 98634 31756 72945 76521 96022 24484 64826 99168 52149 39755 74667 99612 78564 35937 98311 62148 83043 5319 2669 16728 82808 45675 5442 5971 67224 26038 55311 2932 54251 5934 45618 77666 77250 63426 3289 85499 14191 6737 16344 17516 40058 5737 77557 87883 93336 14810 43609 81688 40343 80668 48806 75088 54936 87469 7797 86602 35759 85158 59545 75627 47872 61679 42426 49325 76340 76260 40325 91983 91595 16906 63273 14788 57562 55118 89579 34937 81053 78180 56456 6801 29303 43923 33459 71140 9634 71925 36271 86614 30113 70061 92806 98129 16047 83684 60029 83932 63926 7173 75146 7667 45170 32173 51404 60645
46027 41687 19812 14890 43183 30254 70287 41594 49842 2102 1448 58469 52798 84115 12163 95949 66523 16058 58042 65019 86460 82394 85642 89624 66978 55886 18153 57218 96213 5742 20403 49398 58171 35412 71767 41715 83010 64255 58070 39797 81179 35233 77486 87201 17279 2379 88395 46187 82530 73708 91455 84063 89172 31649 39009 98988 36251 30331 57482 41109 94529 84632 16230 1652 15872 52278 28622 57159 54667 16705 72013 45475 46710 87787 69161 61719 33353 45316 43480 17020 22889 94373 7255 44969 42717 72450 75239 65005 51692 77880 30754 83841 55306 60379 53789 42392 97248 82723 56822 50636 46832 98877 54296 86467 48721 26930 60051 18701 59253 14938 21486 2963 79759 34453 35195 86525 43181 7765 82906 38703 93152 67253 99326 96270 93850 12237 2218 85070
5695 9672 38867 12138 52781 19557 73192 47930 35794 90048 7249 48307 62136 90159 96476 80702 19754 60944 67809 17022 56394 81943 44306 41174 88568 49769 24151 47039 29531 6360 29882 34262 15471 75046 30956 83011 3573 31292 1964 36150 99203 8709 9846 66110 4588 78731 55582 52324 80905 23347 25694 48160 86156 37891 34498 26675 49822 59655 32305 93470 11408 19165 80193 94022 36792 71418 75535 83526 10368 9641 87126 76205 35161 66640 73148 14677 69466 52523 63984 96785 87743 14410 17014 88710 78246 88438 30847 94004 60528 65558 22322 85708 84876 18430 53093 22214 35407 14207 43246 24276 4572 70163 54191 27348 87553 60370 70495 8681 18515 82843 79856 47461 26342 33600 20798 95880 50709 28718 91834 14947 50087 47599 20707 59741 80348 28452 55504 22160
64269 41963 52502 61943 65532 99318 45025 3947 60130 3776 71387 26003 50311 47501 89442 75276 19977 29550 89208 82053 61423 57986 60021 80982 94884 84779 32607 13190 30481 99043 35537 32926 46786 87962 3393 17412 51864 80331 88554 90152 43657 64861 67134 59221 75463 77943 61186 58765 69980 7868 6405 92406 91637 27727 86540 43399 70417 9738 41238 12363 58396 76174 6732 48893 25297 33045 6163 1293 46256 20813 61303 47298 75746 95810 27062 2122 52118 51691 26366 64650 46253 46105 17761 30655 57895 65075 9882 36425 45167 69971 84423 97680 64320 60683 81461 94289 88158 61830 20331 62150 12040 77357 74443 55155 83303 30291 66703 66379 3581 16545 66015 3657 34006 77612 92329 75064 51976 85695 56441 57476 27761 63512 25473 89057 77554 14308 45835 61210
47995 81303 6863 30975 8952 76894 86589 50041 51053 89193 32967 5438 11140 20189 48242 21391 17594 79279 576 46214 5123 8463 31001 24950 64188 93923 61454 38453 91544 8771 99841 34689 53975 46549 94298 30639 24693 22985 56012 74855 6056 83868 73178 99682 16605 19841 77425 70781 79421 68953 52440 63430 9257 79408 62972 74912 76268 18467 30585 71987 14389 1199 24347 55189 56236 61618 41302 41461 51364 17465 49990 8371 48303 90777 46643 49039 87817 12175 28227 24379 7300 84374 7790 16519 68964 67589 43491 93398 6536 60100 79994 85882 91973 27424 64837 81457 18810 68436 63131 22790 99544 40612 26305 47075 30696 708 34230 23248 23937 23658 41977 74888 29451 98898 4503 32291 10438 77363 84886 57428 80467 18834 87656 34765 61750 13172 32256 18579
71737 13050 22060 71262 96025 98845 79106 13175 21319 38880 36483 19231 57765 95254 46802 21497 49716 75416 12190 31383 56798 73443 2277 67934 54069 42723 73255 37787 97372 57279 83990 52781 7636 77590 59867 6621 62468 45512 74493 68722 25191 26038 37684 83008 77616 8789 89523 99608 84455 75505 33620 75079 41478 17132 86248 88086 15908 5074 8107 91458 65931 71833 71030 79652 56520 9869 13787 42942 82971 11599 90868 23592 26276 61327 21220 22671 71394 40382 29185 57198 49649 89247 15728 24452 23459 8620 76054 44524 5165 7006 2716 16766 48219 61279 55164 52086 41469 50123 53969 61320 58346 69183 2694 66404 89807 88680 35032 43312 22030 59878 32147 1336 74032 51568 11711 2004 54974 6558 78056 52115 39500 16738 59470 30459 61097 46359 15264 23495
13067 48712 39569 51637 58290 63185 11158 14524 55190 63665 10627 27055 9720 71933 16495 76403 56401 72099 99573 44149 31405 98064 7781 81315 52039 53263 52336 21914 95191 31138 84002 51383 88215 3500 94101 64678 16388 30665 46015 72792 30475 54313 96322 54131 96780 35312 94557 48738 4777 61336 11449 90846 3180 24215 72611 5584 29889 83490 25574 39113 31837 84628 14795 99083 43267 21059 37351 29173 34215 11596 11814 79277 10890 97490 60013 5878 57061 38199 52970 63867 61047 59717 23789 310 2296 42433 38726 2394 3966 89574 20708 13943 83361 95170 56783 6020 66478 9667 82064 64839 59647 50247 67598 32346 31925 61896 48917 83889 56360 46614 49443 7701 33623 54992 61248 79320 71138 6806 84302 2112 23425 14647 30440 84447 30260 47219 56768 29312
65324 18614 97174 12370 881 55892 76501 97696 47810 46818 2290 19293 28499 48264 13693 28336 64058 92448 79954 73087 66138 7544 97199 31559 7332 53528 38321 15301 13888 9011 12543 25351 73551 4807 58725 22710 49522 18025 72370 26557 88806 16809 59576 46775 50859 69559 94926 65877 36014 52006 27657 65773 28183 96874 24890 36267 22931 27579 11135 20929 14229 29949 422 8745 10721 249 56217 63303 77756 61814 65646 55616 33332 37783 35962 82867 25507 28249 3611 90281 63552 50191 10430 93261 68641 42977 14433 16900 89805 22012 7129 27498 43992 57397 78285 72008 24940 24798 17999 61110 44655 5441 9851 99882 71201 86322 82508 7179 16675 44975 29658 49977 61305 70730 97245 10324 44231 89125 14928 54317 49325 74519 76051 43766 75589 41360 78580 18554
63279 23812 78971 2193 51907 58219 72996 80311 37860 10743 56956 58914 9478 67141 74496 11108 65716 62284 79030 80117 78268 82625 39090 96924 88801 82460 51675 7554 39911 52790 10510 74198 42912 99400 54804 43304 4825 89710 39156 89211 41736 34223 27709 41380 51648 95284 74203 12290 27391 46686 33505 19661 29737 15316 99575 47111 89941 23316 76158 46310 72983 20368 36015 18735 40846 15152 96627 45514 67866 29864 57043 99915 85333 47290 29903 60617 4229 90446 88647 11347 37655 16079 22602 39835 38938 5091 7674 67941 79872 24019 57440 25535 27923 81827 88945 29907 53093 74916 24352 83625 61814 78343 13410 55260 80109 82396 53662 33914 82031 96372 39801 83041 20135 23946 90948 87845 85311 97020 74651 95063 68788 90971 83530 42762 2872 41412 92024 82246
97342 52803 72699 16384 86969 47995 67351 1824 40663 71763 36694 75738 95168 55667 73696 38786 22523 8722 42589 59437 32539 14477 45623 57373 99513 47812 11078 2913 25004 956 74741 89302 44018 1788 49095 75892 3375 92342 54942 83546 52626 47346 33312 55130 24906 6313 67366 84194 63025 935 29635 5040 74125 1031 64670 96930 12732 58704 70028 6767 93248 29317 56815 23889 30438 17122 3704 2941 2948 67472 19395 23574 10341 60401 28946 36611 12515 22431 90180 85050 22419 30833 45607 9468 78457 98743 68368 56814 69960 84768 62835 19804 15120 78032 16440 29264 14939 18806 59198 21328 82954 3512 43176 80223 35327 40269 33077 88437 83770 31393 37618 9537 21433 62580 91883 34192 51140 6625 94421 92005 54851 1764 21123 59214 50184 30478 11542 46243
8362 85679 59946 38650 99413 52534 65646 35023 20220 62388 98811 25381 71144 52758 9694 34090 53688 84446 93539 2096 30126 10261 12670 70928 82997 64431 383 35754 46965 16021 4348 205 90911 60477 88304 28467 28074 27110 71899 65141 24004 94030 94170 68603 29310 41549 93906 83169 3298 98667 81374 23679 63116 44300 40348 85305 24912 31584 25743 2160 6354 54629 34540 16062 46151 57153 27886 62216 22177 85693 62834 35576 30401 44371 97129 65190 43296 54803 375 18422 29084 42118 87655 78727 35342 31831 73761 22422 26520 38302 55559 50916 25398 62603 16470 76981 95045 32862 84700 37838 88958 50378 96070 93187 50702 6193 61065 18478 81372 34836 6844 26976 41930 53429 86308 30242 10809 38401 96319 61086 4661 85589 39454 25812 15562 55994 33593 52418
76277 68831 6174 21405 23163 85309 56482 35162 16818 79379 10007 33995 48572 70288 23502 84676 80979 54039 80025 94085 78784 11544 56080 65440 91802 14459 80544 92280 4207 5396 88130 75668 84591 25704 38330 74826 51771 30188 95101 4282 55309 7629 16747 11201 9722 94153 37767 99388 71664 42552 93036 23175 58988 68851 75529 26034 48607 29385 14341 98793 80222 43267 55651 47399 20384 70692 38850 74271 49708 22549 23446 11102 60065 37344 70888 13101 4368 61754 43298 28250 20693 40018 72082 61131 23270 90052 39985 2680 30927 85159 36169 27768 7400 15567 67752 10142 59263 48131 47024 18560 42175 95488 87640 69758 15772 16495 95263 2363 33971 61111 75963 88778 2258 33485 26533 82966 9885 4310 62475 77590 19618 28764 76050 20877 99454 3635 76520 8443
5590 76863 4260 92809 86484 30871 47252 41396 99654 82967 21238 28602 29185 2520 77172 95744 16470 88264 6034 24546 37339 16417 60371 45320 25273 3516 2754 47838 32370 8011 6735 41098 7533 83000 90961 9050 30182 27094 64289 71073 27115 47878 89456 27872 27555 58009 71325 53040 95456 78298 17973 41065 65873 16250 69757 21957 38661 46288 22382 13131 35355 85038 97519 39881 72999 20872 13969 12890 85684 33052 88621 61692 66953 38460 98004 64162 80847 20401 7177 27015 40458 87383 99001 46128 29898 40998 78415 65849 47085 50913 10218 84440 50907 64865 40269 90832 93202 67343 47011 73226 65 11971 9871 89188 48136 77812 29255 63518 49994 57545 29473 42875 78305 72550 92262 1128 20229 65738 82481 99952 47934 34510 80699 36138 38095 40407 25973 40752
4671 21154 33082 55780 60014 5870 29628 11846 45187 14981 22044 26030 48036 77532 73544 89144 17490 52263 45691 85832 21279 86899 68425 52869 17135 13271 32710 15352 99551 86062 79921 80805 43770 63408 41361 70817 29771 51623 20105 525 2756 65114 21748 55648 30945 49775 61619 30061 59180 9330 44486 49382 37805 45231 76977 11428 44432 53905 41170 33642 42600 88971 76475 4859 47027 50547 92990 1687 44756 54885 22887 93180 3848 50137 79878 14880 56363 51284 49605 46020 59092 4597 42239 31824 68074 17201 79447 89384 32153 72634 53003 92930 87646 9776 83163 55832 28940 89173 1953 36927 5426 775 12251 57436 83369 94395 27203 80005 67347 79766 83632 37124 83895 38611 15610 71873 55090 27451 14288 20254 36100 52992 12781 18223 73381 96734 70074 4147
88234 60216 84202 71353 50865 38520 41561 54927 1387 95198 91361 2010 91449 24245 63158 72424 12512 20823 11019 37398 32189 80236 69225 45728 64648 10226 86543 93506 96382 71123 74136 54427 17096 23079 62905 39986 42969 78454 52753 53664 7156 33553 42705 71730 17494 10115 6749 65378 55529 40014 38376 86268 36193 64071 48029 12208 51796 52544 7548 21019 63260 99092 20109 99581 47214 18675 25573 39900 46903 72512 66409 72254 25660 1361 98009 56882 8139 71532 87315 52897 28996 65729 46145 46330 52190 82786 3198 98762 49873 11041 89333 8098 46576 2889 95794 19624 60361 53080 61600 70963 20822 65249 69419 50054 63178 51522 99123 8753 12107 47306 46714 36479 97184 94683 12266 84453 88409 45473 70446 10370 1157 97912 53366 35742 10733 56316 34394 35817
20410 27873 52631 85149 29585 39769 41683 40356 9486 67 15845 12899 58260 94433 45513 40943 83371 13941 66779 55024 17011 44917 10763 60606 40594 96185 3880 11666 91929 97431 33866 90052 10798 75998 28084 81609 89738 38853 54316 78298 19316 45284 67450 49581 94370 52887 13390 78140 68648 96389 8027 13469 69974 46836 67500 36581 51241 91380 21822 87603 59294 36713 91675 20424 35990 30401 5925 60400 41288 70102 23856 32315 44219 29719 76020 52250 95494 50844 89630 54264 24065 75621 93442 841 74240 47827 91698 83926 73624 99269 32362 51371 80231 96978 95309 53811 98398 56024 5041 38900 30413 96629 35185 37090 10717 97681 83956 13480 78664 86577 77912 98245 84051 98478 20565 50853 71838 42960 72121 33078 91988 83125 63164 6817 41448 16886 57286 66330
47873 8358 27142 35735 34196 26369 49884 28663 62280 2223 1207 31671 67009 66339 54703 67956 29070 12968 42445 33738 40691 70141 57055 17451 92210 78773 13496 9658 53068 17224 30425 70331 11035 95048 3834 65919 50895 93097 55298 20649 59451 44395 44243 84985 35691 28910 47270 78744 60698 46411 86987 6630 92232 62920 42339 52572 95348 91613 65149 98169 53787 92542 2553 36568 42823 36150 67807 61942 650 383 61875 79798 77174 45965 5122 10333 83823 12526 32037 75710 52534 34271 95871 6471 80334 34041 72402 61989 66741 93829 21567 8485 40271 74281 43965 67896 43937 52478 93269 93394 72593 91106 87200 20393 85676 24724 31492 66544 15382 33403 3337 81156 80108 18938 53257 16742 26093 50240 10317 94190 48023 79028 97701 90846 36810 34299 37367 20087
88641 58654 82629 91203 66778 2211 83621 37640 96914 19120 99265 46049 39672 21630 819 64059 88657 66597 94958 70736 63722 77263 75653 75096 32674 87125 10720 65436 67061 42491 19886 60272 9130 64572 46669 47187 57658 28947 35680 54959 61328 42957 83805 35542 24361 16022 15117 90977 89364 70349 81442 79303 20267 77592 68398 2942 32904 52196 15550 98745 44451 54656 8739 56096 70224 77521 87084 14100 79028 9372 47493 22666 55848 6777 32466 84014 68737 27843 67841 74209 13382 66690 14785 22009 24853 93212 88662 63869 29354 41786 56379 77457 53957 24074 9898 83225 61969 63235 90846 21583 52485 15701 15438 92287 83927 51753 46942 35144 81328 48860 56615 67053 31952 74483 61311 17669 14754 7984 94624 88670 70134 46909 55663 85564 867 50367 40737 70887
75082 59079 18224 76751 29732 46767 25221 21158 52542 58998 31255 81180 81268 42961 3612 31244 73474 60610 46608 39058 48684 84930 76809 43382 49336 8458 74648 97610 8588 95028 27271 36889 43825 63597 19580 72866 42873 67400 42742 596 19364 75176 72526 41139 55487 5234 86407 38731 74740 51462 48143 14208 62479 97441 16319 45176 52816 82275 16747 3188 42140 96780 17203 2315 70185 53738 40227 41338 77876 68138 89056 1487 44385 48054 75612 1051 93029 6448 26348 47223 41749 45975 57932 8080 61950 36316 43673 8513 46031 88942 87910 19429 35609 22863 28095 67042 8129 8324 71605 56876 31467 37572 52726 96821 40339 62360 52832 55568 76579 55836 65824 32891 22177 58961 11615 6961 63261 68483 21567 38714 77880 92625 77081 15589 76444 24710 16927 96123
95066 21461 90060 19324 48315 44310 46796 13151 57005 37844 82157 56944 30166 13278 86970 32738 89736 8370 16136 39838 67323 83249 51406 78853 83685 16101 62132 42965 84869 41866 56428 86886 82419 32556 87463 33225 48392 76263 59009 266 63515 1281 23307 99510 95115 46303 73336 31540 76708 46174 44763 41480 9701 33150 53498 26872 94415 39980 40785 58446 61873 75338 17639 24743 35750 9747 1249 19379 77678 47744 75628 42364 65990 68166 52566 27710 24046 21910 54645 30779 51011 44095 24510 77546 76610 48573 31663 24798 52013 70642 25820 2237 3150 36477 26584 50640 69099 894 47105 4133 85009 65228 25645 22226 34919 35718 80611 33233 63774 47991 45178 63015 55496 86579 19489 93003 97037 42760 42173 30880 5225 84423 87423 71766 47859 78704 98537 71117
89201 9321 3047 15238 43665 22014 41001 76820 89687 14514 19123 42413 46315 94620 25090 36870 66835 62618 50302 5691 44674 16192 22305 90331 48809 93043 18866 39659 47896 86208 78719 25833 86793 69140 89378 55021 6275 86601 40585 46147 62376 36325 92586 35322 3333 38436 99778 15051 61067 21589 914 81769 59700 6241 69143 7386 44685 11648 14136 83758 48103 25025 5278 3513 74930 3321 47906 36224 93036 94474 95973 74509 66115 48923 71833 93213 75019 65022 67323 83728 51847 58250 53006 85196 78468 79504 28799 67495 44697 33046 40951 53592 60717 62681 34289 63458 75988 50333 93041 49871 2677 51983 70817 53887 22395 19514 53225 10659 33879 29387 21221 57929 78483 29278 64403 85473 9644 47275 57445 3460 44787 78782 79282 2317 96156 24900 42812 26292
73325 81589 55903 80227 2403 58708 71379 40464 37554 4356 46472 39944 90656 55061 19915 4821 74669 95838 62288 44233 69201 54168 59702 89715 30060 67133 58382 64462 16548 99033 41111 91775 59870 4496 21512 96129 48996 53234 73580 69902 3865 82597 92367 22089 64971 83098 21753 88523 89438 73829 79485 1908 54030 1594 65516 20936 58209 39773 15048 82780 8818 2889 81305 73654 77232 21152 42207 32407 69763 6439 5984 15826 87913 17747 87009 30092 17529 21126 44565 52077 41485 9428 62228 28888 3220 68197 76526 25783 56423 70051 65135 15086 87189 80026 76049 80910 34092 15826 69495 90521 63425 69057 49384 64328 11065 24275 28523 79874 85575 2838 21528 2831 49700 69056 10323 66473 30723 65098 37270 91172 5918 52182 96774 82702 48167 45218 28354 66037
16775 72856 22482 66511 53860 77497 84584 11289 9456 35246 26430 10089 52569 36852 48346 51155 16542 79283 54451 18503 84712 38316 46049 28433 45440 2065 26569 68098 48826 9135 83901 85851 78844 20725 61960 42269 16360 78443 68828 44601 63420 48704 45879 12420 43887 41913 46814 55681 21545 20397 53965 34920 2737 27393 61863 74902 49737 46431 6196 279 85071 63287 46255 72959 23345 63989 30567 57077 63889 55022 62915 2489 44172 26526 66943 61897 75644 44165 11840 34323 37267 56096 41333 29443 28980 12711 19159 79462 13859 64188 91216 63513 64005 78220 94544 20643 50524 10041 69980 25104 74414 50456 54564 60305 48968 69287 65647 45610 45200 48957 6542 74708 92028 28277 6317 4022 64973 19054 18116 31518 78139 97244 57926 79841 69352 34061 49267 60027
69 23494 3862 68305 1162 25335 56864 51243 52091 16046 21589 92849 57267 45118 88371 84476 25633 10137 61211 92218 47473 81047 60535 23279 54509 28339 86223 63363 30734 18778 24595 67114 12251 81827 87226 50656 48436 26142 83599 75430 64799 77567 17550 40757 15749 98425 56797 97656 95291 11636 33031 34844 56701 68867 62944 25214 99193 85262 92719 76307 44713 20171 3020 66426 54896 37467 19184 95682 63980 53586 58919 26474 38173 94950 94899 24942 47147 38750 35760 72180 98898 29041 12251 36197 76988 81952 90403 73988 66200 9747 89692 84599 8631 28824 58554 69444 19952 99349 63204 475 64522 67932 63420 95779 43041 14946 22816 49513 34338 26173 51306 98992 35243 92657 85227 2359 65106 98292 79235 1563 87719 20396 62178 31417 4558 18658 60025 26817
78394 45801 26120 37399 99384 88980 93372 83751 28433 60555 22280 12098 82807 43264 80111 36530 93400 88958 26453 45056 16117 9656 68900 16444 34559 82764 21455 43243 1944 33054 62258 30463 28865 59988 16218 89655 28732 89086 14279 62421 65553 11230 17478 91522 79787 13939 86816 55531 22666 11759 2957 72346 53492 15288 37292 52126 77075 65707 57347 87301 91784 54303 11042 46631 84618 84484 36925 37295 99083 86149 86195 94599 99416 62277 84019 79759 81001 96012 66298 19675 11253 53851 56109 56871 36239 45002 91809 27146 75931 37333 8844 96010 97168 51874 91053 90047 94030 57235 48629 57867 23320 11080 7091 40872 97281 17478 8016 92762 48228 3668 16899 7410 25245 49370 87847 2171 47214 56777 40178 79137 78750 72792 68072 50923 85786 84643 86752 36410
66399 49470 82586 62720 9806 90537 52460 94508 2923 74986 67775 61245 13024 26199 13481 21253 60115 56667 32757 4822 27257 75908 2036 91115 38772 34224 41295 76721 60021 93314 77718 55628 73339 99548 38250 67822 6064 62345 15970 54879 40792 63579 94850 26549 4742 83146 93043 12376 57566 59043 72829 15971 2124 90781 46354 63507 53150 63630 59276 5388 61827 92533 30303 26093 41838 45567 14235 6067 96269 69960 80070 75654 59519 87470 20702 7517 60092 95954 89761 82506 85618 16265 97621 19725 11372 23807 97444 80977 63138 99317 24736 51503 79826 95356 19783 24843 85467 10638 96394 73310 92192 94106 56141 52268 3192 28903 73639 30261 16357 46445 43660 84317 9632 71613 90679 8754 73956 55702 91916 25175 38833 3695 25101 47438 29302 29315 3381 64037
62328 74005 31775 52624 51693 81971 40065 56199 50757 15898 73099 7775 19423 15604 80528 12585 66832 68525 45391 99979 66266 43563 17271 45800 84707 94436 5468 45067 85294 34645 83831 88850 47477 26969 97153 19762 26628 12339 16517 76793 30126 69463 52760 83300 65638 73211 45542 34584 34709 98721 62405 76406 26576 76206 46491 70383 7576 85687 3663 2690 85958 3384 70093 65082 56213 33719 99644 98850 4416 38660 78333 43809 86377 55823 4919 66642 66606 90667 96472 49477 54498 5091 24945 8414 43028 9914 34446 92312 71944 85789 41382 60528 61528 24988 59253 87159 14878 24763 39704 50882 27106 53091 26755 448 37176 89183 45866 36696 68634 79528 61620 71118 93197 33302 29219 54655 59873 2401 14465 42270 13291 83517 11962 76035 66615 97441 5337 4674
58956 7829 88065 15828 85120 65913 47549 4202 13899 3595 4848 71204 71870 5355 57905 63028 88283 9503 27738 52907 267 3125 62546 24458 35763 97619 84077 96750 79954 77532 91657 6498 89304 91853 35472 11661 64458 99586 7566 46693 8933 55492 63295 26305 10032 2302 36138 74675 58625 98617 42371 16765 9753 25011 69539 73677 68182 71686 77626 87575 17580 44385 60736 13544 64295 53123 31636 75470 50552 53513 1753 6440 17523 30338 40680 86494 60108 58875 20807 75940 32049 38922 73830 91333 33743 15679 56505 86599 46484 33523 67710 56987 67134 23567 50368 31200 15555 74184 43530 64590 31666 74774 31446 49238 53569 36001 59760 15706 55517 84288 67258 80960 27416 26529 93833 89170 35225 28958 53458 6612 29394 73600 7807 26378 64669 76664 70421 67335
51253 54486 85762 80839 79628 18803 36456 36762 17745 57600 48745 78468 4063 47838 97986 94110 99295 72176 75206 51763 23882 39274 83951 16035 27210 4192 13263 64507 29572 94005 66138 27038 12094 703 76240 55805 10931 89280 89976 68958 11738 90875 80682 29199 7209 56188 29291 88761 37286 32025 21966 97541 48064 92006 50702 89654 67804 28128 88362 19264 62062 50082 58758 19824 91514 53635 37501 97298 74527 49292 30385 67914 36202 13076 26759 121 84888 20314 46979 70739 14191 30464 73455 77870 13488 1597 39597 14016 10300 82178 36716 87328 74855 81723 37730 6287 61786 51825 33738 96836 29245 52908 1866 8271 64907 20741 8521 50347 72920 41310 39502 96399 56508 27772 38053 89214 67555 62853 54388 95946 70131 58950 77069 25341 1290 74971 40933 34344
3378 66869 10515 23495 28978 37837 64320 16055 56811 70399 37576 1932 84033 58898 16327 92511 33061 23491 62107 47790 75999 47767 93536 3564 9024 73945 35267 30987 30641 23541 94258 20419 20786 9071 72497 46818 22029 8498 59039 23718 99813 30419 95356 11537 88962 23997 11853 16802 66477 71681 88516 4848 84049 62064 82529 18120 73592 9338 54957 9987 41820 18436 36953 69522 14219 64658 23015 79181 56010 90226 41967 44956 14104 74157 92799 80040 95180 75142 26172 28588 81585 89167 71346 84393 90406 24760 34248 11025 64032 81432 42213 91845 2952 38654 39985 43442 44527 34276 38654 50538 46625 34668 23349 21753 3567 17286 77133 13492 43510 35012 20089 30479 14429 33132 42054 65793 49426 44591 78750 79568 54879 88381 22748 26684 37070 39673 96690 63242
65045 81446 56655 61448 74022 77772 6214 69401 73608 22672 90261 13484 17116 10227 44343 48042 55697 20687 19581 24494 190 40330 4195 96144 5333 94668 89898 22215 46751 75228 31177 49236 41603 59744 57268 95681 80535 95950 54319 31605 12528 85093 67011 52638 56381 6178 21928 60921 40544 81128 48976 54241 66201 4982 5172 94614 73131 60892 80729 17790 39968 14283 21583 99755 39356 93164 22525 43395 36170 94523 14383 8267 50440 83483 192 62585 35157 12203 45391 25696 43050 6465 28812 98886 63182 65474 11174 87715 48017 85463 48844 93761 72789 42965 19977 80748 64434 55993 30168 18490 25542 6811 9927 12794 50971 35862 20875 32120 18456 40762 13860 99527 8124 86226 20922 79695 40531 91511 74025 60832 27243 21528 30498 81808 44155 61585 5710 68637
73301 43364 60513 41575 36679 75995 86349 79570 88089 29689 90342 7876 72341 86354 57896 28246 22558 59937 53473 89083 68888 43342 53687 30282 94345 30912 71376 27231 56053 21863 49862 45237 16885 27991 20264 61173 87518 81872 57278 24556 18465 57587 9571 64717 49450 15384 25058 70066 82885 12702 88269 80083 67359 46827 15680 99321 21957 13522 32604 2868 64522 79830 60502 88987 15079 89799 1332 82444 63702 67254 39763 35924 45877 12596 58589 36262 54487 24988 56293 28711 29949 7092 1163 55088 97914 24754 394 55312 69896 27957 84061 99202 41981 61388 74436 88106 70127 3303 96014 43612 15564 21509 69887 5002 39196 37264 55470 87619 65140 43481 79852 71481 94575 93516 84903 39986 5079 24425 56472 73557 47811 45122 2750 58604 79868 98045 77549 27994
87427 9582 21494 51952 16047 29878 26796 80210 40453 62506 54742 68688 84372 39406 57625 22033 33167 30100 45048 25446 61760 94140 84289 13864 50857 4587 58060 57207 47656 57818 22921 37936 93778 94627 50773 71536 18588 82388 24039 19423 36874 15836 13317 9381 96940 64770 21730 89099 80448 62377 71965 35983 44881 59296 857 76652 6577 842 9043 66925 20446 47456 85738 36154 49789 72229 39756 81342 29947 25372 38217 51682 2548 20044 33266 43651 28887 43457 18958 67347 7478 70275 39903 80455 39384 76476 10193 6439 28956 2147 36087 70451 70888 18595 52782 71434 54094 27117 93241 56939 67834 56553 5261 11927 84820 22482 7658 71433 52022 77626 53764 93284 81042 12579 50750 1798 78074 88392 91909 16269 61132 79930 62968 81460 58815 68755 60356 26622
71173 25686 37820 88007 99167 32049 57287 48619 53646 36389 64387 96389 37767 80272 65346 61039 78586 99328 66739 65743 52991 17828 61881 6199 44297 37887 13913 32076 63284 84360 15272 23045 47736 63744 19057 15507 65180 99094 45536 39185 43479 39836 6758 15319 38389 48059 53644 53258 2085 1916 70336 36366 5852 44385 9330 37981 9618 89822 49453 36473 61356 81830 80971 62899 61547 65536 47579 56206 51856 2301 55400 27999 35578 90197 50279 30564 96087 31219 21847 50675 58424 71108 14848 70651 10371 42463 6694 19367 50016 32236 64298 19222 95228 24074 81892 85993 63851 61698 40994 45370 82958 78402 11955 66152 86383 94236 2746 61183 32082 84939 92997 20463 56094 12856 24535 64618 8197 66756 53734 66364 39403 93505 54969 44447 56704 11849 64402 764
45206 65478 6517 90796 36233 82775 69126 39832 74340 74143 71653 41653 36109 70724 71669 11079 62445 8848 39788 38248 18502 81714 9763 719 48495 90050 67185 91936 29394 59181 82243 9274 90098 17335 54192 75083 48621 17186 87572 29187 82409 82797 62793 54239 52726 87742 62244 94498 36958 53835 55089 25606 95813 21344 57393 12101 9031 57497 43053 54427 54899 33321 57536 1128 92767 8407 76637 97114 91097 93880 68614 43527 20647 39299 73937 90355 91763 9936 32865 98858 60486 64442 54513 52656 14617 15447 14546 91744 95664 11629 57667 78540 54440 60222 38075 79249 60681 48064 4653 54284 62602 9305 8015 53525 65786 45238 35879 23922 34091 77784 33965 43693 57829 10113 28974 52135 48657 84918 80819 55876 75583 63701 98279 15935 72557 94470 13165 92339
76487 14669 80753 40826 82100 25496 63957 89697 83184 69011 50860 49043 2438 69626 40487 30527 57207 33373 93164 56243 31588 48775 84410 30078 92409 16989 5778 6423 90241 31205 91589 68029 46858 87651 80167 21272 18256 14288 79836 79916 45014 93499 50215 54477 84359 75058 8969 25169 31231 76682 84455 36012 7584 16053 87736 58653 49243 15380 50691 75397 83508 57160 45988 99449 32001 90096 78787 41095 30467 75983 42393 80235 2905 88913 31866 53113 6960 94800 7658 82153 26724 72105 55025 40485 50716 7805 39114 9904 94325 74446 87766 91223 55146 60843 80653 33387 30046 40667 3338 40389 115 59281 79044 41950 8926 31769 98484 33808 6752 2803 82156 3533 31122 46590 12828 9068 79110 54719 95907 66726 40083 58873 64551 79231 71988 1585 50827 89488
57610 75809 52420 37662 49790 5203 56819 72884 35124 35765 8178 26205 55649 59049 33544 67021 89667 90623 31463 19577 76936 82629 35852 15119 44007 91808 98077 16690 69224 86866 50056 59677 71674 50448 85007 49939 45647 74555 4578 28355 68907 22624 39591 38456 65839 26816 81515 31859 9770 126 87000 41965 47013 26806 90986 34819 60757 61500 23967 72470 59578 83932 55118 30460 54250 72666 50233 20032 91440 29565 43778 17709 8269 88314 35751 56833 66590 27516 87441 598 29604 24360 57864 61471 28174 99389 42669 12585 51951 5860 93052 69320 83598 10975 88140 6108 96615 20889 49247 64718 34493 55593 31684 5223 30818 91856 44910 56201 2990 95786 72617 78432 27195 66370 98895 76542 26099 33502 5541 50333 45656 39605 80542 99113 21602 94518 1004 53341
20724 72368 57322 98445 64913 71499 66638 3085 35050 86752 82174 22069 74028 15345 84386 92377 23383 65600 52449 5519 15002 10682 44202 47068 29764 49673 8029 18788 25944 89767 99855 15829 96591 45143 69471 49320 26199 66617 20196 54449 83468 21893 39592 74031 86910 7162 91981 53860 40962 1288 79810 66882 3524 54204 3881 88224 83255 95158 46154 88700 98343 5068 42818 57830 84807 49695 40113 34665 95365 80740 47224 98904 78305 35973 39245 87357 70791 46402 46456 40789 63754 345 76053 88442 77656 78211 73080 45414 98741 94913 46114 87626 86403 92218 41908 81490 56627 97114 55070 56594 39142 65629 74049 89065 65320 34092 76979 64340 23884 6975 79120 15565 59479 94710 44188 83725 53803 24707 43554 44234 22549 62780 91659 66853 39388 65253 55209 16468
12805 38682 94529 82419 19533 86639 67019 45694 41605 75205 88530 3125 45565 79391 99369 43914 33147 56506 75253 11827 77873 98924 30394 29143 44348 79719 39894 91977 42324 86858 86407 12224 52142 91922 9539 828 70749 3748 97145 1487 42032 88197 93867 63728 68073 23451 53419 67567 87474 7200 56486 63994 76750 5441 39421 89052 13110 14032 68626 38123 86316 34548 32280 17861 6853 72394 13895 82000 47693 3932 98836 53043 90423 62475 51823 62522 29296 48936 55404 55542 31999 61229 30646 2869 33703 45312 15098 85916 15348 68637 16617 48313 64338 934 57231 15092 14179 19161 26654 84288 99725 11282 7761 45950 80204 51899 8261 32856 21559 92376 11802 4602 15035 26920 10618 94809 96076 36810 33967 47158 88526 9282 99658 32708 23775 96549 71748 16520
26491 87101 51866 22185 12456 10995 89358 10067 56397 87539 52073 32391 24220 25474 68283 58715 6777 41586 70113 9898 33941 38634 68602 32125 80301 10610 3726 96130 438 52267 20079 57369 68044 22874 90612 8215 59617 24351 67943 95489 16329 37427 1513 79230 93596 63141 7833 32702 86392 68933 97606 71919 98686 95167 67081 5293 22966 65503 35035 14765 30600 65430 52594 72475 61819 7867 15984 13725 41228 82149 85849 26975 21300 64485 40618 7654 53271 20348 59069 9064 22914 20076 29921 92976 62734 17299 79057 22680 49853 47743 99466 59397 92735 80841 63160 91465 20349 80472 13588 26939 94633 29695 74237 45709 78512 78466 17042 37507 81557 11410 36635 90130 88205 651 76874 20492 22452 30683 69839 31302 44668 99809 97211 55316 83480 29026 55752 95551
58019 39657 34952 80800 4111 95637 33455 25809 92632 86421 85076 44741 57442 58784 53586 52520 91725 15253 17653 41810 99688 46110 36580 11209 12538 15078 38524 63622 35906 41505 43715 70011 37499 14448 2798 1408 16739 16412 52475 93231 17552 16323 46685 42490 4309 51312 77437 17076 9314 95307 62119 60855 43730 1749 75216 71230 9262 72262 7052 42319 80259 64214 53677 39749 28629 81448 36902 45711 38860 81739 71725 92101 48518 36875 35770 57799 93214 1109 98617 15601 95816 16529 4180 93357 29124 79546 19686 52591 96226 27904 74621 18767 3775 56864 50157 59206 25123 92302 83537 31845 33960 74179 54080 44884 71019 50312 46346 93589 75559 68897 29334 80811 90676 25396 97673 36388 98914 95562 87368 12266 19512 44533 93579 35720 61305 35573 1446 6033
45453 78773 11146 66508 55040 80362 16998 52362 79908 89088 71213 42066 65286 19930 50170 43456 93324 43002 9710 55430 3400 23843 33379 64404 43588 22977 27311 74330 47639 54859 64305 25904 27737 1405 46437 48320 6285 87111 47871 50787 5468 32752 43232 19857 81508 43159 30443 60844 14152 49546 30258 89214 77269 301 84207 6079 11113 9590 9578 45093 78708 37105 5123 25130 17578 59252 94416 32695 75730 29482 24043 15721 8082 4789 71827 29426 81454 53643 49048 53047 39135 97752 24822 32820 15606 40693 88167 95354 41012 7342 99914 20377 10832 84817 59699 33046 90392 66034 11197 7238 84582 31212 12259 80079 24785 16441 93088 62407 346 71619 6894 98603 40278 58726 46000 76205 32447 20688 54453 30771 12691 1335 35426 89257 27164 44886 3804 74250
81351 60026 89829 60646 55202 3477 51818 46339 77925 32183 154 78564 10920 53847 48921 39778 68889 99090 78069 39426 50244 84663 60285 48547 79982 88084 15487 54965 70708 36449 7696 31745 1919 75652 8332 45334 35325 67588 26984 95459 44025 14640 21511 12406 74915 32969 98489 72731 21954 88775 38296 84083 3959 57436 80391 47784 25272 52454 93364 54710 31491 33080 54960 58287 83821 36730 88537 90049 56196 13453 25223 16587 28862 42889 26509 80865 49889 30346 97006 46872 28225 86904 23324 30440 23271 12404 45658 56621 1570 37006 45640 73439 44976 36747 44866 82046 87244 51455 82592 5443 18647 91446 60110 76327 27933 87186 15376 88792 36374 29680 5820 78819 57251 58973 65179 20483 47345 30016 53064 88502 72728 46183 3785 89037 79161 14865 18567 87059
67044 20534 37505 29449 2098 64699 81627 66243 37181 69842 20466 9623 99197 59730 74814 14177 58769 42690 230 19054 69087 56618 65670 45887 40291 44657 44600 17433 89634 11745 56457 8346 6107 56938 43128 68936 44520 31133 33924 39533 2578 40736 40781 47552 75672 85233 51601 56777 1749 66062 90814 34742 10016 58005 50897 77621 53989 15248 5088 54039 9578 27785 58927 16119 82292 23742 90421 68828 80245 65247 65272 84931 82970 44364 88807 54938 78974 46132 78836 71025 16705 78748 71423 57400 5699 76847 45248 87712 45139 72672 82897 79844 13507 12873 51645 70400 79620 95877 5981 1494 16305 46626 74300 46508 50505 72780 67134 38360 84433 14416 72673 8996 27577 43174 84075 48513 67009 42025 66691 62661 3182 36021 52720 92930 94012 91631 62589 87504
44218 84922 36028 26038 39808 29445 1275 94826 20383 14896 8190 75236 38985 57048 72714 25869 51746 52382 97003 22853 73993 11355 53995 71197 81067 39910 81953 80473 9515 74676 76417 41787 37063 19370 93174 59267 3327 66005 45328 73211 51808 43428 53764 24292 62712 33082 95377 5477 8940 72407 96287 61684 72756 49813 95492 45948 39770 75450 78812 86701 75911 9109 56692 25432 11827 58670 27626 15081 86233 55142 38699 42601 34791 24208 83034 9050 41828 35969 97442 6572 50697 27873 51672 23958 37034 50255 45271 3997 25390 86435 70234 36077 75393 62804 54425 40344 17814 69524 73939 83326 51659 21583 1795 78865 3591 50716 76852 54081 49392 53048 61452 35121 83820 21337 97339 88348 2870 37391 61736 11346 22234 18712 73919 89830 52842 60144 96438 32711
76140 23051 90346 19373 76789 82477 5771 24775 24907 73224 85559 90439 95953 25300 68795 18825 17794 87076 39979 52628 93746 59211 40011 26045 38850 12420 73646 35037 89124 41569 8190 22366 97326 89573 29099 19297 24242 26848 91810 80055 22973 2333 42424 76036 46047 78538 92388 32269 76007 4649 72068 68474 28799 25586 22576 21664 31951 83114 61202 11261 24425 87703 15014 98889 41232 45103 87659 97505 13767 8708 39471 74778 75744 40208 52198 68664 18745 90650 25551 46433 70377 76393 36203 92860 76061 31433 75877 34542 89857 23891 25204 7432 94500 5248 40398 67644 25908 50294 72951 95709 38365 50440 87687 20851 38424 94453 87493 23782 81031 9255 86942 22142 28448 19724 14098 26765 14276 24471 41804 3158 96990 26969 34227 98492 62966 45757 10378 33216
99229 7163 74740 77990 71164 9690 12870 74251 55225 67995 86435 78901 16442 95822 36542 40405 786 42142 47653 58435 20180 39918 16081 58068 22420 5971 46056 31076 48810 25230 6455 10961 11322 11646 52576 31244 19741 47394 13349 66300 14682 61844 50799 70674 17001 17232 1437 39481 89834 87970 64692 45317 7916 58486 79951 9548 16228 26058 13250 67455 55209 49509 88837 88791 28186 91943 38495 90200 48853 30269 77782 81417 12633 78153 44109 24309 8293 57773 82469 96577 53396 3315 9276 98729 45552 44400 87304 71803 56953 8423 5007 64313 69985 81708 48693 7853 73918 36211 85711 84820 79737 66821 63551 59356 3879 1391 72503 21975 98285 29038 91201 38979 53061 48354 39904 26692 49819 85442 21111 65443 72059 73831 3547 64810 28308 62863 62141 48132
46448 3858 43581 78882 43325 60362 38299 11776 8629 88972 35961 40002 32018 89131 7880 19462 35533 98508 54939 7161 79253 39222 24052 72545 41993 11567 5086 13090 58674 10130 48557 8149 89507 20761 34351 73237 66280 26324 44770 6947 73030 82242 78881 90615 55265 81669 40937 28887 50190 57782 90439 77845 88672 27406 8358 50868 47971 95452 96849 62813 35040 99484 24104 87370 88211 4464 52207 29575 85948 27102 45028 86242 47127 64683 88034 90546 34234 23193 5974 86954 17907 21617 85767 59056 31676 16619 40295 3214 88842 48699 58756 17242 85738 4396 17523 62960 32915 71751 91735 79408 70342 46068 22242 47202 93232 32319 96589 57396 36609 93248 81783 94806 53923 94822 79408 95101 91929 45579 47292 52563 40611 18123 28687 25272 11156 30905 12968 71757
57014 89776 44183 52064 54782 13560 87482 74603 95010 55770 22416 58626 74137 70960 14921 26226 43865 9450 44635 46406 2740 66561 93790 20796 69637 92567 80013 37464 43002 70027 80411 31891 27118 42692 75686 83490 57137 63912 38623 29322 92480 4886 55317 39214 95659 1735 11512 16062 51051 13050 16448 21749 66764 79408 52497 22015 58996 52974 55856 394 27494 73395 97148 25768 42050 11433 56053 84024 77317 59713 99945 9266 62113 76478 23638 65908 64917 57606 5817 25213 82759 86470 32391 8997 65697 39913 17064 69425 19721 28050 9010 66669 8101 94540 37928 14612 43657 45393 47442 13285 25295 4678 53867 12791 77331 66626 72427 41424 46851 26670 92531 16688 82381 75546 43463 17562 48473 64957 34790 53150 53930 17840 13299 80104 24400 50240 38876 45412
44313 50597 50211 31187 65093 8484 84444 32125 91111 32775 43080 96353 43117 73169 4586 61739 8888 10016 22796 1377 39046 90585 55482 39014 69615 59691 76778 50097 18759 4859 52977 76964 53416 22401 52563 73795 21112 86587 82914 53673 64450 66122 62426 34212 98502 62641 24947 58001 35630 65875 27110 42448 13970 32250 89663 86075 2966 97691 45782 2051 53551 54593 33818 39169 97029 74357 51201 10736 24224 6041 62116 59350 55150 66371 82418 59585 95361 68407 37785 48393 67843 65247 53928 66625 87825 11969 58586 39520 79726 47221 30079 74667 30443 52350 27341 88400 8123 2544 72714 98641 40905 20174 40986 30860 82035 92262 38475 25886 94847 30590 54152 9884 98354 24893 92658 84517 63284 18479 84742 91481 83149 41515 95204 60279 83860 72398 83447 46813
96346 54221 24920 87820 50233 86504 13304 15521 41975 41966 33266 58617 84763 63901 35988 59105 74694 42034 91541 61888 55717 80038 5987 10247 24444 65051 54012 54080 34421 76155 43463 57641 92323 87810 76789 1982 10806 99404 85983 58818 99483 15919 91576 87224 29401 65525 22393 91035 96046 6180 68819 86885 17022 9718 36709 344 21026 12243 43920 72995 4043 50898 41763 18076 97320 98030 50490 91092 18512 66261 24791 85227 53498 4956 57912 43002 69661 97357 72296 71541 18785 71664 52040 99150 78087 23226 98921 71476 34145 14569 98283 76374 32973 54113 92768 81350 91386 31847 67107 71433 75416 16368 71678 32323 36099 83911 35541 19629 52822 85729 43693 77377 91396 51586 32201 1369 21304 63450 83622 56916 2804 73955 86251 4089 88225 7496 19802 81310
2241 57973 2500 36855 21750 42514 13864 58346 20293 13984 65983 1989 43749 71931 78511 38076 61518 65928 63545 84443 19147 45579 41634 65985 74207 76808 91980 70054 15349 99135 59201 88764 90950 55041 74859 59312 6243 19582 9332 53901 26276 76958 23744 90236 89883 89555 52786 76366 36940 55756 79747 5094 94430 11951 58034 70227 7934 26186 85265 29070 82612 16895 63220 49817 60085 61852 85720 71406 61466 6927 86177 78168 76995 40026 13348 60680 81121 32528 41182 41679 29557 41087 46433 7736 45834 62889 11205 63801 74875 52077 60338 50418 95151 96402 8754 16121 71090 68423 35060 96420 21422 12498 56090 58336 35584 94172 68007 52811 99243 73657 40179 89385 9344 7062 5609 11240 11293 35178 23983 42468 41976 73721 4597 29823 14368 24947 7680 388
1320285 615164 1426644 359664 802590 804765 914472 1101 450837 613458 311475 816120 176531 627233 893638 615489 515902 527062 822054 1139082 576396 1177662 306963 97272 604209 549458 659938 833952 743004 71127 734373 703264 608329 110508 324255 176789 21333 912890 847970 594691 1144773 607454 469291 110882 976700 674021 562005 1325748 823237 554119 236712 554472 1002588 55125 409674 1442221 241326 1142115 238740 743962 688227 1114563 228208 1058404 519762 810054 1248218 129345 981319 686992 923279 941565 1226585 1108252 483101 341093 649041 967540 848209 415520 658363 625764 666377 584535 671784 1105804 102960 1073425 1229637 946114 170171 360720 535349 542847 194395 925569 859511 1189397 502599 607926 172201 210018 767296 1015639 1212505 401347 362447 1136196 484406 1329648 1195510 730523 304403 209298 615304 96979 694514 466034 1234523 570353 631336 993612 1268381 788959 1008327 104796 287252 78676
