64
0 1 1 1 1 1 1 1 1 1 1 1 1 1 1 1 0 1 1 1 1 1 1 1 1 1 1 1 1 1 1 1 1 1 1 1 1 1 1 1 1 1 1 1 1 1 1 1 1 1 1 1 1 1 1 1 1 1 1 1 1 1 0 1
1 0 0 1 1 1 1 1 1 1 1 1 1 1 1 1 1 1 1 1 1 1 1 1 1 1 0 0 1 1 1 1 1 1 1 1 1 1 1 1 1 1 1 1 1 1 1 1 1 1 1 1 1 1 1 1 1 1 1 1 1 0 1 1
1 0 0 1 1 1 1 1 1 1 1 1 1 1 1 0 1 1 1 1 1 1 1 1 1 1 1 1 1 1 1 1 0 1 1 1 1 1 1 1 1 1 1 1 1 1 1 1 1 1 1 1 1 1 1 1 1 1 1 1 1 1 1 1
1 1 1 0 1 1 1 1 1 1 0 1 1 1 1 1 1 1 1 1 1 1 1 1 0 1 1 1 1 1 1 1 0 1 1 1 1 1 1 1 1 1 1 0 1 1 1 1 1 1 1 1 1 1 1 0 1 1 1 1 1 1 1 1
1 1 1 1 0 0 1 1 1 1 1 1 1 1 1 1 1 1 1 1 1 1 1 1 0 1 1 1 0 1 1 1 0 1 1 1 1 1 1 1 1 1 1 1 1 1 1 1 1 1 1 1 1 0 1 1 1 1 1 1 1 1 1 1
1 1 1 1 0 0 1 1 1 1 1 1 1 1 1 1 1 1 1 1 1 1 1 1 1 1 1 1 1 1 1 1 1 1 1 1 1 1 1 1 1 1 1 1 1 1 1 1 0 1 1 1 1 1 1 1 1 1 1 1 1 1 1 1
1 1 1 1 1 1 0 1 1 1 1 1 1 1 1 1 1 1 1 1 1 1 1 1 1 1 1 1 1 1 1 1 1 1 1 1 1 1 1 1 1 1 1 1 1 1 1 1 1 1 1 1 1 1 1 1 1 1 1 0 1 1 1 1
1 1 1 1 1 1 1 0 1 1 1 0 1 1 1 1 1 1 1 1 1 1 1 1 1 1 1 1 1 1 1 1 1 1 1 1 1 0 1 1 1 1 1 1 1 1 1 1 1 1 0 1 1 1 1 1 1 1 1 1 1 1 1 1
1 1 1 1 1 1 1 1 0 1 1 1 1 1 1 1 1 1 1 1 1 1 1 1 0 1 1 1 0 1 1 1 1 1 1 1 1 1 0 1 1 1 1 1 1 1 0 1 1 1 1 1 1 1 0 1 1 1 1 1 0 1 1 1
1 1 1 1 1 1 1 1 1 0 1 1 1 1 1 0 1 1 1 1 1 1 1 1 1 1 1 1 1 1 0 1 1 1 1 1 1 1 1 1 0 1 1 1 0 1 1 1 1 1 1 1 1 1 1 1 1 1 1 1 0 1 1 1
1 1 1 0 1 1 1 1 1 1 0 1 1 1 1 1 1 1 1 1 1 1 1 1 1 1 1 1 1 1 1 1 1 1 1 1 1 1 1 1 1 1 1 1 1 1 1 1 1 1 1 1 1 1 1 1 1 1 1 1 1 1 1 1
1 1 1 1 1 1 1 0 1 1 1 0 1 1 1 1 1 1 0 1 1 1 1 1 1 1 1 1 1 1 1 1 1 1 1 1 1 1 1 1 1 1 1 1 1 1 1 1 1 1 1 1 1 1 1 1 1 1 1 1 1 1 1 1
1 1 1 1 1 1 1 1 1 1 1 1 0 1 1 1 1 1 1 1 1 0 1 1 1 1 1 1 1 1 1 1 1 1 1 1 1 1 1 1 1 1 1 1 1 1 1 1 1 1 1 1 1 1 1 1 1 1 1 1 1 1 1 1
1 1 1 1 1 1 1 1 1 1 1 1 1 0 1 1 1 1 1 1 1 1 1 1 1 1 1 1 1 1 1 1 1 1 1 1 1 1 1 1 1 1 1 1 1 1 1 1 1 1 1 1 1 1 1 1 1 1 1 1 1 1 1 1
1 1 1 1 1 1 1 1 1 1 1 1 1 1 0 1 1 1 1 1 1 1 1 1 1 1 1 1 1 1 1 1 1 1 1 1 1 1 1 1 1 1 0 0 1 1 1 1 1 1 1 1 1 1 1 1 1 1 1 1 1 0 1 1
1 1 0 1 1 1 1 1 1 0 1 1 1 1 1 0 1 1 1 1 1 1 1 1 0 1 1 1 1 0 1 1 1 1 1 0 1 1 1 1 1 1 1 1 1 1 1 1 1 1 1 1 1 1 1 1 1 1 1 0 1 0 1 1
0 1 1 1 1 1 1 1 1 1 1 1 1 1 1 1 0 1 1 1 1 1 1 1 1 1 1 1 1 1 0 1 1 1 1 1 1 1 1 1 1 1 1 1 1 1 1 1 1 1 1 1 1 1 1 1 1 1 1 1 1 1 1 1
1 1 1 1 1 1 1 1 1 1 1 1 1 1 1 1 1 0 1 1 1 1 1 1 0 1 1 1 1 1 1 1 1 1 1 1 1 1 1 1 1 1 1 1 0 1 1 1 1 1 1 1 1 1 1 1 1 0 1 1 1 0 1 1
1 1 1 1 1 1 1 1 1 1 1 0 1 1 1 1 1 1 0 1 1 1 1 1 1 1 1 1 1 1 1 1 1 0 1 1 1 1 1 1 0 1 1 1 1 1 1 1 1 1 1 1 1 1 1 1 1 1 1 1 1 0 1 1
1 1 1 1 1 1 1 1 1 1 1 1 1 1 1 1 1 1 1 0 1 1 1 1 1 1 1 0 1 1 1 1 1 1 1 1 1 1 1 1 1 1 1 1 1 0 1 1 1 1 1 1 1 1 1 1 1 1 1 0 0 1 1 1
1 1 1 1 1 1 1 1 1 1 1 1 1 1 1 1 1 1 1 1 0 1 1 0 1 1 1 1 1 1 1 1 1 1 1 1 1 1 1 1 1 1 1 1 1 1 1 1 1 1 0 1 1 1 1 1 1 1 1 1 0 1 1 1
1 1 1 1 1 1 1 1 1 1 1 1 0 1 1 1 1 1 1 1 1 0 1 1 0 1 1 1 1 1 1 1 1 1 1 1 1 1 1 1 1 1 1 1 1 1 1 1 1 1 1 1 1 1 1 1 1 1 1 1 1 1 1 1
1 1 1 1 1 1 1 1 1 1 1 1 1 1 1 1 1 1 1 1 1 1 0 1 1 1 1 1 1 1 1 1 1 1 1 1 1 1 1 1 1 1 1 1 1 1 1 1 1 1 1 1 1 1 1 1 1 1 1 1 1 1 1 1
1 1 1 1 1 1 1 1 1 1 1 1 1 1 1 1 1 1 1 1 0 1 1 0 1 1 1 1 1 1 1 1 1 1 1 1 1 1 1 1 1 1 1 1 0 1 1 1 1 1 1 1 1 1 1 1 1 1 1 1 1 1 1 1
1 1 1 0 0 1 1 1 0 1 1 1 1 1 1 0 1 0 1 1 1 0 1 1 0 1 1 1 1 1 1 1 1 1 1 1 1 1 1 1 1 1 1 1 1 1 1 1 1 1 1 1 1 1 1 1 1 1 1 1 1 1 1 1
1 1 1 1 1 1 1 1 1 1 1 1 1 1 1 1 1 1 1 1 1 1 1 1 1 0 1 1 1 1 1 1 1 1 1 1 1 1 1 1 1 1 1 1 1 1 1 1 1 1 1 1 1 1 1 1 1 1 1 1 1 1 1 1
1 0 1 1 1 1 1 1 1 1 1 1 1 1 1 1 1 1 1 1 1 1 1 1 1 1 0 1 1 1 1 1 1 1 1 1 1 1 1 1 1 1 1 1 0 1 1 1 1 1 1 1 1 1 1 1 1 1 1 1 1 1 1 1
1 0 1 1 1 1 1 1 1 1 1 1 1 1 1 1 1 1 1 0 1 1 1 1 1 1 1 0 1 1 1 1 1 1 1 1 1 1 1 1 1 1 1 1 1 1 1 1 1 1 1 1 1 1 1 1 1 1 1 1 1 1 1 1
1 1 1 1 0 1 1 1 0 1 1 1 1 1 1 1 1 1 1 1 1 1 1 1 1 1 1 1 0 0 1 1 1 1 1 1 1 1 1 1 1 1 1 1 1 0 1 1 1 1 1 1 1 1 1 1 1 1 1 1 1 1 1 1
1 1 1 1 1 1 1 1 1 1 1 1 1 1 1 0 1 1 1 1 1 1 1 1 1 1 1 1 0 0 1 1 1 1 1 1 1 1 1 1 1 1 1 1 1 0 1 1 1 1 1 1 1 1 0 1 1 1 1 1 1 1 1 1
1 1 1 1 1 1 1 1 1 0 1 1 1 1 1 1 0 1 1 1 1 1 1 1 1 1 1 1 1 1 0 1 1 1 1 1 1 1 1 1 0 0 1 1 1 1 1 1 1 1 1 1 1 1 1 1 1 1 1 1 1 0 1 1
1 1 1 1 1 1 1 1 1 1 1 1 1 1 1 1 1 1 1 1 1 1 1 1 1 1 1 1 1 1 1 0 1 0 1 1 1 1 1 1 1 1 1 1 1 1 1 1 1 1 1 1 1 1 1 1 1 1 1 1 1 1 0 1
1 1 0 0 0 1 1 1 1 1 1 1 1 1 1 1 1 1 1 1 1 1 1 1 1 1 1 1 1 1 1 1 0 1 1 1 1 1 1 1 1 1 1 1 1 1 1 1 1 1 1 1 1 1 1 1 1 1 1 1 1 1 1 1
1 1 1 1 1 1 1 1 1 1 1 1 1 1 1 1 1 1 0 1 1 1 1 1 1 1 1 1 1 1 1 0 1 0 1 1 1 1 1 1 1 1 1 1 1 0 1 1 1 1 1 1 1 1 1 1 1 1 1 1 1 1 1 1
1 1 1 1 1 1 1 1 1 1 1 1 1 1 1 1 1 1 1 1 1 1 1 1 1 1 1 1 1 1 1 1 1 1 0 1 1 1 1 1 1 1 1 1 1 1 1 1 1 1 1 1 1 1 0 1 1 1 1 1 1 1 1 1
1 1 1 1 1 1 1 1 1 1 1 1 1 1 1 0 1 1 1 1 1 1 1 1 1 1 1 1 1 1 1 1 1 1 1 0 1 0 0 1 1 1 1 1 1 1 1 1 1 0 0 1 1 1 1 1 1 1 1 1 1 1 1 0
1 1 1 1 1 1 1 1 1 1 1 1 1 1 1 1 1 1 1 1 1 1 1 1 1 1 1 1 1 1 1 1 1 1 1 1 0 1 1 1 1 1 1 1 0 1 1 1 1 1 1 1 1 1 1 1 1 1 1 1 1 1 1 1
1 1 1 1 1 1 1 0 1 1 1 1 1 1 1 1 1 1 1 1 1 1 1 1 1 1 1 1 1 1 1 1 1 1 1 0 1 0 1 1 1 0 1 1 1 1 1 1 1 1 1 1 1 1 1 1 1 1 1 1 1 1 1 0
1 1 1 1 1 1 1 1 0 1 1 1 1 1 1 1 1 1 1 1 1 1 1 1 1 1 1 1 1 1 1 1 1 1 1 0 1 1 0 0 1 1 1 1 1 1 1 1 1 1 1 1 1 1 1 1 1 1 1 1 1 0 1 1
1 1 1 1 1 1 1 1 1 1 1 1 1 1 1 1 1 1 1 1 1 1 1 1 1 1 1 1 1 1 1 1 1 1 1 1 1 1 0 0 1 1 1 1 1 1 1 1 1 1 1 1 1 1 1 1 1 1 1 1 1 1 1 1
1 1 1 1 1 1 1 1 1 0 1 1 1 1 1 1 1 1 0 1 1 1 1 1 1 1 1 1 1 1 0 1 1 1 1 1 1 1 1 1 0 1 1 0 1 1 1 1 1 1 1 1 1 1 0 1 1 1 1 1 1 1 1 1
1 1 1 1 1 1 1 1 1 1 1 1 1 1 1 1 1 1 1 1 1 1 1 1 1 1 1 1 1 1 0 1 1 1 1 1 1 0 1 1 1 0 1 1 1 1 1 1 1 1 1 1 1 1 1 1 1 1 1 1 1 1 1 1
1 1 1 1 1 1 1 1 1 1 1 1 1 1 0 1 1 1 1 1 1 1 1 1 1 1 1 1 1 1 1 1 1 1 1 1 1 1 1 1 1 1 0 1 1 1 1 1 1 1 1 1 1 1 1 1 1 1 1 1 1 1 1 1
1 1 1 0 1 1 1 1 1 1 1 1 1 1 0 1 1 1 1 1 1 1 1 1 1 1 1 1 1 1 1 1 1 1 1 1 1 1 1 1 0 1 1 0 1 1 1 1 1 0 1 1 1 1 1 1 1 1 1 1 1 1 1 1
1 1 1 1 1 1 1 1 1 0 1 1 1 1 1 1 1 0 1 1 1 1 1 0 1 1 0 1 1 1 1 1 1 1 1 1 0 1 1 1 1 1 1 1 0 0 1 1 1 1 0 1 1 1 1 1 1 1 1 0 1 1 1 1
1 1 1 1 1 1 1 1 1 1 1 1 1 1 1 1 1 1 1 0 1 1 1 1 1 1 1 1 0 0 1 1 1 0 1 1 1 1 1 1 1 1 1 1 0 0 1 1 1 1 1 1 1 1 1 0 1 1 1 1 1 1 1 1
1 1 1 1 1 1 1 1 0 1 1 1 1 1 1 1 1 1 1 1 1 1 1 1 1 1 1 1 1 1 1 1 1 1 1 1 1 1 1 1 1 1 1 1 1 1 0 1 1 1 1 1 1 1 1 1 1 1 1 1 1 1 1 1
1 1 1 1 1 1 1 1 1 1 1 1 1 1 1 1 1 1 1 1 1 1 1 1 1 1 1 1 1 1 1 1 1 1 1 1 1 1 1 1 1 1 1 1 1 1 1 0 1 1 1 1 1 1 1 1 1 1 1 1 1 1 1 1
1 1 1 1 1 0 1 1 1 1 1 1 1 1 1 1 1 1 1 1 1 1 1 1 1 1 1 1 1 1 1 1 1 1 1 1 1 1 1 1 1 1 1 1 1 1 1 1 0 1 1 0 0 1 1 1 1 1 1 1 1 1 1 1
1 1 1 1 1 1 1 1 1 1 1 1 1 1 1 1 1 1 1 1 1 1 1 1 1 1 1 1 1 1 1 1 1 1 1 0 1 1 1 1 1 1 1 0 1 1 1 1 1 0 1 1 1 1 1 1 1 1 1 1 1 1 1 1
1 1 1 1 1 1 1 0 1 1 1 1 1 1 1 1 1 1 1 1 0 1 1 1 1 1 1 1 1 1 1 1 1 1 1 0 1 1 1 1 1 1 1 1 0 1 1 1 1 1 0 1 1 1 1 1 1 1 1 1 1 1 1 1
1 1 1 1 1 1 1 1 1 1 1 1 1 1 1 1 1 1 1 1 1 1 1 1 1 1 1 1 1 1 1 1 1 1 1 1 1 1 1 1 1 1 1 1 1 1 1 1 0 1 1 0 0 1 1 1 1 1 1 1 1 1 1 1
1 1 1 1 1 1 1 1 1 1 1 1 1 1 1 1 1 1 1 1 1 1 1 1 1 1 1 1 1 1 1 1 1 1 1 1 1 1 1 1 1 1 1 1 1 1 1 1 0 1 1 0 0 1 1 1 1 1 1 1 1 1 1 1
1 1 1 1 0 1 1 1 1 1 1 1 1 1 1 1 1 1 1 1 1 1 1 1 1 1 1 1 1 1 1 1 1 1 1 1 1 1 1 1 1 1 1 1 1 1 1 1 1 1 1 1 1 0 1 1 1 1 1 0 1 1 1 1
1 1 1 1 1 1 1 1 0 1 1 1 1 1 1 1 1 1 1 1 1 1 1 1 1 1 1 1 1 0 1 1 1 1 0 1 1 1 1 1 0 1 1 1 1 1 1 1 1 1 1 1 1 1 0 1 1 1 1 1 1 1 1 1
1 1 1 0 1 1 1 1 1 1 1 1 1 1 1 1 1 1 1 1 1 1 1 1 1 1 1 1 1 1 1 1 1 1 1 1 1 1 1 1 1 1 1 1 1 0 1 1 1 1 1 1 1 1 1 0 1 1 1 0 1 1 1 0
1 1 1 1 1 1 1 1 1 1 1 1 1 1 1 1 1 1 1 1 1 1 1 1 1 1 1 1 1 1 1 1 1 1 1 1 1 1 1 1 1 1 1 1 1 1 1 1 1 1 1 1 1 1 1 1 0 1 1 1 1 1 1 1
1 1 1 1 1 1 1 1 1 1 1 1 1 1 1 1 1 0 1 1 1 1 1 1 1 1 1 1 1 1 1 1 1 1 1 1 1 1 1 1 1 1 1 1 1 1 1 1 1 1 1 1 1 1 1 1 1 0 1 1 1 1 1 1
1 1 1 1 1 1 1 1 1 1 1 1 1 1 1 1 1 1 1 1 1 1 1 1 1 1 1 1 1 1 1 1 1 1 1 1 1 1 1 1 1 1 1 1 1 1 1 1 1 1 1 1 1 1 1 1 1 1 0 1 1 0 1 1
1 1 1 1 1 1 0 1 1 1 1 1 1 1 1 0 1 1 1 0 1 1 1 1 1 1 1 1 1 1 1 1 1 1 1 1 1 1 1 1 1 1 1 1 0 1 1 1 1 1 1 1 1 0 1 0 1 1 1 0 1 1 1 1
1 1 1 1 1 1 1 1 0 0 1 1 1 1 1 1 1 1 1 0 0 1 1 1 1 1 1 1 1 1 1 1 1 1 1 1 1 1 1 1 1 1 1 1 1 1 1 1 1 1 1 1 1 1 1 1 1 1 1 1 0 1 1 1
1 0 1 1 1 1 1 1 1 1 1 1 1 1 0 0 1 0 0 1 1 1 1 1 1 1 1 1 1 1 0 1 1 1 1 1 1 1 0 1 1 1 1 1 1 1 1 1 1 1 1 1 1 1 1 1 1 1 0 1 1 0 1 0
0 1 1 1 1 1 1 1 1 1 1 1 1 1 1 1 1 1 1 1 1 1 1 1 1 1 1 1 1 1 1 0 1 1 1 1 1 1 1 1 1 1 1 1 1 1 1 1 1 1 1 1 1 1 1 1 1 1 1 1 1 1 0 1
1 1 1 1 1 1 1 1 1 1 1 1 1 1 1 1 1 1 1 1 1 1 1 1 1 1 1 1 1 1 1 1 1 1 1 0 1 0 1 1 1 1 1 1 1 1 1 1 1 1 1 1 1 1 1 0 1 1 1 1 1 0 1 0
64510 4037 96071 61296 69541 98283 33645 87576 34355 70177 14216 78606 26495 29668 38806 10894 67540 42516 24288 83010 68846 33116 68989 29947 89808 76391 45750 84058 46102 79759 50635 16672 96265 37613 67693 41421 64554 14626 11539 89444 51772 3232 37946 67893 36262 47668 3725 76554 84493 34665 60394 19367 1279 99987 74145 50178 78901 90357 21587 99607 55283 44725 99336 59828 30068 67202 33633 88143 76438 55998 33489 66860 88113 32064 65354 98911 15427 39350 29981 31979 83095 6931 4969 6747 34914 28150 44988 43033 54290 2693 73387 76146 36216 6247 78419 62689 4747 28175 65467 60400 49148 53808 27188 29190 82935 10472 68580 90970 14332 54175 43242 9513 90809 3406 27504 94680 37733 82599 82775 3091 96567 89329 7301 60957 32735 11354 52090 70216
76039 58093 10539 30652 65585 97598 66483 40847 80911 85858 47578 17835 18974 55476 6028 77577 41506 13941 55434 87952 23864 56434 50372 34080 31626 31613 54245 21119 53278 59063 61084 8271 60513 27217 94318 15183 66106 62086 51494 70295 73302 99928 16977 23775 44361 2502 63313 16693 6040 92921 60746 53398 78712 93559 34678 8038 17151 12761 77683 62238 80364 93680 92803 56688 88173 11770 21375 81635 87446 91636 22341 92526 99083 22436 6694 16645 69062 44071 60978 33095 92386 46380 16053 83600 33742 49933 44055 92944 20812 71727 12699 29875 80020 50866 30350 25019 67382 54707 59054 77149 8143 31443 82156 54142 82358 2204 27602 37989 81018 7434 12817 33317 63588 21674 85531 50535 78904 77371 92575 44633 56106 21137 57504 38618 64957 93749 10592 10080
22409 59545 49390 43630 796 6620 15124 26556 15489 74121 20560 53484 52569 37083 16460 89057 8935 42810 28850 14492 36132 28650 29007 6926 70295 15522 33032 37039 98236 12807 50402 39961 4157 88391 65770 52161 63703 77515 4705 20180 9835 18779 88468 83177 47659 19018 55858 82630 26537 37798 34463 40690 92059 33620 69570 46949 1242 51400 47199 28836 74352 57330 50222 97039 27535 945 48616 1552 1557 26578 47578 36770 85705 36676 52505 22234 44920 76941 54055 39802 1594 94290 41116 65350 1453 36454 74269 27017 1290 64307 50256 27087 7943 55005 67656 89024 44656 86285 31858 21583 94225 89904 36932 66097 78005 13524 36370 68079 5393 7156 70684 63929 68477 81526 41372 9934 17884 38585 73275 88584 60190 7930 64421 76706 66749 25005 86782 59978
27802 8350 25115 13601 1489 47890 40843 24945 87932 15525 5262 26139 69694 60062 74276 60282 25084 93153 88368 9730 13762 96901 63542 43751 2098 92721 17320 79340 13339 74359 88796 6472 12452 14616 54276 16514 90832 6983 40601 12677 85032 69549 3117 87731 15194 21030 9810 10362 66450 56990 5633 1607 97010 10278 61210 48673 34119 85060 25553 8908 59157 94575 89839 34797 60243 38042 89307 50689 37937 17273 11048 35578 5845 93852 54881 7964 92300 7071 55649 46789 17821 49888 65416 72668 8678 92202 82672 7291 7510 17728 81063 52727 18186 87454 31709 74110 10822 80743 47990 1815 27896 66722 67974 81891 52606 2025 84387 29707 91950 14482 91621 68521 1706 95658 16588 84222 37403 66482 40940 43226 52003 57511 77263 90491 50844 12231 46267 26082
43633 79470 32928 20527 16858 38822 13823 2914 36046 82715 57561 31573 94573 42633 19607 19998 59133 50606 27525 42293 28437 90055 95376 28573 40899 12966 25079 97291 56182 96783 85506 83216 44905 68997 91343 47691 66428 51690 4521 9501 37503 39511 58385 50197 31313 97719 25156 76623 22618 79429 73813 17544 32009 95258 47985 96904 62385 15304 10376 16729 15122 18646 15619 35250 57090 50758 46152 41050 65522 71723 89926 99286 47631 53132 8966 74868 74946 50602 77267 85606 52320 54794 86543 56599 63554 88474 72400 80348 49023 73571 28590 20377 10164 36747 73201 17648 23567 65933 17474 46945 78610 6055 23226 94051 26284 12348 2084 48046 41492 84842 56327 75198 4710 17319 17463 49552 24679 92531 86948 68536 87419 23669 74220 3167 6093 71220 60067 98926
79802 2265 48245 11195 8191 91096 61205 18793 16270 92487 21093 19586 62565 13426 2967 52799 85032 57397 983 37764 47987 88525 1044 26948 22272 48379 58429 60966 18065 69153 56890 28819 49183 58657 34127 28929 731 43288 92975 91325 74104 12477 60436 62135 78097 71312 51213 82446 40585 71660 7349 24135 77242 57112 91167 594 66646 49434 93383 39897 416 27462 46624 43754 37821 98703 19858 86816 88506 72034 34515 19436 77212 76874 23995 28938 78524 75196 57997 11057 12273 44254 81622 24883 86573 74831 62354 802 61730 45446 30757 23658 770 70586 22109 86837 42547 23900 47588 22506 74096 10765 45957 76781 1442 75193 81865 43370 73106 19025 12339 91206 59329 32598 66922 56430 71748 80191 50993 63629 30724 95287 30180 94101 54112 66247 41714 91287
12207 95989 53887 27134 23227 83120 4376 90913 37758 53786 7689 60963 53980 23288 37231 36243 43126 19293 27379 15275 70355 79121 36281 34453 68356 15440 69849 45828 38018 64330 30094 41429 31181 58807 99099 21395 58012 13777 32612 30103 47405 28302 72189 77792 32826 87672 63305 99144 2832 64366 28199 20515 5350 72134 2825 92082 63511 53845 44974 10245 5044 15029 13868 81219 22144 32849 21539 91643 39413 83934 50908 39065 51391 21704 3915 89242 6945 65839 41245 71950 1492 49483 95795 75204 9366 49521 32420 41682 56317 54568 52809 13241 39019 82796 71421 22777 58747 32581 57049 59277 47540 20241 87346 10368 90540 24667 95703 33165 54522 30400 49835 85138 69563 80940 78105 53665 40004 9021 90046 41638 21509 10916 4461 98278 70309 79674 36888 5061
35591 25182 65319 50654 49552 96444 413 63663 95710 32996 2296 68899 49029 40292 88005 92120 13697 79665 82882 47427 2842 82165 52108 14005 73674 66884 37969 65474 3997 3699 32492 64429 38409 72754 64402 85757 76195 30320 29500 87918 20813 89599 37037 13589 21821 64568 26749 18660 34303 98541 84773 55112 15435 39144 28301 72879 3964 20845 465 92786 36154 66856 73629 97416 57896 7860 59509 18126 90146 40098 33619 58185 43664 72246 8790 92580 13782 16429 61627 67683 27912 85975 82301 96557 21014 9818 3535 86188 63255 86393 66374 53488 18621 77406 99608 63966 83030 51397 78503 90830 42582 45244 6292 5412 52188 37844 43688 66524 93918 10518 76225 99941 14176 8988 93890 48558 44554 72761 68494 26311 62683 51188 86590 58074 14307 34139 58842 75361
82249 34951 64547 51168 78288 34681 65502 70098 39618 91946 31627 60174 21932 80898 36212 69110 65154 94141 17981 72075 33007 23888 28611 68483 86516 12580 58101 8003 97321 13991 71272 91186 44259 36566 76499 44728 88053 32180 23811 81091 85184 80874 22879 5938 69318 67835 62009 62894 31652 25959 15046 3110 31280 95570 34719 53613 78559 96208 1795 9765 30796 79556 7506 5518 57881 24144 32500 58259 68907 51023 50862 80288 16434 19553 59535 71487 59964 92990 12276 42174 25025 69547 9267 75963 68065 23419 83050 54760 14952 33567 59565 94897 41955 59867 51595 20216 31767 58115 37362 80620 57530 83668 39861 50812 84818 92815 34424 80098 40613 67928 27502 55084 30220 99194 77506 37610 3553 58063 49261 36286 41936 92586 82209 5856 47906 66485 67873 65809
48496 21282 91710 28583 61965 86349 73705 67337 6331 5297 62292 84234 17268 99862 53880 67337 90513 14982 2416 82487 7662 56857 93400 19625 37780 45799 87022 66686 28562 26743 9941 70193 41389 66823 16570 91189 83247 18094 65740 75063 2202 72708 33598 33255 49695 861 7377 25762 58658 45374 62822 19563 40182 63434 56123 39081 44359 8142 88086 9767 28042 75589 30729 22017 10496 96957 3709 90180 25889 15396 13368 32630 11999 79368 23398 30838 22170 20962 29306 60462 27301 58215 86480 40533 66821 70409 25114 9808 69359 20020 64032 11748 13414 13962 29669 13741 50330 4736 96702 69404 8359 64699 48483 56608 88097 52586 89407 95335 56589 23010 38097 66042 27313 36442 19568 40923 14064 90629 64460 47177 3821 40776 93504 25691 67547 5707 24181 40131
69301 78927 31294 39052 15824 61859 1889 99910 61334 48824 85769 55543 50449 26462 39183 51360 78425 9692 59217 79098 78561 63700 69409 74836 39126 49096 87870 58443 84892 23318 18675 17406 193 48252 72351 52333 85255 76681 88584 87730 80260 11306 63389 69904 41928 5549 8042 15938 26606 88389 92146 11540 52705 67827 26389 90759 53476 20565 91528 48934 80774 45128 94031 63442 58064 9124 58399 49872 18306 84677 86798 75761 82812 34026 47659 82461 77186 46866 71101 65868 33879 37140 82544 62327 99862 14771 9297 84709 8959 75844 71735 2580 63190 51875 93806 6367 35948 9772 34155 82938 61411 57920 782 14686 37236 65654 50844 60623 90015 57087 42139 79244 38550 12814 38122 90891 51782 31443 84264 60433 40195 45501 70991 61798 52663 85884 18577 3626
21670 69489 24594 27726 27570 66781 67821 44513 76288 88865 95159 70259 31425 98233 51937 42358 78533 59592 88709 66985 28395 26484 94758 35925 46369 93832 9848 57931 19849 87814 48566 99397 50809 12260 35608 65141 3469 93932 62722 51190 25337 62228 68532 44166 15610 60929 59091 87081 9360 48834 44602 21817 57804 51727 7450 63129 77461 82802 5299 21314 40380 94685 75238 23689 52783 2786 40892 29361 42577 91199 29098 34572 46090 68770 28890 26655 55369 47684 90093 3882 25419 38220 22715 66322 72828 2921 41492 74857 17700 17096 63712 77917 44123 94342 89614 19309 78018 11056 79367 23158 83851 35752 65084 77509 30270 84553 93434 12752 92271 51998 5615 10703 16544 22823 38140 75799 94673 1575 56371 45201 38438 30989 15786 19880 64877 3543 48469 23436
11184 9698 37197 20870 34902 23528 73286 10390 88662 88775 44147 33364 91672 89059 14006 39347 51165 26959 15662 70786 36463 43533 52603 70147 5669 86350 34121 95062 42852 61705 4022 25666 9324 99175 33810 98151 92696 11664 27632 53981 93032 21873 42537 24142 38822 43960 62843 49423 74473 68669 90491 88473 58546 17745 5427 55987 36754 10185 70011 60801 10365 88270 23125 59457 32824 88932 39266 59922 14108 47670 18014 29327 4204 62729 2331 38282 73149 75372 97475 19830 90946 83920 64382 73229 11292 69275 1989 38400 17576 19157 83097 89499 86803 82106 50033 68506 14149 9491 58035 14410 32910 59953 33920 16595 96660 49483 47145 85577 73586 75605 62331 89250 9855 43579 66333 97813 37083 31101 63851 49992 95435 73262 3655 89765 42360 18081 3477 89100
99995 79559 74821 90202 77697 45653 15500 67068 73703 21068 50907 47703 2966 46813 79989 56235 16809 40277 98532 60048 60557 98504 26235 22684 9327 33926 18656 81448 46648 26786 12626 70003 40024 70547 96844 33216 87848 84718 33457 39906 14801 41768 39100 94035 91141 61719 54919 34616 54385 71053 93083 28519 23092 91832 20097 9437 3668 11840 13 78754 15455 62866 27425 15648 19245 35978 40786 46953 5667 72841 85520 85898 85714 5884 60901 84211 480 80164 76623 58443 82363 46887 73977 10826 23758 96406 8207 34748 63449 17397 60346 47321 51785 91016 60442 75914 86305 11108 88679 59143 77412 746 10577 77374 98998 12056 47487 48711 62587 96704 85741 90635 68687 30344 19028 10947 60243 72018 10978 43562 62834 48343 9621 86082 24977 93424 26100 64498
24143 50392 84107 89853 31777 61481 61546 22398 39469 11834 88900 99505 5845 46371 42122 70238 6917 74720 92874 8560 43188 39163 93402 24383 85970 11012 22862 13606 94343 23552 7130 79953 67073 14365 78603 94047 24181 90326 78352 87413 26977 6765 75943 79348 50410 11855 81078 62879 93255 13302 88276 24966 48252 76988 81104 45518 3419 95732 8649 46025 45279 61371 63175 74015 36624 26245 3086 33732 62848 86552 82047 20836 48742 87674 80639 45987 72504 36858 92165 19396 79195 32352 73355 60959 38338 18723 17378 40199 17449 11103 34418 36085 34963 50141 24968 59670 94165 51442 91471 97753 67341 90204 63034 21015 71328 30080 48417 52428 83978 45456 65368 98369 18464 20762 98517 17925 70139 85263 58735 65268 29087 61690 7201 32989 97399 93463 2288 85301
88683 51915 5628 79507 57828 15286 15922 2159 56689 51652 30494 83338 85068 5410 1794 59455 14037 44929 39490 42352 19879 18511 58054 89947 22850 37653 89206 37372 91463 177 33719 48194 48321 77209 43017 65082 12931 75409 15250 88420 77508 32340 21256 71809 24845 14380 34289 9928 16450 94948 96047 57723 44647 58812 63463 65662 23517 87459 87868 37333 3407 55000 79655 39893 67816 53905 69269 92388 5651 56121 26601 85787 45149 21424 36268 87423 55455 30381 48393 73378 80046 58281 98590 22897 55595 25449 61606 50980 84163 36484 55525 13503 28384 77994 60064 5594 24914 59162 13617 85616 25027 30209 10483 90734 90376 25905 64430 2692 20560 23344 21372 76334 59258 79802 60679 37755 4571 1495 39033 90724 92668 18021 3874 73735 71581 34341 62096 79111
6136 43232 67750 83750 94168 37047 8803 9197 39782 70349 98583 84112 59561 72503 39503 18878 31708 9619 94516 1408 92841 50795 80984 54999 41985 35245 93909 43750 77216 62698 62540 38975 29403 36450 1424 8115 92721 12036 88235 87916 36133 89250 69368 89675 51441 29913 65795 77456 89948 21455 93550 876 97353 97205 53205 23869 28236 2366 6264 12910 39116 45585 94546 74397 67440 84550 33966 62943 7 3991 35142 46543 25398 68894 73209 19751 45655 44251 77456 53465 62904 57460 14235 34198 30026 45385 87256 69867 60831 96229 74070 35430 34607 9120 64854 12309 2510 32374 85256 36110 63190 75625 13902 33331 60563 47893 41111 41941 40446 97817 77216 7943 62796 38980 15476 14763 62501 57501 52524 90120 12612 58916 5689 86757 14828 685 44124 31445
43371 86555 50821 24776 43310 69810 61533 56797 64899 16927 69177 2735 76629 16032 11322 15629 94695 53608 65202 89065 59519 80075 19515 12195 77705 73845 8758 14684 17795 74346 30280 91098 34702 82533 26561 53279 97187 43593 50211 18928 92632 39741 23585 39623 35653 57122 78878 38299 58995 26415 95845 8141 38246 68631 77552 45776 33542 41775 41020 32808 55442 46072 81379 87423 82357 39966 64743 95772 37935 19036 36819 4341 55741 24952 44677 97139 27501 64552 16746 16977 92789 72511 68455 73908 33202 14579 30250 19135 34718 30526 69840 75565 14653 71957 34066 65847 36509 3676 34489 32486 20020 18416 98808 79274 23057 60627 6293 82254 34548 30887 43069 30652 73287 30617 72922 13345 52665 62727 30355 6450 75570 34976 53325 5404 22049 28782 45080 36101
42687 20247 28334 73005 63145 25937 92583 68677 92286 7287 30981 7691 18629 91841 89932 34930 78143 10840 41289 81100 32894 44190 46669 29250 53095 75080 61740 95790 34251 94168 21464 24379 71133 62490 93155 52168 27045 65289 39015 50858 71329 89358 26580 59161 9228 85809 61246 99972 63162 73322 93318 5034 46393 63502 17152 58518 24165 44574 47855 20110 52680 27916 60038 40452 80784 19875 62330 29896 6525 58285 32650 13366 22105 99575 26647 98203 77206 81448 93234 93380 25116 66343 91965 3931 99575 8446 49406 40544 96934 14932 5670 42955 83162 51040 92898 637 34144 75312 31833 85659 91777 53586 86558 16116 95447 21457 3014 48261 25840 23207 85819 60908 46068 70326 4827 32514 70266 18305 67051 72387 45461 71068 85678 96561 17251 37139 98022 17760
81639 39744 61707 64704 42717 59871 99009 78568 47129 45270 94733 99339 86251 12546 20107 98245 44203 1852 38582 30189 8228 93618 92532 86998 6301 59855 97267 64864 49431 22245 65011 97479 68562 95522 87499 92144 16719 38709 11374 12304 46223 94129 71677 79281 60124 76527 89379 69032 43307 7529 36365 79324 57590 21287 86098 94654 84124 22215 27418 61320 16179 54499 23993 10178 58628 5863 45780 53247 66105 87451 20118 34049 44489 1809 28217 76537 18015 55639 50712 87066 95650 56553 43033 45655 5978 18163 19952 7953 95382 17370 31463 9665 52915 89103 57875 2442 19728 38051 14307 77964 98013 10256 51732 88504 64869 70984 24679 83705 89207 11298 6313 68293 52519 75038 63043 45996 89955 5287 88547 84129 58974 77131 20473 61348 11524 52145 53158 41446
73396 50622 41308 77976 95916 94721 60100 36706 67164 96831 83138 31211 60290 93139 16315 37936 84479 59540 88480 9431 41715 78742 51341 5275 99285 5405 72466 88518 7601 16428 23024 36846 91801 51882 38603 78838 96469 98230 54072 69275 34781 3105 78428 67534 23823 26605 76213 25308 38738 93945 12371 40870 9833 44454 66343 50589 96605 5686 32763 98926 26395 10976 86313 39116 27163 76634 73194 8130 86660 12474 76813 29038 68509 32595 90856 47881 14963 74033 56413 23351 28093 6936 89156 43144 59691 51314 63129 6025 47604 64427 23078 78681 95659 18106 17049 373 5888 95 48586 32281 38928 11496 74381 82256 45230 87676 18400 95853 12224 91254 78175 18665 40376 69998 40359 45007 26302 86095 80259 13842 91990 69643 82046 37061 43748 30989 48720 11404
20530 89467 64061 66352 90308 23058 22019 17386 96492 51843 2111 75294 90771 18959 81481 56225 61333 96657 98786 17919 35521 3780 90486 49183 14765 73979 73695 97064 86177 69501 54528 77835 99979 37666 3120 49601 13455 84158 88314 11849 1300 6984 96200 39826 95623 45278 23847 79762 54977 47654 56452 96111 13688 9396 78673 96945 64501 32332 78839 99725 83378 89628 65255 66257 70165 68278 28254 37823 13824 2987 90903 15643 18033 13098 27526 4571 85066 79424 91189 8884 43114 77066 49029 8588 67294 5119 54545 64089 90552 86641 38957 54203 3576 24838 7431 93415 85863 37025 13873 79479 97973 3149 82897 65300 80902 19025 17237 24987 34463 52421 10396 47426 45018 95273 141 79521 38182 53366 54141 20853 581 7102 56368 21959 53226 46179 69352 29126
25672 80270 18311 16654 17695 5350 20749 43131 85794 56219 19671 97446 38570 48408 4677 47261 45155 96677 98025 29280 71164 44692 26771 14966 58273 84626 9573 99612 10720 87574 19862 54745 54746 22543 40758 72030 11884 98169 49843 84287 95686 89413 797 97974 38801 98720 58737 45143 44847 10614 43163 18452 24757 64079 53441 7184 88915 40078 88371 86853 68167 2926 62278 77116 89873 10420 58021 58369 27855 65465 94066 20515 79094 72944 4470 74129 45382 36473 55185 73782 68593 87955 29206 93314 13427 32682 67696 68415 68992 36743 94040 26693 66774 41879 67880 90524 33318 33622 25172 13464 21193 20742 57556 47968 7281 44950 2500 17402 66481 30485 93252 10126 35537 89205 70625 84089 70874 19497 15803 11894 55793 1709 68814 53062 67761 5457 88415 18013
98486 53498 29089 76421 9332 83589 92784 49683 64687 48583 5690 94263 57509 60589 10128 1387 50768 40536 14266 67953 25076 4327 11858 34418 55498 67240 6806 86768 60919 37447 30714 90437 4302 90357 53454 53688 93782 9426 43156 39155 3905 46270 49149 96046 48969 33522 8799 45485 6041 4053 27316 83307 74897 89905 3274 7990 79738 94383 60674 77955 74308 83640 88721 88499 72107 92632 936 29083 20466 19317 98729 70638 44215 77041 35111 14490 94157 14277 47170 80868 36297 63159 78094 27219 91217 94496 42967 97083 99290 68325 82346 54523 67223 27687 64093 73709 25288 61854 61619 68753 98071 11205 97991 45162 12069 9603 231 10007 59244 25621 7432 71793 6806 24885 60007 81610 70980 88397 22726 15971 70003 64433 70420 47113 78055 50294 90820 59663
82797 9736 28160 56717 81928 94016 59293 95774 18392 71788 9570 95202 92228 26927 39476 32549 18735 30990 73302 87499 55671 85379 87921 51254 76387 90555 31801 71100 31490 6986 90560 80718 25596 22175 65709 39990 80517 44533 17931 69035 42322 85345 28034 12741 42818 13189 52064 75646 71524 17513 58881 35085 7199 64325 23766 87197 78200 10095 72463 48482 4235 30515 21497 64934 55602 25706 46002 13170 43421 47143 56821 98624 97880 8404 45497 58620 99097 4002 17682 76452 81153 81087 79297 90562 1257 46713 30719 94977 39892 44348 63703 20990 44708 3055 43871 23807 78874 84474 89822 50827 72612 58976 95765 65684 81133 72210 73845 2342 50917 77857 98834 21647 79377 63363 4230 10469 28909 26029 86287 2258 22664 11411 92135 58434 43256 17652 74479 81248
77913 35190 79703 60505 42808 1857 89089 61243 27848 34467 73286 80479 83603 11984 16573 59869 11240 64117 55318 83779 84655 15251 31279 97137 43598 64256 99148 39894 91443 84513 4617 82631 17265 83131 87930 95952 21669 97540 13085 67530 20164 99359 27763 42046 47653 987 61997 43582 33178 15266 31118 12349 4850 67898 88763 28191 81763 58300 10611 97608 17399 97118 13836 58898 30127 93282 31342 49867 86792 59802 67166 87546 3058 96083 20278 95607 84658 52342 54140 86700 53779 81643 39357 1506 36233 48690 67310 81705 87383 68570 25814 15278 15707 14954 59115 92690 59642 55449 3436 97616 97138 87064 68848 39300 63772 4490 38433 73907 68223 96046 45943 74278 48403 47701 13299 6799 44049 10869 1410 9156 77876 99459 25890 54423 4666 88630 29870 34859
12314 83912 48609 70834 28322 66576 28287 10751 34729 93353 18011 69014 74306 22299 52483 98622 17699 92386 55672 27625 73907 55966 50732 67018 96013 29080 88423 32185 91185 21734 32481 71760 40819 34173 20826 20424 49388 18048 25738 59478 69785 41598 71506 4687 61723 96166 10883 49711 78138 98227 68170 71788 47961 58368 36449 43148 99196 17157 47582 24815 49558 26133 71154 25267 90815 66435 33222 46814 55343 99733 47382 249 9312 19135 39161 51909 60430 90914 78537 3573 14168 56571 69636 36903 10010 22816 55557 53918 99325 77188 3469 67721 92029 78404 68451 59758 95287 79005 17416 86452 43559 50841 97280 93497 93256 70392 78497 41999 95154 91156 96741 1730 58094 35696 43093 82161 94231 86609 90661 55674 23340 78556 56948 74308 6835 61157 96024 94860
46251 11702 6943 84745 55378 21490 99624 67350 73948 50833 22398 71155 24237 2090 87202 21395 22381 62918 55428 85790 79647 80 48981 34043 53570 52082 78975 21421 65799 73667 48330 67542 66473 73083 7906 50831 23981 31574 40060 3521 91285 65633 75833 42161 99252 6449 43917 39941 30345 80915 7633 86091 10880 18515 30638 76495 52174 60751 64378 21069 63027 97933 91338 59769 4890 20757 59274 2 83430 55413 93367 99543 85363 83098 85021 15132 60822 69220 24493 91304 89142 64530 76414 35807 49556 49054 97284 78506 64305 59768 7241 90852 47419 22748 68518 15245 1243 23347 9956 13781 93314 79682 25628 5577 9478 53695 7105 90210 99945 70616 75158 85655 43884 88487 13853 75459 21286 23685 39138 73570 55834 15912 33726 58243 38555 22171 21858 44144
95036 80881 43142 69071 97250 40136 17930 26885 32313 16836 21158 86483 95064 58910 18489 26604 95775 96824 78557 82462 96928 74020 28131 74486 75871 24793 43893 86287 87166 55254 66550 88319 75044 13930 69623 71728 70435 99764 30907 42786 31839 42791 137 71885 94962 76159 93355 47001 52506 70373 80507 29303 37764 85883 69429 61815 39249 16134 56064 41673 11208 56116 47801 12720 44679 70227 75379 44841 86774 80477 64585 46609 762 13263 48845 35982 79779 43319 37308 15305 83017 77275 41174 81691 65239 2624 75728 83413 80265 41797 48162 50381 66732 40715 53270 85931 20929 74302 57382 12811 96700 57759 266 24864 38233 34110 80900 42193 64724 75760 34694 23993 98562 54640 57102 17450 42997 39248 54695 58578 56892 1127 26704 65193 35467 5974 71130 69829
12421 41843 73967 62485 69001 8214 45 32830 97631 4558 92916 74959 71673 22354 65786 47503 79431 89606 46588 17088 10858 97682 62946 4595 94584 42615 82655 94464 25451 38643 51594 44865 33829 95009 77602 32291 40313 96766 75380 54397 21101 35672 29839 26157 93117 5917 71154 98633 39193 24051 17598 32251 21970 1745 49120 61726 47947 7510 11344 9638 94374 22013 75254 67297 85497 81557 9022 6963 15160 23966 927 6408 89399 49024 98448 36861 20347 45012 82653 40105 24079 47361 44073 21924 5068 21568 83172 27795 86209 68266 785 75321 20379 67409 16096 52160 83296 47444 40905 33655 19946 35815 81575 46369 73876 82614 86035 20709 47189 29599 52091 83224 29318 11378 95772 5761 41857 50319 92193 9211 64985 43280 7162 49279 52382 41332 70383 90260
9949 21829 36292 52095 40482 45103 88656 9913 20724 4548 61398 56500 45286 93884 14594 73893 17132 12800 81646 79244 2475 46901 5967 28199 87543 77310 84040 45956 52707 23199 64201 43508 80758 73762 32513 61018 45592 53514 44761 45689 13423 77973 9912 9149 99918 61974 34477 41680 94613 56914 13538 4271 49612 90642 81420 27737 31533 35465 37256 50584 13914 59084 61585 69930 80533 14523 25211 1617 38169 30425 49925 29315 95820 50965 27289 62220 67758 91804 57814 45247 60164 65170 10523 97291 27913 29387 75199 46343 91486 92207 59737 7862 95091 3545 37482 57480 78177 97024 86121 80802 77829 9611 35410 77210 98777 32162 21029 54205 12474 91793 12217 88411 68615 45063 37523 5629 30139 85319 12165 62499 41141 20815 68981 64345 55852 32013 10680 27122
71521 20834 37894 74607 74194 91695 8762 13078 64198 14049 62925 66517 5936 51685 97664 67375 8800 11531 66810 51524 1195 83170 38898 96944 70333 62555 66616 2815 93998 51961 40693 53911 58767 85351 38208 30899 87716 41961 39983 32918 29069 67103 91619 15082 81638 2429 48953 90201 76582 99423 13067 40068 45502 86794 88427 91656 85742 19373 3735 84646 19471 57853 12173 32858 35978 90597 34179 90083 49800 60795 64902 84733 9925 76967 18374 35748 85929 10905 56622 38318 88684 97345 63135 93108 5647 81045 22426 31990 28988 57949 87999 89052 79197 55951 76494 22266 16918 75364 35208 87708 20507 12452 48286 27001 37081 30717 43540 64752 85934 238 89738 57736 70788 94157 86015 65364 30026 99238 49585 80704 28282 97877 69918 47004 31584 77567 16528 36019
11359 20214 48974 14622 52196 91534 13901 90964 42445 64466 59899 38041 85058 26077 90649 53112 53184 26407 82451 69286 7621 31504 70226 50002 40889 4591 23929 70368 13223 47522 16277 42742 87659 90060 47100 11975 97038 22378 36904 26405 98287 6617 96879 28598 94543 28284 7828 7176 48612 6469 22503 29322 79976 46849 6530 49619 78734 43724 5548 24439 10925 30391 29377 88647 84407 66629 79630 66016 77091 436 71057 208 5893 76076 86688 41619 83595 12196 92009 75671 83099 72401 59838 81074 37729 27676 67699 95264 32935 60687 75826 74499 12002 81600 61644 3356 15203 20256 68486 51117 14608 32943 32042 68871 134 32522 32650 18548 92949 52867 57233 87781 42323 47187 60186 83477 69730 95257 83251 17914 13444 21744 45246 69631 93732 54555 25487 44610
50505 42329 73922 61710 35876 21678 86902 34830 7325 78923 2705 95988 17319 43326 29102 93548 52531 57222 99759 29637 16806 3256 13893 29054 13668 18165 93762 23511 62759 11536 76758 18981 46440 51375 95134 8410 77198 53383 56089 2729 53979 43460 32633 57393 14465 79894 21923 37 31659 24706 59325 51833 7183 20073 66635 47621 34631 69379 94381 1922 48568 64540 64724 67294 29779 70810 40416 97680 96321 69989 13366 33280 58171 86787 14086 45018 50925 65415 740 53054 87325 11431 11518 19698 95227 17706 91230 23859 97468 40839 141 91894 52619 29893 36174 52036 58829 23952 3021 6951 48313 61997 52272 55558 53549 48711 48708 17200 56416 75143 89837 70516 747 57716 22209 86053 48006 28111 13987 36104 19853 52375 70510 56954 53480 64587 49276 2917
1826 98671 61342 99063 19644 13000 8434 5341 90255 97106 81417 5826 5410 10450 58343 85604 43230 47832 42996 37564 32930 75119 92006 41964 58429 33535 15903 54133 90190 61592 13941 52499 55118 97959 29616 22096 70306 17864 99728 2133 67988 73243 2400 82222 1564 41981 31262 73611 37626 17632 95925 76256 34563 46972 64256 85661 48841 3176 13693 13635 6947 82081 36213 96223 989 66628 50141 94859 39444 91400 21208 22762 68126 13537 1813 15511 35437 55776 89936 35237 57993 76820 43004 39688 53597 44627 39948 85844 59808 1073 82705 67995 50802 50292 9888 37249 8788 7710 18171 35097 6069 15396 16079 84405 57078 21705 2166 92039 75516 46071 25605 73736 65550 96149 15495 10047 64854 71244 9684 94855 20915 29566 38508 53536 25368 51509 63451 85927
45141 83784 38398 98473 83523 25704 92168 67467 47358 77434 92592 86901 97362 61818 99848 43428 77717 27575 57020 66147 52290 34073 29875 83651 90823 5655 38556 68260 59598 95815 90016 83388 91822 47093 784 17250 3574 4067 93990 99572 42316 76856 63757 51732 80901 76605 86122 82474 29440 98375 11427 30979 38965 39896 89121 42591 31243 27892 59548 52298 82464 28214 93534 1335 82713 19491 82217 66721 54999 75018 27069 39993 16370 20426 79314 7666 45350 92151 4105 27430 32878 88999 95720 12988 92011 87059 55252 50459 19975 40152 31109 47968 33464 6398 95144 62670 28098 85900 94244 14871 59445 84614 1564 36127 94603 25264 23892 85238 85496 96218 44477 1369 95305 40594 44401 87780 58113 98144 35536 21273 3882 37607 20535 69590 44764 70284 72937 14445
69172 96926 28274 53455 33592 77391 72146 63874 31299 82755 97450 98764 92923 94903 39121 52055 76565 4395 23016 33685 95571 61954 8086 43588 6392 86483 77005 47533 1487 89628 31570 46019 4816 51091 15599 46876 88668 99470 2329 52207 5735 90515 34230 31075 93091 1905 45508 32290 4903 19231 12082 47262 2187 84998 17775 23842 17836 93519 37549 58089 34669 57311 97571 70805 17544 15310 56184 38648 2379 55798 95966 64022 12615 72077 95134 97237 61061 39948 92068 73072 12807 38584 37109 16440 9999 94205 61445 45345 23036 51177 36923 94375 69301 41761 41417 51216 76119 95155 88270 81157 28377 33222 58028 46607 52643 6091 92290 24233 91716 5037 55777 59181 35496 17324 85306 38884 10672 18906 9263 27314 35012 77190 96224 25336 20156 57168 50746 14734
72516 32197 57202 65788 821 59393 56674 82780 23544 47734 63840 16177 16823 72172 90506 38468 75566 98980 91670 9551 67452 25241 17582 19282 90333 21132 30244 43155 82801 65187 37557 68248 82832 14441 63724 39945 53322 5917 9107 73303 52843 68059 29555 44401 6697 94876 88780 71682 16541 54353 251 85403 46231 79298 52076 36369 59136 94755 93740 58586 54714 52858 74754 77511 69217 48614 43241 51624 24688 63775 47117 10944 51376 73536 61815 17830 35629 63515 2049 87 7893 2618 36030 36925 73643 1478 36849 44118 17617 39025 55045 83585 54238 85701 87856 59693 2323 61727 23032 75708 11781 10615 25072 59496 66677 97727 90415 17526 41424 4645 39540 71939 2435 17115 73991 72103 12028 77290 19043 39667 99950 47054 65580 42060 47268 98868 92813 90215
69281 1110 41436 24793 25718 6170 34657 37590 89321 33608 35938 97703 78924 22857 23086 17265 38640 32316 7838 59078 2618 54561 31696 52126 53913 73152 47413 10380 377 28159 50838 94116 74025 15179 925 42346 45838 90620 21295 75845 20871 61101 84749 83686 82993 30144 4834 19030 77113 219 21334 42538 97423 74806 26493 111 43382 87144 53956 34242 13345 62289 83507 71628 57160 90697 26842 68134 66422 45440 62001 25635 37589 59401 30164 85694 46101 16915 40736 83812 7091 43156 19625 86865 81357 80986 90828 5714 21455 2936 12545 79349 93451 29504 81354 8074 79331 76119 34408 68324 23769 61352 52578 31109 4595 22859 95854 8710 26751 22364 50612 60693 9581 9341 84185 65986 25042 74741 98725 7400 45973 91962 11158 71687 16711 93599 8705 23089
44802 46871 45228 63249 32252 15433 7520 82601 9959 59494 96284 70867 24594 20258 13417 49762 43569 81834 61879 48850 34623 66452 92579 29010 93314 57069 32050 24149 74600 45880 54523 36314 8348 96678 94582 71722 81295 36325 37104 85741 31829 62843 21310 86504 56137 24211 76350 67265 70702 37809 6931 31057 23323 40425 76390 6305 59060 26689 66998 68567 65273 54589 9081 3305 98524 86125 96265 7786 98280 79428 91996 9510 46499 24761 51384 96580 59302 97609 77213 42646 43235 40105 70597 93466 41156 27256 73371 34182 18423 40322 54907 61930 86456 35010 35941 171 51858 71148 37838 74788 38132 43916 78445 67852 80929 51627 48189 4751 90705 20956 84822 57110 50488 58887 27713 40394 72317 91477 55491 76434 79222 12106 81213 70883 57404 61573 30812 7541
90532 12525 56671 38896 25465 87970 26600 15343 72401 5018 61941 86212 46837 64650 37495 42974 52119 99177 44464 40715 47359 24560 91404 32842 6431 64003 34042 26979 81081 48178 28484 18216 89104 36586 99816 63634 95803 39343 39200 11531 92611 52987 53527 77104 59816 10609 27310 9119 67384 49285 85178 52663 25984 18516 2523 98345 94144 17316 11863 45550 60521 92638 35026 69615 46921 7878 40384 58302 54720 3346 1000 54786 49755 12578 62055 88772 71583 92811 46040 96268 42433 96178 33768 83615 10710 58893 79819 24932 81213 44640 97950 87257 97295 2490 49776 7985 86882 38673 20435 78996 32254 90513 41841 80760 83354 25435 91833 99569 58293 43278 38043 90269 33010 10444 31095 84048 76716 73352 23430 20339 87126 76309 69621 95545 94665 28105 865 78113
75508 23023 43630 64314 57648 12696 5552 53941 96865 51986 5723 259 94465 41563 65767 91252 89787 34528 38077 97921 9547 97841 73308 70938 77772 33218 87382 96509 12447 43804 15274 30003 59076 29090 52282 81547 76351 62576 23499 7151 40020 77509 83874 34585 58715 18396 74075 33119 29531 5718 32486 75692 72208 1874 22252 6881 34648 32362 60393 64014 68662 56338 53964 22893 71379 42518 25127 19572 23754 91599 19982 21367 52940 74661 91377 35600 10238 12379 25965 84999 1083 37808 9661 24597 37187 53561 31304 17704 44135 50178 28549 98581 51015 81850 53045 54298 51637 62104 63200 61373 49477 91596 95342 68744 91791 26886 52858 5820 11489 87614 37526 54307 17016 17859 56947 74934 27454 86074 63929 73802 80044 75984 50001 2882 17279 77206 90875 73858
55016 25815 52179 27711 9695 46395 67867 21684 1881 35234 77020 96158 31933 89914 25004 39274 27232 18555 88017 72221 93653 99336 45254 21215 49621 3908 63334 24059 47334 57862 8074 78602 97952 38427 66240 18075 33520 29431 87475 59775 18524 28512 81330 26010 82507 86588 36165 32344 91308 20212 303 33232 65818 70979 61462 48962 17635 86358 62883 29691 22055 55314 51425 93037 96982 33123 17348 35158 80187 77010 10958 93659 98608 3758 20757 50750 98246 729 40263 62737 61568 23816 58783 76145 91218 25431 96845 19438 1928 32562 54985 44442 97228 74778 7326 17999 3367 27884 57396 60141 9741 104 91397 52160 60745 89554 99046 70763 53829 24591 94455 98707 14920 6931 92500 1784 4940 96280 22673 68777 99653 53362 52537 1731 8513 13008 56850 69180
77848 53539 44679 42963 56080 14857 92500 8544 12290 33660 64933 65721 99578 70995 49235 72113 52964 60148 44527 87896 41922 89716 12994 63920 32818 59735 97300 15753 88148 82250 18082 70122 45365 6259 21458 39122 16216 98979 53418 97701 38471 58706 86241 17626 4282 82300 35931 64205 17474 3040 26563 71602 77284 10443 79598 10161 53195 86966 57851 58615 79446 44158 83424 62331 78782 85398 83055 16697 70728 35513 47052 5590 64723 14813 23223 63901 50828 37167 73124 75185 36893 23568 94969 62857 4277 46698 22544 66005 88799 74661 86125 94247 26100 242 97708 88870 38125 32261 92181 52821 38625 8975 33091 67211 5832 81430 2826 49995 72028 44402 52385 83792 31380 52205 61744 81767 46213 25821 12974 23478 42273 54462 25112 63206 60484 85714 52845 93128
87341 73352 40075 80670 68121 67973 58340 55806 42087 24954 75146 52670 83226 24185 66785 26176 92377 66362 73435 91115 48702 46747 99323 70405 32762 86873 10815 3642 33214 66824 59443 54581 54956 84383 17444 41252 70701 87452 59858 92336 56081 27555 40720 69454 43483 53502 66643 74359 63529 13025 94162 22 86509 68642 8942 86599 2282 57455 32484 59362 36544 10994 36901 50426 55717 7962 52013 91594 17425 87426 23481 91118 30012 42774 85953 17277 20351 613 16918 26860 80747 49502 34172 30202 27512 95250 67187 45357 39765 61868 56073 60255 95374 81287 18576 98081 87280 15542 10465 34413 72565 66580 13802 45784 53047 9672 87985 66489 67622 6483 31945 41103 31312 55123 57239 92460 42831 38878 38676 19014 23583 28943 22227 13267 77414 20374 38376 34687
93760 73758 52392 92819 72897 95714 65395 53513 73878 82531 37382 35014 12680 51672 37717 86068 5201 14475 82230 21459 86643 42014 77440 63669 98802 41514 81736 43948 51697 89892 58010 47933 94151 44336 81062 27107 34021 4208 32483 92610 37611 43882 62532 36165 353 18186 48042 40407 98853 92343 29093 21672 68658 61366 35686 17114 48724 19444 90590 14444 68316 41521 15640 63163 33184 53491 99194 88349 72820 20774 81978 8591 33372 91751 57892 90370 12999 77582 35495 56737 35384 18511 74775 1439 82241 14946 50041 19666 71403 39263 42697 43737 88137 31177 2181 23775 66457 52788 84012 8632 90003 91452 94909 69369 12342 11982 79730 84879 20469 13953 57636 81162 37266 74255 95883 89512 34733 30346 81782 59419 94281 87287 2283 21482 87579 12109 77032 35640
96328 70155 46614 28986 71527 52341 41077 64047 6072 41308 13176 71593 2583 52066 23954 29066 68883 71108 63592 14490 70358 69813 73241 64740 45348 16236 47973 45862 41651 42608 27839 67289 46247 71449 13733 82005 38664 44320 50883 65183 1362 55494 85906 89975 9096 34500 70348 10981 42818 92809 43343 50958 88574 43021 34716 58027 38431 62990 96487 41424 40480 17148 7593 72482 73242 58826 67751 55014 41595 25749 94927 47514 60369 94772 93474 71841 70298 1215 80792 97769 31362 75814 28 36236 89946 66030 55042 13463 98048 23876 55074 78644 45047 89812 56194 92159 21227 58405 39187 80061 91345 11848 97970 17760 76020 3875 2135 93531 98693 81870 59969 84648 30987 80482 4700 7913 48158 63604 23532 77936 53095 82054 50257 63577 57208 38745 9999 73083
84123 85114 94646 12190 74785 40896 26348 17430 29495 814 33441 75898 45510 55058 31202 28153 27654 97987 20731 4830 18324 50162 23665 13753 57647 32626 20332 7113 48693 47826 3009 54688 68221 90073 21480 67950 17156 45525 15996 82277 48829 12262 9716 37779 66758 24235 60237 36563 34800 72882 99490 75541 88239 32286 81895 75286 32082 86193 4393 48243 30313 38370 67731 23256 73105 59356 82409 7908 79227 61733 83409 10834 90791 69275 7740 86402 75031 60228 89335 80049 31511 32676 60382 25697 86445 32188 76570 96529 94881 82672 3942 73152 55021 51514 59474 49486 56173 30767 29683 23773 80932 55992 47774 29807 78502 98775 31327 44150 71666 87178 79942 70669 44110 94585 75902 69339 42476 45454 28117 698 92753 33235 73374 24627 20817 12467 56322 87374
23161 68504 80802 3534 2742 83414 71293 4328 59762 84631 66330 87472 65898 9980 63071 93376 19946 26656 21174 11535 82542 58979 63629 94879 27543 14786 11412 89636 48158 59548 4858 54119 30919 29876 85914 82440 88805 95155 20779 216 43467 64246 30875 44964 80308 16447 93895 55209 85857 65046 21092 41886 4990 36653 55353 66624 29905 29617 46819 63455 60918 10371 94027 99875 53574 70252 72248 51794 66773 79971 81479 13279 62352 29142 5675 62421 55304 82942 71024 97906 37145 14358 17714 72943 91653 22584 71533 55234 77307 68104 36574 47095 10065 33394 72091 34371 51418 61666 37193 99504 36783 55380 89765 9709 60814 40529 17002 18590 42298 35813 96021 63851 74554 29605 53716 32355 69834 68526 64086 59835 64528 40280 3470 51528 37696 66053 56249 60466
34138 54018 87025 8664 32703 26630 88456 69623 86863 97481 80692 38966 43329 66380 21362 47964 76650 34757 84569 70584 8436 63611 34497 69871 37433 3304 68877 78713 31082 84281 56718 38447 43244 80648 83356 16317 41223 16410 37164 72322 24037 19900 88291 90767 4367 45866 49802 56972 54864 90414 12248 32817 2741 48286 33355 21025 43091 96013 79271 83338 46958 16090 91161 41827 72899 91683 32099 43488 65062 99252 49479 11158 59133 98730 33525 22768 92780 70066 23502 84861 49330 856 45701 62169 74545 14296 4256 2710 89352 914 71702 75803 20476 2596 37107 77689 29053 53607 46739 83154 5978 1009 50156 61471 68331 34599 23736 11472 61082 90779 80932 41429 64503 58576 35662 93544 8442 29207 27942 84867 47441 85180 61407 58250 83272 56674 51529 20713
50078 87401 23430 44699 42409 77283 84186 22810 44557 449 95477 29877 93191 9177 63204 10935 90475 40373 56257 67696 22781 44889 24755 94722 22556 51005 43524 70240 55042 72934 25677 36188 31695 96718 78915 15022 84353 73306 42668 37020 60825 36099 14177 64662 86075 85807 80749 43150 50664 93100 23901 94976 69051 10134 56201 94304 29222 80377 78742 46124 82247 7032 48989 69086 57277 42290 91563 27098 82482 5534 77422 99772 9878 21598 17699 56025 77306 2224 28430 7188 91891 88036 8076 78681 70134 24915 69696 98995 45339 36800 98951 77841 60023 99398 89815 72449 59868 78347 45473 65998 19097 91341 70031 33836 91601 26352 60657 68981 219 91580 98681 69410 89840 65423 78819 76307 14703 770 74391 99615 34306 9785 21635 32760 89959 37510 80567 81576
58189 7779 48247 70222 46605 73648 66944 97697 22771 1006 37605 77301 19756 4026 29293 13231 32968 23804 39061 52303 82796 94288 93333 10877 99064 69582 59951 46447 68700 58645 29721 58289 76065 81051 99746 85431 54196 92353 14835 140 43138 35288 37084 80709 70802 21135 85282 73953 20189 34392 91693 67997 78763 94177 76399 86322 59579 1629 11153 43307 15918 56647 16901 38046 81616 84190 18432 3865 89024 13741 42231 68273 82235 67672 24301 80112 25378 13975 85880 58639 10125 16251 50664 66059 28343 59687 81839 61983 21702 36676 50557 78982 98265 16936 81765 14209 84586 87341 46669 24796 94926 76738 48152 76032 72604 20802 45568 19763 77985 92592 25370 52228 14662 17133 99809 62761 53499 12983 8640 70265 58282 68672 95344 42395 45455 67460 21113 23523
99272 42033 50216 85116 57453 47245 7381 49996 17031 61100 27505 6434 62868 96080 30178 2531 18879 46619 51359 69119 83492 48325 17080 47103 85659 63962 32544 190 84836 75394 61400 49862 71956 50824 50484 19889 17174 87159 4688 65700 3326 21497 34896 61770 75589 26272 84320 3514 96503 13962 58966 41197 61161 83970 87913 19719 84581 24863 87895 35700 23397 78790 50431 23569 46795 47071 34657 24986 98342 75114 82301 54386 65069 4508 97637 60224 98737 90661 44566 52115 1018 7863 92388 20551 54187 63951 90371 50358 60773 99767 94828 8376 21984 64908 89967 84345 92280 80338 88756 44849 29317 73878 36911 44091 70603 48784 98121 74313 28225 71446 16453 43080 97665 28629 2033 53308 36719 78003 69683 94297 81590 79483 94079 74318 31621 36066 36128 94394
23513 54172 7554 96968 58796 62944 35872 18967 96376 45541 80459 69967 60480 57674 26979 3192 51756 6826 68078 20211 69938 74778 51622 98467 8202 86760 18251 29266 85364 74254 94449 37673 47926 1844 87434 99162 23772 58824 7572 61552 7042 13577 86608 84205 27815 75640 80199 5456 16241 47514 19563 17925 70489 11662 58238 12159 85354 91981 36146 27082 75875 77273 95787 54637 35459 73580 35758 7021 48841 44666 76078 37176 38644 55996 70422 45945 29751 24826 6682 63385 36036 55381 83196 92463 61897 84463 62554 3861 18481 45912 33390 43856 85817 23590 41814 28367 56502 64866 80132 82093 32472 21724 72215 73635 38452 68330 59171 1465 44718 60431 49335 65022 56964 533 90963 77908 2547 10031 43520 9654 62358 41143 81532 32469 79291 84281 97665 84792
90932 52700 86903 74516 85644 6751 11951 70755 93472 63491 73869 90724 71364 81677 75277 37837 99121 30379 58275 15804 1929 79463 26164 95782 77800 52766 26814 49066 65156 61146 81805 71384 77621 15199 81683 77089 33272 1341 90940 44248 5191 34396 10918 30672 25287 73722 36197 4779 52971 44362 29363 17289 81956 34732 98147 85739 91900 27204 6686 63600 361 87126 32408 50846 93563 90393 35863 37572 55943 51725 41076 11390 78497 62772 25530 33469 48642 49828 95817 57908 81730 62122 78664 41742 19679 85386 80333 57989 66856 68430 9276 15851 26813 54876 7341 48773 39120 66732 20295 46369 48403 21969 11305 872 20494 75267 20440 93503 37769 87863 53081 52544 20229 83648 44663 7489 68295 9373 97501 23144 50048 26364 19456 10071 62866 50050 2038 81900
44749 39500 8034 95003 77314 43405 8927 38159 53972 82071 62535 47805 68261 79637 26860 11311 10442 91617 23950 70160 33123 17319 73064 95535 24562 87458 33695 73356 83364 40981 4823 91237 49587 43116 98805 87903 23684 47640 23827 46150 37395 78744 37237 12950 23066 94249 4990 34972 76403 46958 96095 45546 98016 21826 8928 26699 43081 51552 44622 22869 98168 6336 91546 288 64375 91273 28966 88075 38713 24894 92284 99797 54705 49280 37389 22255 90821 5641 32563 6602 90054 78789 14157 77476 91396 22900 5313 1194 25738 66703 28966 64755 41315 78323 82571 37187 34501 8251 92064 46753 4903 29271 27007 72214 70253 55708 47694 35459 7430 65206 46784 30480 55475 4364 2147 598 37234 6963 98414 10184 57329 14299 99190 4874 8212 53059 44724 88258
55038 97638 33452 63597 85092 48201 24905 3337 4248 21462 98498 41033 15569 60829 35143 94719 15125 14566 23388 95025 24339 41494 77083 38553 62503 78865 53680 1910 78702 40986 98677 12551 9792 73972 57597 62598 97132 95863 14860 87182 10144 93728 57115 81049 24944 62174 29569 41552 16838 58608 62768 52542 53490 6899 9450 53883 45865 47320 31980 99357 12012 32620 8798 28737 66923 65937 7455 88292 78805 7049 80248 1321 8731 40250 88918 23174 64139 31928 58756 69170 35407 95407 74178 78526 30346 7067 31156 84276 11384 33883 89785 87167 37242 82813 57932 8899 25958 98954 5661 23068 30089 81368 84802 86907 42287 19163 10625 1462 78436 11418 57979 36392 46955 62171 31730 33734 51118 68449 10509 36311 16072 81195 26639 95806 36988 67631 2531 29002
27439 10443 63427 69850 16164 40189 89651 71204 31944 11954 51282 72691 42645 25735 72942 20311 80673 66221 93270 53405 91258 42017 47340 45086 58184 59282 24543 81256 53182 34650 80523 75722 82291 39374 9807 23859 15480 90482 85545 36826 26715 86930 97988 93172 75654 57895 82550 35794 61239 30740 96779 85018 61734 34935 46135 62668 34645 80012 37776 23508 92295 52218 64171 66292 76990 5447 48483 31734 5290 86895 40546 8968 89877 1299 18193 8138 13518 80914 21876 30979 4427 10247 26863 99032 41512 31508 37599 15020 9092 33529 94918 78328 55134 85492 25598 25072 45867 53968 8939 76120 80838 17926 4407 45590 26419 40795 60528 77084 66189 82168 5434 27077 83064 79330 23903 54149 55904 87373 14145 45879 57251 86491 47623 29569 76868 42534 14398 58838
13886 87496 61309 26231 29298 52264 17905 34885 94363 50752 69902 15520 66825 13486 10181 27463 48230 78048 85540 9077 55854 25262 64074 66887 52242 98649 58884 16899 84939 27715 32246 4579 50550 12356 50956 9717 2664 36938 63058 96303 10357 62102 56172 79636 40056 90745 37876 13389 36174 38855 24115 87199 1735 96322 87697 36912 79799 13759 97990 70216 8124 91648 69266 44490 67622 36737 52400 11008 63263 82631 68321 96598 58028 8406 85531 15354 65474 21918 36848 81042 72539 40358 6190 46224 37094 77391 59515 73437 10595 49625 58420 36808 89133 20596 94220 2023 10665 85050 2649 69710 43444 71928 21001 23804 56597 35589 61310 29014 30934 82701 88052 79521 7766 99717 71847 97034 18294 8911 87525 92470 31623 44769 62336 22172 86307 70442 84032 63142
52675 28795 65192 67842 65281 87480 39284 13967 37552 40429 28600 22756 31341 197 70604 36404 5838 17128 46290 22811 70789 38178 58588 75026 29453 2226 12928 64257 17898 25636 57244 40876 15977 74509 91051 14250 24856 21274 94335 66453 20277 32181 1330 65195 77638 89946 74067 78756 18220 30108 55090 10171 39683 30485 78360 21250 16329 78777 36861 93974 35453 46478 82098 52300 10468 99721 14763 46798 29752 79226 1122 69067 46089 34771 25847 98413 92627 3844 58168 54156 3039 22538 27505 75332 31861 1589 97292 386 26017 98891 18622 67520 5689 16931 5417 23171 49852 15503 26752 88401 44736 80171 89047 71132 32571 74749 98521 53816 51292 48890 73693 62699 88429 62865 11491 40638 79890 68817 37572 287 36172 24318 96007 18930 38501 87083 5415 99129
59858 73290 21794 63707 42416 72981 11363 46986 13133 71988 98475 29076 33157 42152 60762 73334 32556 24528 8837 22152 57341 87611 12272 12691 83563 68045 14009 73129 41464 39438 10248 47162 44779 41898 80749 85338 55481 55335 30047 38598 71157 3747 34278 29843 9249 24561 78745 52495 49131 62043 92457 19549 28458 13073 95416 92096 37352 56847 29742 26188 21053 72388 77651 46325 57945 90982 18573 78065 9111 36845 4399 25691 3315 9821 75624 89545 51280 69879 66133 98654 99854 14721 78232 16556 67164 39698 53774 11300 21880 56871 13979 8208 67981 10193 27620 58378 33528 33807 67827 71702 90709 56295 15035 68035 79189 15708 86963 64441 81825 40191 55853 59926 85228 64615 83377 94663 28720 56624 53802 17154 29370 2887 19098 22859 3829 49236 23849 79660
63518 31393 5061 23819 6328 13859 14919 32106 14637 64568 56640 59517 6388 18045 35328 40073 83866 9477 73315 791 77299 79330 54485 14096 90099 58237 38492 65798 7788 22462 78897 11296 58061 69086 56845 73397 68242 91711 63913 59326 26941 4584 32316 4189 67334 58426 99224 32509 14263 23737 37537 82998 2165 34070 19942 56253 17229 22142 95449 76987 71006 49254 19235 89780 11640 53364 91363 73638 74931 90262 93034 29540 78314 5724 82082 98422 20309 89049 9870 15641 42330 95049 85532 73900 1538 61089 62354 12973 38763 73629 48462 58075 14205 55391 24389 2553 8428 52485 96737 37073 25634 72932 14997 85300 47609 44251 67806 71651 6578 3440 97113 352 30111 97024 84339 8472 82486 37979 81265 78014 81287 24432 61180 4618 65937 22962 30769 13890
56187 43483 55491 79566 48716 48655 7891 65192 17144 28842 88177 19383 16609 61846 19132 57602 55675 45385 11060 97965 6934 67571 68773 41048 51328 91501 9943 92441 8677 92528 19796 22753 72221 32781 55725 79057 68468 32567 13628 61398 46586 23132 99014 97467 91727 39280 11948 69305 92489 44826 50372 6871 91453 19322 4599 5971 73869 50079 90087 68846 49101 73308 84353 99989 51165 81357 19436 33871 66029 8952 8364 5765 51394 12893 64856 26807 63775 5881 16439 65330 52042 71339 42373 1328 18349 45061 99961 78073 94216 46078 89800 69131 99273 51680 60518 40668 69416 46471 65387 95275 81937 57663 13316 90735 89904 91456 32927 56275 1810 19725 87466 37354 36463 49369 51292 19358 49223 91082 35226 72200 22496 28120 34367 76491 34925 86169 70858 99312
57703 27460 97026 59128 87657 60218 99401 37462 17517 99058 89555 75415 86153 20371 72852 80093 36323 73631 9660 59116 10854 32727 65198 12034 80413 75988 66698 49847 97834 87198 36485 65397 56959 29761 81870 46313 93845 92403 81485 97452 15565 21361 14181 44553 59488 91130 82498 61501 10973 60656 76178 24057 93638 84680 43558 8536 62886 31183 92574 61219 35068 44034 67855 39592 27605 59131 15910 13349 73635 46204 80805 17727 20305 44514 22884 72335 34853 7984 21966 60570 91157 38685 25953 51243 52257 22339 71711 79955 97546 68407 39447 12101 13279 38057 91418 88171 12621 96050 23910 90397 25034 31153 11123 4685 87901 63846 99525 50130 45582 20800 54249 69177 87714 40259 11251 72433 36756 78573 68870 75947 50355 67619 67477 82047 10741 7597 5966 74089
1323588 1334883 315520 422447 432017 411656 1034706 139510 576398 1378836 1329859 1625858 489913 891775 1051030 661632 316413 676962 768845 1352481 443296 831747 368034 697267 1032988 531278 210328 399306 666422 50684 491946 329314 26867 467083 1409814 797152 695651 707533 995727 91589 907911 666495 447215 1244555 225206 160140 405285 912757 50409 1128246 211424 229053 886903 433138 937618 365448 401639 111642 168537 926427 182671 1276245 75780 1204945 377241 243292 338137 870192 576069 140429 1202247 67461 1138986 211368 609568 795647 934630 103276 884070 34219 1267317 181723 914932 640695 485217 508301 657123 1060318 857142 1040889 291763 1541950 1244735 789863 124844 423304 279620 460787 681828 826369 47209 714057 1026036 939944 1010588 880140 928204 961472 1129532 327160 683417 1185269 946142 270650 190163 597045 117988 347015 931578 116525 1426635 1306262 1117843 918470 691948 1022131 746489 141958
