24
0 1 1 1 1 1 1 1 1 1 1 1 1 0 1 1 1 1 1 1 1 1 1 1
1 0 1 1 1 0 1 0 1 1 1 1 1 1 1 1 1 1 1 1 1 1 1 1
1 1 0 1 1 1 1 1 0 1 1 0 1 1 1 1 1 1 1 1 1 1 1 0
1 1 1 0 1 1 1 1 1 1 1 1 1 1 1 1 1 0 1 1 1 1 1 1
1 1 1 1 0 1 1 1 1 1 1 1 1 1 1 1 1 1 1 1 1 1 1 1
1 0 1 1 1 0 1 1 1 0 1 1 1 1 1 1 1 1 1 1 1 1 1 1
1 1 1 1 1 1 0 1 1 1 1 1 1 1 1 1 1 1 1 1 1 1 1 1
1 0 1 1 1 1 1 0 1 1 1 1 1 1 1 1 1 1 1 1 1 1 1 1
1 1 0 1 1 1 1 1 0 1 1 1 1 1 1 1 1 1 1 1 1 1 1 0
1 1 1 1 1 0 1 1 1 0 1 1 1 1 1 1 1 1 1 1 1 1 1 1
1 1 1 1 1 1 1 1 1 1 0 1 1 1 1 1 0 0 1 1 1 1 1 0
1 1 0 1 1 1 1 1 1 1 1 0 1 1 1 1 1 1 1 0 1 0 1 1
1 1 1 1 1 1 1 1 1 1 1 1 0 0 1 1 1 1 1 1 1 1 1 1
0 1 1 1 1 1 1 1 1 1 1 1 0 0 1 1 1 0 1 1 1 1 1 1
1 1 1 1 1 1 1 1 1 1 1 1 1 1 0 1 1 0 1 1 0 1 1 1
1 1 1 1 1 1 1 1 1 1 1 1 1 1 1 0 1 1 1 0 1 1 1 1
1 1 1 1 1 1 1 1 1 1 0 1 1 1 1 1 0 0 1 1 1 1 1 1
1 1 1 0 1 1 1 1 1 1 0 1 1 0 0 1 0 0 1 1 1 1 1 1
1 1 1 1 1 1 1 1 1 1 1 1 1 1 1 1 1 1 0 1 1 1 1 1
1 1 1 1 1 1 1 1 1 1 1 0 1 1 1 0 1 1 1 0 1 1 1 1
1 1 1 1 1 1 1 1 1 1 1 1 1 1 0 1 1 1 1 1 0 1 0 1
1 1 1 1 1 1 1 1 1 1 1 0 1 1 1 1 1 1 1 1 1 0 1 1
1 1 1 1 1 1 1 1 1 1 1 1 1 1 1 1 1 1 1 1 0 1 0 1
1 1 0 1 1 1 1 1 0 1 0 1 1 1 1 1 1 1 1 1 1 1 1 0
8980 33975 40119 7314 4686 39152 33650 7555 46113 77386 4961 62927 9333 69386 481 67634 32447 71753 53907 80357 89762 72996 64621 20611 47543 64514 10471 46537 27377 69332 7338 2172 1528 77430 63174 12761 52210 31022 28270 33026 69222 68686 45716 69132 20861 16221 21572 74001 2895 65815 81670 68186 41381 45889 32653 26728 87095 49141 21842 48880 44217 31218 15007 29270 39374 17294 25784 65446 84547 35694 13089 88529 78416 84086 55331 16941 89506 56124 56041 81719 29368 97998 60537 67559 39890 32047 19557 69699 84113 74885 10961 73110 4878 27209 53986 29489 92681 76159 20638 34123 66407 42691 79273 27001 69201 98140 831 25457 95673 45816 64162 35575 96843 50303 50150 14840 56235 29813 99448 35419 24656 20933 15746 92795 82319 49100 3480 98874
37126 37500 64627 91736 54058 80705 84986 56606 25314 35487 4895 79132 42422 10643 37650 67616 29739 3424 41379 29208 98424 30808 42435 79503 71170 16062 56017 59739 3568 56844 66248 95154 56571 23148 89822 57742 85866 68984 3577 23503 29110 22763 40729 76530 18250 64385 5742 43535 55077 54875 74197 72710 53448 42001 46502 79372 34377 16839 20910 75183 2857 53985 46906 16795 97080 94207 4170 62491 85145 4677 55292 99927 83010 25228 42315 93585 39171 91181 19406 60543 42169 70503 23409 63249 43732 33730 27570 86113 9515 18413 88163 20516 51581 30536 32898 53080 77102 15816 64997 99119 45029 86415 48175 64776 57198 51535 37308 93991 5613 95720 83290 51514 55422 71026 83060 25122 61824 8263 49117 95487 57991 55379 573 15474 46327 84299 19931 97704
22848 15464 85906 63841 96805 14829 52100 88512 55588 80189 40160 25671 89189 5190 16649 53861 65233 67546 23431 13038 37556 25026 99592 21355 45412 7334 17967 14493 86826 29563 9100 74758 5373 52475 26716 63986 94396 47308 17309 62035 3402 81528 38335 85968 40598 9557 34386 15604 82177 69367 99093 50073 16240 1069 50095 47156 46045 56260 9387 17257 65701 59800 96632 91748 61054 83412 47909 9597 68128 84379 28584 24802 17430 9794 35095 28260 30061 59686 46192 6057 69467 30881 2603 46690 2759 80720 24002 96301 53429 83778 33990 31133 77492 48365 46411 27442 49200 3722 82561 11101 55823 72203 77437 31768 43088 23085 74688 46249 93557 46918 81273 53739 16727 71732 14692 18811 28518 73554 94925 36913 45036 88726 57354 74216 93002 77775 45364 80407
56899 51157 28427 32672 91716 56259 72301 18887 78287 69020 84939 82008 40406 64159 51171 85936 57867 52657 10864 6852 55606 98718 21072 16484 40308 19367 99481 89755 99160 78408 46655 27997 71413 95684 60436 28723 18037 99558 28457 96734 71338 15390 3190 89339 58212 91973 92735 56103 89997 7500 17371 86599 71660 35461 63699 20281 21170 71170 9874 41084 49607 44575 13770 26039 46113 29950 29593 4331 9170 42778 18132 80116 17847 72695 15697 97483 90644 18552 43660 19879 53285 14136 52905 36463 93351 23153 65942 25520 47409 59024 54214 55185 67983 35151 71633 2486 91334 64062 88019 18710 34389 36656 24493 50199 23550 52656 26507 27596 8359 82610 76654 14692 34476 53572 5322 61977 7383 22818 78816 84690 7182 31762 68519 29167 80403 90302 77551 10828
95360 96897 26744 41122 78114 60213 81298 42811 84186 14486 28699 14037 22855 87495 6654 2598 65214 83933 65738 93126 76381 42532 89246 926 40036 74938 52956 43874 61986 32722 97416 24493 42449 7848 61137 42818 9355 72471 76317 88994 21841 15730 56388 70339 20165 48167 5624 85971 8579 10835 55643 17081 79460 69862 48216 96919 85679 14849 25219 74153 35329 34561 89047 77347 80331 33795 92352 33523 58458 39431 43089 35019 44615 37938 87608 51489 36614 6499 96552 62573 19838 91342 61331 28063 36186 83444 60070 74785 10390 97825 61586 76802 64474 49094 62779 94330 82539 68366 99276 62227 31058 31754 84178 34226 98499 6294 63650 2452 67436 86376 70921 28528 11054 68233 62441 36067 13059 95677 49078 25930 5506 70921 7241 41147 32771 82294 76155 1188
26975 65859 76133 2107 8294 85369 53849 95715 86316 26991 53036 82246 96041 89507 75924 32692 77757 87027 35839 33183 13431 57614 44839 88892 95267 57325 39774 54873 6749 50271 64470 21614 31708 92056 46960 80453 99175 42046 79657 5749 91263 96103 71876 28833 21749 94623 70355 3310 12005 36073 92114 59365 11215 92536 92316 95257 67374 83594 19502 20068 51295 17012 71036 1304 37244 59179 94991 53554 1066 43392 19983 65234 86157 37992 3125 32304 42952 62387 35165 74096 82456 62484 27371 48183 3999 72899 28581 12201 64429 471 49695 48838 51258 73006 77425 98614 77525 52174 95229 66219 21654 60135 72292 28255 13441 8092 78804 19867 56921 93747 28192 63224 74820 16135 7212 21025 78329 75692 13565 43538 79942 26058 13236 90015 31981 64050 76701 25853
50311 51450 55808 44017 93859 7038 65277 65096 32366 36776 71286 55685 64698 87087 83448 84269 32022 68544 21595 57217 31573 63486 90016 39556 98847 54068 6802 27041 29944 46387 9467 63879 8633 24360 73225 7464 72487 20826 52642 55244 45727 26841 20192 10413 4756 42845 72329 79893 44028 7934 7426 85841 99484 4357 93693 13411 858 58975 49448 71533 55520 8002 45422 95294 65377 9045 76269 19708 40135 92469 36198 50028 25968 88671 8456 38250 12725 62561 40303 34043 53081 83687 30651 40649 67925 29764 59307 59345 25066 36568 78275 51137 31555 77454 52341 33396 20358 21703 71432 77460 83820 29647 87849 22161 16302 77250 4856 19018 40964 52529 82141 11389 24223 10812 96677 7813 24672 37738 91071 84367 63056 35151 20362 73136 51011 95302 40920 30034
10281 82168 24873 67687 38114 22536 56839 24031 96044 81283 46749 46890 59473 67549 23922 60566 67840 32858 36404 60571 77600 1395 63666 78891 6926 17452 94335 63029 83073 62563 45691 35619 7518 61465 90226 97318 16023 8815 93080 90385 47900 88257 30824 97817 3205 48430 88624 77240 32372 12554 46661 71007 89645 29461 17755 70931 89116 8831 64882 89481 46478 93167 8739 80706 35591 12360 76033 65229 35823 2220 19503 79220 23269 92376 43974 19077 91666 35353 35211 58339 21963 15184 79235 73913 21095 49649 94734 54151 75008 27420 53428 63233 88373 64736 57622 12276 6921 18952 7010 5122 91035 69481 58076 60439 5302 2601 39320 87361 27021 661 68709 89081 61587 3362 17387 22830 13079 4922 27844 75428 78255 6350 23143 92184 10701 84107 86261 47358
31718 5871 28569 86345 60872 28306 16992 40526 73132 1634 94209 54169 6867 52074 76216 31141 66919 78489 61131 37155 97822 72978 81760 84851 61439 59817 93020 8517 36052 78846 56370 38595 46649 61150 62084 36443 25783 77041 72551 10903 18181 14424 14905 24152 24832 35149 44756 14718 82834 11534 24295 89358 95678 22639 75921 95518 60375 6594 2106 21319 32117 18487 25750 63902 69472 65614 56441 22212 71483 95179 30167 11618 41498 39535 56956 27952 27666 29811 84993 8067 85528 26579 20118 80332 74306 26546 46310 89216 90486 19770 20053 98848 43772 44603 3614 64509 36858 47876 86158 18592 8363 34267 28388 84576 78181 67436 75210 76112 59794 14309 17505 96311 79787 57643 5211 97339 14038 75467 10661 44108 98018 9323 55750 231 41043 87692 63953 14487
52003 68137 4919 53560 81286 50251 53765 95258 56273 35883 58888 90132 7395 80119 26211 88111 20362 85575 9264 46909 55943 51754 60378 29278 67212 61143 8307 74041 91675 37779 47421 56896 72974 48972 34182 79913 30800 68868 5511 86029 32595 44320 82146 78161 61463 34803 17455 25808 62357 85975 42431 2285 45639 20786 62251 76398 10449 73149 42044 34428 34927 41949 86112 90613 77821 94927 76048 81535 77317 59408 79281 39843 11260 23827 10505 38201 28513 22366 89540 14185 6137 65068 53222 95642 23507 46483 40215 27761 5908 60729 80497 32530 50974 2828 5279 81944 44363 52224 73824 84363 43306 58814 19678 82246 42134 49999 39397 42 91437 32871 10065 15917 82659 60304 10921 72818 14752 76881 79857 55825 84798 32038 50214 5575 25701 97377 28621 62759
46027 20352 42873 19408 52729 49668 81025 8652 51195 51839 86495 40428 46919 32565 8331 32624 51311 44144 10313 49072 12826 29373 83807 94964 88315 75141 17933 22261 64267 10899 75698 83395 84094 27505 54 23944 4922 48013 39426 26083 91138 66118 68745 53541 3303 20648 88094 68095 11550 2861 38234 51935 18064 44796 44412 74368 85939 21116 87192 14150 69477 68176 31602 38647 91781 30424 8290 51239 53095 10585 28068 57810 61107 5228 86081 98172 99735 56818 44832 75030 15033 2405 25075 38055 81619 93795 37499 73891 39767 34475 78750 57380 53360 68341 39822 6953 74621 52578 9092 5244 29711 58667 54426 14995 89125 39621 46476 60980 81507 56677 38964 71909 27826 50366 28097 10384 72168 7763 79627 72747 66686 45463 36638 56986 39083 30784 82074 89465
30477 6775 85418 25771 37654 99958 44933 95900 33348 35936 61765 87080 117 42382 34315 26467 81710 60273 97118 52682 8540 77620 4756 68984 61722 98648 26706 64659 38010 42980 83156 25014 4762 67888 77719 45151 65870 73493 56971 80289 52692 99956 23140 36668 2196 82725 16430 5515 67882 5135 50940 17375 9935 47669 39550 21448 81498 71965 98809 15811 32465 19701 13434 56380 43331 93173 88617 56239 99495 50266 76054 14093 49005 2112 22575 49239 29846 72814 85579 28557 3066 90626 14371 90497 16494 47871 54276 29830 38314 16269 27375 36901 71301 12294 2962 60081 67100 86329 51527 94230 58799 71357 92936 10077 5143 40902 46628 51058 38660 31437 19211 3791 70431 54644 60508 31681 14090 19261 56099 20318 29546 24312 58737 58644 389 92726 78200 77985
27861 42657 60140 55342 25737 4852 89452 94844 6147 56619 42629 49681 44474 93932 22242 15972 67432 45586 35505 93061 16877 92683 87843 67823 40495 87258 9730 2320 13331 97153 47543 26300 64986 34887 7981 51765 98376 19474 98972 49403 69691 43986 19051 21813 66021 10730 78502 92190 60012 14198 22669 57765 42535 61271 25532 74226 39068 97778 79458 34718 40805 34696 31115 47212 20988 66285 91848 47208 83802 58933 96683 40290 9784 81055 11163 88135 24970 67095 66847 88161 77490 37396 82931 11745 3131 61748 15255 29425 28647 47625 44396 79945 6088 94631 81839 24468 21698 12682 20474 88969 29011 66041 29820 19785 55091 7723 64967 12135 74915 74191 6443 59482 20750 13791 9931 32826 42346 56543 30275 44706 56619 85042 37985 41007 66091 87012 29129 31862
68471 7187 84661 59100 54873 15723 62093 53453 5069 73820 75853 78179 4440 57290 50976 23334 64429 35089 99811 29265 75910 13486 25914 47621 53971 60757 73275 52995 337 15771 3824 32569 55773 73228 36383 22055 96885 31175 32758 77858 22489 79202 57457 44546 97544 30409 15205 21478 22323 96873 77106 11880 57425 53598 54746 98388 24197 60149 89317 77202 36538 78478 10631 45318 35315 45950 64757 42480 74445 85572 17153 32531 84926 76588 54770 82173 55799 54203 21587 76574 76444 76749 96153 89461 79881 41684 57806 77368 74806 99167 49396 97239 88747 50500 87675 98265 51041 84203 95763 285 686 99175 26710 25314 94681 14901 38102 57103 60155 20302 37945 48788 38450 86322 36818 19986 72254 32117 14956 10525 64517 41235 839 75459 74009 37350 40967 59705
20407 89362 91606 88741 4891 78114 91839 57386 97589 56142 27137 37239 75769 93173 89577 79248 31725 3496 87665 68138 37326 64630 35396 71615 89016 4659 56987 83608 90696 6747 19731 31478 27822 24538 65233 28612 78881 47946 71135 47282 72599 54409 12570 15710 81427 19613 7245 80629 70092 43312 71884 59761 20083 48812 21335 7965 57292 79989 56589 5647 46980 99877 77976 47915 22029 2010 16030 88703 6758 1115 53672 98644 99124 46771 6705 85298 57553 61051 24427 32519 25906 14425 26152 71930 48360 47043 20652 10712 53014 16538 70658 21816 33270 85729 57510 97644 58155 79696 79398 79723 7805 60271 764 78773 71491 33013 4757 41417 82729 14193 56328 17324 7647 29886 45687 96841 37682 84880 99376 13190 32366 82680 87843 22379 90898 62762 82519 59231
16662 10375 98019 11664 86636 10543 6385 35326 76235 99590 70527 72790 30507 75162 7507 45752 45104 36791 78479 27790 23517 97453 28918 71229 87250 31517 27465 78476 32201 30648 7353 9800 55662 39662 41103 33935 48342 80624 77013 73321 77090 13396 91018 2832 44888 57031 81301 20628 1357 13695 62404 14734 49541 3887 4660 58381 63651 25162 74443 25755 1649 87204 83856 6269 9365 94553 53657 63063 25634 34494 90424 53431 81168 94716 21050 41772 27687 94169 82131 78697 65406 57449 59409 25411 73664 98350 12310 87943 17239 21918 3828 30329 79038 60251 10723 50403 70948 91278 5683 99121 84918 2169 70877 23112 99669 19719 1132 13499 36302 64695 61192 90148 12886 87787 62450 22388 32358 75585 44258 70314 4279 645 12619 6895 91422 97902 12475 54060
8944 79976 45389 41545 79339 22741 83002 36107 17371 60569 34992 39015 60720 28934 87502 79418 34450 41790 65487 30210 78757 95534 44497 42166 1276 2749 13077 34211 96796 65570 73772 22209 28986 79733 49520 63291 26953 86741 45508 88046 9451 32102 33058 8312 95157 30496 54964 35433 61728 39204 64211 21828 96494 61809 9297 88198 58197 26904 16462 39235 87433 4621 7715 15688 81649 25298 29221 28406 56995 22522 91938 75779 64040 87002 14058 91321 80349 7260 97930 61054 3281 42094 55534 66635 95096 29147 35586 55126 50699 70595 14495 40428 5631 59574 11865 7445 21097 57952 41232 18285 25165 47485 89084 57590 99884 79830 7796 53636 33792 77734 9806 21500 12363 80282 64644 24675 51856 53127 28129 82853 99447 58576 92517 51692 28998 68365 96397 28689
93934 23205 59015 3304 499 34081 51964 16271 25470 48795 21304 68287 24925 16688 7443 83796 8142 84219 36452 65290 99510 77666 64906 22774 72909 96524 70513 11667 96110 30184 75345 37748 39066 98906 62487 97338 35998 78870 50020 30413 89684 89390 70238 83376 9055 30212 98225 43337 12149 83852 43347 18344 76288 81084 44243 20474 93517 45056 19981 26023 28938 8617 49500 85998 52476 3451 47958 8848 60152 39542 32233 68976 83267 18181 40570 82155 9287 91928 40649 96221 3915 29843 55132 95041 2978 77238 7699 40108 79111 19898 38839 25529 4912 69144 85865 71264 44374 74711 1239 65818 20161 91552 28232 90656 70828 65950 92757 71376 30575 71748 52257 91965 81079 50023 28091 22422 30616 66547 19581 55032 50674 8161 64036 91699 15918 47883 66370 50187
42701 3583 31733 42262 40364 27217 49396 1707 93492 26692 50219 90174 18818 35145 89923 78552 5371 95879 84444 47351 70491 32465 28586 97457 45538 44986 22120 82397 95306 55220 8477 56503 66892 21537 8754 9345 76701 99146 89001 40496 84887 73959 51314 24139 94178 76657 59344 29582 96013 54038 61993 43417 63499 26941 62230 66371 37306 26638 71471 41079 48101 13175 71018 14676 48093 35940 65893 72364 94071 71127 37400 68878 23137 28753 67093 6894 53907 4475 32902 69052 50133 15473 8816 5630 48770 78980 29160 61491 31057 29454 37824 34243 75430 95513 95072 96401 7922 32336 31900 6281 2548 50375 71683 13806 73681 82764 91032 80006 19091 50842 84429 98513 40403 54235 53926 4519 14905 43437 11821 48349 26449 43238 17263 13162 76975 58012 66125 35483
36338 89166 80776 65269 64342 62180 16668 97193 58855 7890 93156 74848 85656 83517 3837 4954 64299 90081 14186 88209 43373 63502 2475 55423 27928 73953 61678 42942 7598 16645 13980 69215 7838 89250 38861 17130 27576 82366 92570 14260 90301 97762 91636 52438 77651 89424 33457 17134 17630 86133 25617 11531 73480 85387 61998 27860 16143 9126 60971 24131 26348 26029 31820 65137 18682 76165 18974 6804 89108 19311 77525 6088 37080 51087 44238 55698 16031 63248 1462 62018 63315 96978 1796 66390 19266 170 86509 49237 53180 79898 69091 76302 77767 24241 63571 34909 63193 23800 99200 19161 1067 7335 44680 69825 4700 66915 55155 17553 62834 78212 16374 85840 15511 98069 84728 76995 17 8526 33251 60271 81225 99685 90587 45982 30168 76125 88354 6836
10652 29533 86823 88123 9734 77842 22960 35135 94882 82027 51629 70642 16444 66465 70208 5033 21443 8351 49005 94993 81427 23013 38936 75736 91525 96830 37098 72614 2709 28928 20603 35436 90576 52955 69563 20531 27076 1280 11245 77604 80555 69149 62807 51733 40882 76104 96031 231 99926 67081 46724 12380 5964 69412 40985 76945 19926 26743 49773 31463 39977 17781 45242 49172 77134 25359 61235 63134 6236 31370 52730 90115 41384 91233 95431 6807 76235 11044 63660 24999 12995 56462 21716 52144 81659 88368 87088 54609 95894 90696 34829 70855 80783 60117 45916 453 97447 18746 33663 60951 31159 11465 54871 58957 43878 45738 15482 71886 99100 36205 85650 39202 33 70627 35375 83091 27194 55498 61211 66869 71973 94743 84733 89943 50324 36673 51777 81173
71936 46482 81030 41586 69027 55349 79488 60609 88145 78837 32829 7887 79058 22030 36350 846 89927 50705 11861 96470 64852 25103 87295 72536 97247 28468 72762 30051 62689 55671 54731 56642 45191 68326 63019 61724 370 12672 80639 27488 61371 91325 34453 70851 15323 36364 60548 21765 81280 46434 12140 99074 39778 59879 41858 63402 61790 63841 13007 70769 42824 37413 5283 81927 88765 89647 819 81595 97203 76332 316 24927 87303 43630 76539 95580 66546 15526 44661 89018 6338 1195 20755 39885 33250 61758 93291 23084 22005 37573 18768 45678 43757 78128 98634 93084 50441 45053 32896 95488 37890 24201 89025 80456 63719 13907 2601 34098 51350 94850 40738 96738 48998 63556 79540 24128 22766 80775 73758 63757 30455 75679 51951 77909 59304 40964 45193 62023
98962 72541 75045 2720 98886 83365 63966 35133 4386 1721 40896 88128 47210 85102 24520 14293 60985 51828 92109 73195 69131 72658 36124 96858 27491 52369 33167 60329 23564 76383 28078 10607 29973 35865 21395 11116 21364 60822 62457 17778 97352 77579 87049 10145 42468 17393 57531 25220 99007 91145 52572 19802 69485 21260 71938 49994 72605 12295 14995 72582 61711 421 56147 26660 93361 3660 80446 89533 16564 4206 89776 1685 38198 94302 76379 66062 12178 5581 57147 50829 79107 92383 65390 60908 83819 63618 85023 33173 36577 19262 23255 13068 16339 41316 41223 42972 21014 28499 69520 77633 97627 60458 84611 61264 32405 5624 52430 36306 32747 89058 10006 24808 3656 20176 43488 73076 53312 87721 60742 22563 21505 22395 31979 12774 26161 99589 42948 90734
29273 74086 18426 31982 51107 6743 61681 5874 56349 99909 71148 50280 99682 1312 19114 44453 9023 98692 6765 321 44031 82896 5895 71260 9981 2312 82706 78152 80060 70652 89880 89718 3526 45831 28586 2611 73379 15335 73173 67357 93609 57482 96429 13629 69573 56364 89350 76679 80317 25083 68554 18971 9697 45802 6697 40401 62193 64716 67757 98249 91212 67701 21960 81525 44304 16811 408 8551 33873 11133 56524 27011 44668 32207 64952 62140 97971 45273 7027 95618 16785 88840 30986 14151 45052 69405 62604 89620 39169 30998 85235 43628 87562 33886 35650 97772 92760 69322 38871 88744 17425 42354 22289 60919 61591 7697 19557 82642 12712 28385 90830 81154 98822 48351 39497 69146 98085 36342 28618 16103 9006 2039 73797 81777 84491 66901 2882 5563
139691 429358 435787 73275 308808 88150 417165 168613 311266 421428 126817 534446 414030 484167 186961 314126 407654 639567 453959 497811 245254 100277 374694 146808 587989 210757 467653 126906 480870 396938 244902 201277 350088 73554 513836 427573 244945 431213 498424 125937 353119 526509 470972 330036 296932 190216 534820 244114 482812 283259 581683 188103 63079 64594 480266 334058 123743 158032 307167 210161 170854 259636 494709 533334 261632 11851 425431 249751 33148 61497 153773 592942 194735 377263 107696 265015 192884 362566 358216 403211 253639 207170 530411 257530 19634 745965 416607 502121 152045 274283 13920 445932 390227 177403 397768 635701 251743 139171 260929 420792 372493 111819 376977 416938 346188 397457 321510 518658 31688 657745 685027 230204 330134 23128 397968 140280 277479 134347 518506 207805 277708 50463 253033 379497 97299 345304 346066 73001
