24
0 1 1 1 1 1 1 1 1 1 1 1 0 1 1 1 1 1 1 1 1 1 1 1
1 0 1 1 1 1 1 1 1 1 1 1 1 1 0 1 1 1 1 1 1 1 1 1
1 1 0 1 0 1 1 1 1 1 1 1 0 1 1 1 1 0 1 1 1 1 1 1
1 1 1 0 1 1 1 1 1 1 1 1 1 0 1 1 1 1 1 1 1 1 1 1
1 1 0 1 0 1 1 1 1 1 1 1 1 1 1 1 1 1 1 1 1 1 1 1
1 1 1 1 1 0 1 1 1 1 1 1 1 1 1 1 1 1 1 1 1 1 1 1
1 1 1 1 1 1 0 1 1 1 0 1 1 1 1 1 1 1 1 1 1 1 1 1
1 1 1 1 1 1 1 0 1 1 1 1 1 1 1 1 1 1 1 1 1 1 1 1
1 1 1 1 1 1 1 1 0 1 1 1 1 1 1 1 1 1 1 1 1 1 1 1
1 1 1 1 1 1 1 1 1 0 1 1 1 1 1 1 1 1 0 1 1 1 1 1
1 1 1 1 1 1 0 1 1 1 0 1 1 1 1 1 1 1 1 1 1 1 1 1
1 1 1 1 1 1 1 1 1 1 1 0 1 1 1 1 1 1 1 1 1 1 0 1
0 1 0 1 1 1 1 1 1 1 1 1 0 1 1 1 1 1 1 1 1 1 1 1
1 1 1 0 1 1 1 1 1 1 1 1 1 0 1 1 1 1 1 1 1 1 1 1
1 0 1 1 1 1 1 1 1 1 1 1 1 1 0 1 1 1 1 1 1 1 1 1
1 1 1 1 1 1 1 1 1 1 1 1 1 1 1 0 1 1 1 1 1 1 1 1
1 1 1 1 1 1 1 1 1 1 1 1 1 1 1 1 0 1 1 1 1 1 1 1
1 1 0 1 1 1 1 1 1 1 1 1 1 1 1 1 1 0 1 1 1 1 1 1
1 1 1 1 1 1 1 1 1 0 1 1 1 1 1 1 1 1 0 1 1 1 1 1
1 1 1 1 1 1 1 1 1 1 1 1 1 1 1 1 1 1 1 0 1 1 1 0
1 1 1 1 1 1 1 1 1 1 1 1 1 1 1 1 1 1 1 1 0 1 1 1
1 1 1 1 1 1 1 1 1 1 1 1 1 1 1 1 1 1 1 1 1 0 1 1
1 1 1 1 1 1 1 1 1 1 1 0 1 1 1 1 1 1 1 1 1 1 0 1
1 1 1 1 1 1 1 1 1 1 1 1 1 1 1 1 1 1 1 0 1 1 1 0
36723 47844 33277 33273 97214 92616 81469 89781 80749 63839 65302 91830 69535 3635 50963 74207 49582 36668 73056 18284 40567 85976 16381 14111 94329 60393 76346 18241 81894 54075 40762 32852 44877 37984 78879 89596 12397 64753 68201 63244 71049 8160 3399 71177 14731 49894 32106 73392 13263 28724 64736 60185 65832 6292 5882 15924 34870 58372 24110 4756 42898 40143 96100 29524 47039 67826 39945 97764 56486 88544 18911 41872 39392 88664 57132 85502 18837 27725 959 28615 72018 80098 44976 21394 70529 86692 14385 82357 523 73280 63043 97043 53646 38161 53920 22453 12877 56463 39493 21977 80103 69031 78991 29684 33245 14119 24432 62599 36809 45017 28785 19579 34184 94429 85005 36496 23248 76970 5052 85065 79966 47559 27444 81005 99253 56489 84049 6332
75166 36590 74754 37127 66401 51719 79453 87639 95704 95421 14203 65634 68819 7954 362 26504 8945 11269 49333 58812 81481 96305 18584 308 31793 1556 35002 92125 35316 67076 39429 21150 60629 14707 20590 84474 34636 4007 22078 95667 90187 57736 28933 43315 4782 56555 54680 15456 62390 25394 35150 44510 21500 37786 32803 95723 57811 32629 97864 19611 27424 32120 6803 21259 87258 58371 24515 93932 67530 96000 87685 40499 55190 87422 37234 82185 29541 6784 69314 36241 49169 71313 55744 35249 74219 37237 70864 1934 91850 38138 77906 86506 35867 55382 56404 95125 19772 39198 30009 47611 5774 75965 96363 94273 72944 90495 28367 78040 25392 81141 65518 84866 59893 68760 61222 11587 20758 30049 68040 1604 52287 95310 17312 52361 66232 80567 44487 40544
79119 82098 31425 39933 90226 84407 70209 49449 7806 22108 73466 96914 96723 98928 72193 10547 5629 70632 80855 59040 34857 71069 58139 64123 49595 91729 73871 45175 78289 87539 3565 94427 96658 19405 831 13120 39725 10725 72563 5814 21814 43188 95417 88105 87470 91492 72228 62426 15680 20760 59522 59764 65942 97536 31627 68247 43304 35282 25368 99642 79572 22207 15848 46453 40755 97378 84600 7227 22813 57534 28733 92112 84009 60748 10694 87724 29217 98487 98667 50802 17601 34212 20080 74485 50573 4445 83873 5072 51684 99378 41249 71771 29428 49112 26418 34177 52969 35965 58683 95473 67333 52579 39548 84442 80540 67274 77146 54880 45879 97386 31552 3305 51121 1695 17134 71153 30090 9223 55022 98056 60749 23017 99147 64884 74548 70964 44206 46925
36576 50731 45620 73397 77451 31751 26958 48314 40367 40480 94132 29848 11613 85467 8048 53237 93983 76237 50602 1202 26355 58352 31478 33970 35090 54320 27611 69748 89712 60666 18679 88931 4938 99058 67785 6876 86492 16973 9104 49016 36498 35568 84018 87048 84210 72851 76066 83667 72982 34735 92156 10662 32667 47068 28527 81331 37380 52884 28661 54097 97372 51206 86643 33151 6029 2981 50626 50508 35128 64655 41489 49861 55136 25179 19676 52135 74142 69470 96043 32762 16752 31434 31405 21066 63459 55738 7582 31491 18310 97993 7604 8836 99639 36879 51242 12595 9977 49694 80064 38533 28169 65462 32734 52635 83696 81 47780 56894 43286 15596 59117 29488 89932 49931 44333 32386 8851 32973 15323 50848 14181 23910 33170 7047 32003 94638 61157 99518
12663 66656 55997 14960 79201 63099 49464 5415 44511 79943 39546 47814 81688 41809 98619 50767 31070 20306 3081 737 55415 63018 46407 41812 96013 26704 11953 56845 22103 10307 13251 93976 88717 52255 69773 31817 35146 59689 11950 47259 68539 50829 5197 62340 22354 22561 5656 85915 6051 35096 92808 54594 65884 70895 46118 34934 13460 22200 35096 31568 64825 46186 13940 77945 91834 55387 26388 28108 34480 15528 19176 72689 17217 15855 89221 34736 85433 61154 28645 50670 65491 61914 88126 96455 75053 27233 16324 76565 31540 71347 11912 64382 9869 77736 93097 94363 66362 64736 86433 10060 75759 16646 40713 29055 78463 6035 68190 85909 40881 94442 85319 80913 23168 51065 35813 11822 44858 88569 81078 38695 21308 26529 74145 74619 31424 45572 98988 51213
72102 75224 74289 82421 28925 52258 65713 65407 12472 9778 14442 36843 13584 5176 16089 36177 70133 54303 49774 42568 783 9436 76478 52659 63669 77969 40793 42714 69311 6673 99900 88568 76227 71177 90197 39102 25195 99521 71168 99855 50713 82271 34203 92030 22358 38190 46894 94222 49943 79369 38097 23740 40537 61103 94320 11003 63659 52433 8997 63445 59163 8864 23226 13503 47470 21245 18430 14460 1700 35452 58310 98192 80971 68362 84361 59300 31512 62451 8643 29768 15136 96077 47267 9426 64372 53053 27837 49530 43579 25222 21514 31904 58251 61131 2849 39631 28100 98242 47030 73471 19454 8893 53663 56478 44264 8441 66089 10711 15733 80909 34233 83028 11704 38149 71990 22850 89027 86492 22991 61103 62920 46162 98346 11666 88096 28391 84309 66572
4298 97470 23515 64623 77370 67518 85055 80111 65746 96113 70031 83357 19753 93791 92980 37406 53191 68011 64779 24874 62680 38102 32095 82671 95646 52747 16509 31449 31148 59885 50180 84770 76518 52067 66395 59680 71129 91646 38269 57560 57781 93003 5364 56262 34845 83776 3016 79492 39324 4589 34667 68965 49687 6585 49730 94593 5697 75089 83939 26454 16479 44448 21466 9728 47645 33684 31986 2654 77279 15793 74581 90256 63530 50471 85811 84490 83992 22372 29139 5848 56852 33684 84926 578 13221 4903 83135 59766 77021 11522 1356 34997 61660 53828 73310 36126 33351 12904 27578 1722 75901 21375 90326 97335 85501 66625 23288 59813 859 79754 76864 7109 20354 67119 71333 42268 22296 58490 74618 37454 97082 34101 60416 91253 81815 26481 68313 12220
31813 14394 90968 269 28035 40186 26443 18657 16576 65394 9703 41212 52360 30794 27926 32278 21768 30315 99182 49267 2808 14393 77005 36648 10668 92515 51613 14789 59878 38606 23253 40054 80004 42557 5025 91315 94804 97454 87991 74120 47608 71403 57822 42217 57210 47792 70624 94479 2565 98320 98691 61825 14709 56373 41171 54405 37145 78245 24141 87894 38869 71812 39260 66006 99098 46883 85045 66469 6287 30030 21506 99650 44728 81721 64738 21365 7797 84591 16223 35319 75139 79891 37807 29621 26486 19557 45126 49780 49599 60268 54155 30704 38604 71986 38216 83252 85749 63351 17469 74838 88024 66236 40018 89226 45431 31319 71504 34127 4837 15924 1845 12158 48191 15803 17447 94896 51328 19271 91322 35664 90932 90159 84339 23423 66722 56079 20540 27590
36130 11386 2770 73885 16462 74617 53743 61305 75676 78175 50163 31540 58452 92348 38151 26042 36030 93374 55943 77758 84880 93639 86772 54702 76600 39902 35616 78151 56933 63968 69074 22735 35455 97111 83575 47870 45046 88522 27751 90678 78733 81412 80219 74494 10372 74660 94125 71336 96041 89912 1300 56612 8318 2843 95377 23738 41348 11158 81093 52031 76208 3038 3721 93229 93569 92199 81091 87549 42796 69295 6145 18555 39211 24102 71641 88458 68608 90342 90793 98838 1696 71369 62407 78131 90084 24895 92146 27446 86095 15643 11623 29387 29931 77664 85310 79700 95936 26915 77550 57616 18891 26110 18409 38769 35233 53275 57886 86774 85409 21372 21239 71489 79772 73983 37727 84022 62406 92180 31323 36111 1464 32733 61381 70398 90934 27233 87940 12430
80618 77740 94900 55760 58254 30699 52239 37191 72401 42591 25937 65667 98640 58836 34656 43764 4523 68561 25268 49794 88392 47730 68477 51133 70538 55637 5124 3102 93115 76422 42769 3540 1851 22276 38733 44020 11091 1990 16479 43353 17075 50782 21122 74135 99930 87231 56223 89983 49078 47241 45976 13733 78185 76599 41023 74604 19134 41463 392 19955 63787 1743 75891 32785 47555 87441 15393 20120 51773 56201 6993 89300 69356 80360 75725 67172 34526 12499 56136 92750 3641 53259 33559 26524 33936 70142 72531 23086 6523 67883 56123 31119 39513 95493 41084 34772 54458 38970 5633 30795 72033 3752 97926 16620 73490 38647 77949 11745 340 52704 36387 9469 37969 43625 90827 17597 28462 50478 14776 9052 3497 57509 20623 40429 76088 60188 47372 1587
79628 55856 34980 23010 48756 43913 34022 14042 86078 62115 60541 49639 51694 44321 27929 68429 22409 33200 48600 778 62500 52098 67315 59589 64801 87306 60670 89622 51573 39043 22681 72562 50213 56069 54375 20720 91247 21323 29642 50287 34429 8750 43171 5727 96990 27238 87430 8239 2713 51848 87901 77782 97082 3488 73783 84772 50394 60800 38430 82086 14527 49785 72202 17530 7821 96375 18843 29608 59209 48694 4594 35284 44061 46334 51188 24004 69906 94832 76009 75046 3597 86830 41229 2012 67099 47739 16168 9312 51794 4142 57165 35863 30840 1872 78384 81452 15614 8766 76483 80293 67829 13990 16090 34012 57304 5453 57035 14770 59894 50022 11729 4239 60804 4290 89967 36438 30002 45844 14579 83889 29028 97403 28307 94454 22488 37002 51959 88970
26626 88294 2416 26599 86394 57105 65822 85356 44638 36756 99924 29276 33470 83279 92666 54364 98118 73717 44992 82968 89890 29279 16475 26692 21191 57105 95921 72825 2691 44878 26328 16115 65445 71372 95952 4097 87762 48959 9579 33843 42704 24213 6028 16584 68651 53700 91853 15626 12795 19080 396 54064 46903 97503 85181 31869 52001 32033 33894 6766 47860 84404 77404 85766 15816 70146 64678 43363 19897 47094 26847 86944 14299 35262 82805 53820 21562 42377 25529 56553 12648 9524 16373 67650 43332 67721 59048 68728 86445 69097 71406 52054 75020 50397 93265 79834 43889 25819 97942 31745 92667 17256 29605 82454 24216 25307 16638 14749 76561 95117 21271 62836 66779 72500 90927 19436 95894 86549 79569 67399 21730 35596 67380 74047 11229 7333 55436 579
54190 19258 92807 31090 33460 26648 85151 70275 49581 84084 2484 88942 72630 47753 69225 33294 31191 53974 86426 88805 68559 53037 28038 62878 56519 74899 85376 24135 27637 9815 66162 54921 49142 27316 86882 67826 88720 26136 22577 63829 58304 26032 9533 32189 20091 64007 64479 58099 80136 70868 1359 60019 15381 6102 42920 40496 55601 96451 8532 271 86114 98091 9692 51085 22230 34282 214 67305 51456 56446 84024 33588 63600 26275 11726 61976 74128 21057 62712 58925 26559 64097 65118 42293 49309 30092 81102 95022 75575 28025 52335 52717 19290 3055 13552 50859 89791 9151 82086 68750 37609 51191 34046 32341 89776 95651 99632 65278 80440 36322 69222 91211 97418 37078 98035 42794 37826 10765 27734 26591 91576 43827 85780 46995 47934 12874 48106 67066
94611 36979 16535 6092 75022 81542 60926 62612 52692 87619 2597 23994 41644 16567 68022 34549 54875 46689 79265 75087 5805 73279 74830 68694 78611 33116 29044 9315 5675 47099 79208 52380 58584 38557 3902 15394 39944 38337 97964 93809 79482 2157 42571 2961 14039 40262 82876 4002 62431 81155 5154 16194 85072 10096 70716 76612 62582 19226 85794 15639 52731 48594 22058 16929 7969 73436 92018 57301 20747 18818 90867 14517 43002 56445 52191 79202 26709 9930 98442 82962 29798 38089 54449 14743 84766 39840 15274 48822 17249 86353 43729 54968 46265 76717 46430 28649 84997 98497 11857 19742 50120 98052 85859 82304 78820 93707 66431 63186 59908 18979 40939 86058 60948 68896 93325 79374 15419 58058 40448 30470 56748 11692 89942 60126 96830 97119 85114 75039
77331 7339 96288 55843 33613 31670 22468 89633 8106 61282 29386 74494 25277 67951 12913 43725 33428 11182 80256 44672 75599 77713 55195 47193 38960 80457 7349 6776 86466 26707 88741 57570 78019 90133 81133 79557 86621 99289 12991 52562 50808 86673 1170 24091 93761 95699 68860 13496 11091 77908 60397 59761 54775 95958 27967 79261 82215 80838 92438 99181 3409 73782 36849 32506 65146 58071 17184 70117 9675 38743 95327 79042 72952 90373 4664 61080 61937 42698 34690 28448 13180 42618 79512 89269 21163 33209 94882 69750 94166 36915 14100 70052 88501 21610 88184 58003 12880 73738 83323 51869 21808 30363 7433 59830 78636 32688 85068 67332 76326 83508 92444 30259 38289 2246 80695 36461 41621 79790 37129 84032 54996 56133 93180 64260 26733 26186 81914 23440
83328 14373 3767 96668 83975 49006 29736 5390 22282 65589 67530 41203 42850 59836 77111 36240 30072 43240 78162 54821 93437 70861 32662 60558 99906 95964 77181 97930 93132 88799 25890 22727 44269 14970 62656 97146 81426 56160 37016 67131 74056 24152 20810 33866 47124 62307 13081 37597 56964 62057 15301 72465 9177 81805 50279 72901 10332 32579 99911 4877 62145 34617 50500 53346 92595 84764 70780 34296 61486 3586 5385 97056 38860 52109 48991 12410 44790 88449 58635 42630 9092 50831 5268 91824 8178 19573 4402 41243 89108 46175 24267 88487 3257 89075 46709 27959 61962 16894 5603 79100 12039 92130 73467 77583 93539 8639 50163 44624 62250 42564 66192 93170 64802 83189 2197 22341 56226 94656 1616 55613 13968 73548 70685 35135 82527 25702 3208 56355
30705 4660 24338 47189 68111 89750 13993 83922 42766 20010 40695 36311 11337 19561 65867 77840 94519 43157 57341 53270 62873 1331 22804 36886 5278 12674 99032 41406 36930 98283 16435 68128 777 51896 77799 49638 77603 3160 57005 85300 89376 48869 93735 50584 75636 56246 98744 11883 30975 87066 71486 35682 63698 79883 15635 57071 72691 99822 41270 41088 64413 43791 39003 92818 8128 86677 26142 61858 40306 58484 77328 26780 45162 37960 83908 68512 33254 21014 18611 95940 59361 28086 6202 28074 35151 47752 22422 78204 81815 66441 246 67626 14441 33206 36124 99081 26357 46234 21880 94080 61741 75254 79332 33507 81050 48640 2254 14912 88997 15493 19722 60058 4600 10386 87823 9504 48727 73621 92508 54818 69779 66282 79212 89833 69122 38957 35425 11267
45637 59746 12138 18449 47171 2773 32110 78131 34348 52110 54542 79010 17351 3669 16259 19986 87621 59579 54289 23781 85143 35185 11967 60781 28842 58748 11580 2660 11844 70204 55022 37478 55885 43876 89616 42674 88967 33347 55782 31337 32902 3828 41050 30536 28891 64590 93621 35515 10066 89161 10622 56555 11899 38785 90701 17113 93165 23577 95037 89599 99432 6866 40343 28354 31574 83810 83534 69080 66006 81418 30494 20476 50605 5644 16981 9001 7891 78433 55957 91143 12877 27191 42937 56109 9676 18469 33025 75954 15819 6094 17539 18139 68631 94112 49920 31508 56937 31562 8332 92121 5161 54238 11635 60602 52784 20741 64857 66190 82845 23083 69665 16091 4838 48596 64163 72389 21296 91044 98451 39751 54437 59907 40807 96177 75344 21602 71762 61484
10647 50949 39209 66294 40041 76721 49830 44700 81198 71838 61191 80289 12917 4461 80690 95952 79681 99218 25770 137 94359 98313 77350 93693 87629 15587 13012 55993 90815 42838 66741 80264 52825 20036 23358 43696 67969 3742 31503 45758 28766 92346 64559 17152 242 15435 54009 65883 99969 11619 56011 36 92864 97047 3900 81359 46261 31055 30285 67255 41420 62457 20222 19555 17003 21653 48735 71906 22148 77150 82888 99889 64983 45687 92847 51264 89975 89953 66514 38312 31000 67701 52709 53256 52904 24927 52006 73072 35438 30054 45099 37188 19045 79504 32406 90856 59150 90111 10896 5237 49006 64890 16683 94784 20473 73539 44876 68216 90727 50816 75590 42888 28648 90401 92169 69503 33354 96529 45523 53555 32571 95246 11944 13287 10246 1385 61956 81073
82976 47527 14416 26533 28980 22822 65650 12055 50547 64256 33225 89001 96089 89639 40139 27140 64072 38447 33019 74499 86652 22257 92000 37535 75450 68710 71030 55622 96679 76387 7576 54953 77770 82664 50213 70074 22720 40656 43382 51526 94839 38356 79630 87600 95724 87394 21440 81063 81317 77774 52884 1789 95264 28318 56513 29047 64788 43487 62497 65246 2281 32862 48175 83204 43575 51043 45583 34293 1688 67016 53122 1329 92114 8379 87953 24250 87833 86086 77871 74549 83058 45942 26939 669 14237 8554 40211 12253 75725 12473 64299 12344 83841 39872 23297 65524 23100 27913 70531 50083 15206 72495 26356 34127 31403 67297 29091 39332 17865 66459 60450 18483 35506 76951 44940 1862 74119 84390 79687 3394 70138 1074 59440 5392 93948 72211 86211 21074
31971 91585 18654 542 54701 1731 71590 75829 3625 66391 71662 12784 93833 92428 90217 83903 55232 90266 99471 38243 95953 54450 61198 73912 23730 71976 44187 78332 41838 31981 69899 65638 57158 46200 80622 31155 56460 24122 16587 32718 99287 3994 44098 11289 52398 94640 94889 1987 37722 35192 70811 47581 41828 89917 56626 77070 95391 57678 38890 12521 7866 59558 38263 68287 15746 70195 18346 35724 343 74246 45881 5616 65945 71899 35256 91609 50378 12782 38088 32833 39710 41420 50093 21490 37209 43632 86648 35525 89281 885 95846 15907 382 7311 80839 30034 51394 91983 82133 36394 53734 62038 80486 37279 5672 99789 85523 35556 54330 38514 60380 53883 8983 71412 66651 2046 49352 89833 6901 74057 59157 38758 65004 55031 30220 60487 5855 78777
98169 59165 2200 79586 18678 32043 77498 59865 37270 448 30422 20093 47131 22424 87214 67796 38336 86904 38986 83465 79831 46008 96416 63806 34629 5040 29521 43667 35291 30737 51653 38308 76621 60935 17100 24822 27196 89673 25133 99638 8538 67018 93625 46754 72126 47122 92921 53420 78293 30920 10378 772 77535 83489 54662 21497 60279 14655 16741 67409 43206 81943 40373 44598 8486 41132 40886 63133 60602 66850 52692 60052 62107 26269 28510 26591 75927 80198 48392 81326 4095 34846 89954 46625 51678 38357 53634 25457 81708 50202 10232 84429 80558 41287 84731 27515 67454 46632 79476 78004 69694 67453 12665 28751 70155 28627 61046 31394 88216 2359 97707 11781 89064 61993 70771 43004 97813 35290 37110 10601 9130 93854 47587 44882 60322 1964 66425 19688
55978 15903 89454 15231 58970 24569 75770 57330 74287 54286 93027 28827 76815 11013 28422 51239 62115 20830 86406 46496 16150 52560 38099 8774 58070 4932 47885 7864 30847 26684 6734 66130 39208 3071 64767 10511 24810 36257 32017 40909 16231 93181 57072 22898 62790 17314 3041 63435 83640 48868 97946 65614 73372 991 7916 76761 77215 66974 69703 35656 32168 78900 91176 89481 9449 31385 55193 11748 68866 90130 89402 93097 57937 91808 9356 97855 95848 66275 19813 60218 31395 8218 73032 24529 22589 13954 50953 19132 60868 62580 1359 61582 44506 50210 242 55961 37151 19869 70213 26433 90714 82249 59127 17020 4773 35562 99492 86641 74555 36711 77840 87436 78612 6300 79629 59546 99439 75747 94017 91505 68948 36092 98940 38460 88048 11115 57504 6572
91100 18371 94638 10611 50469 93024 69715 90304 51563 62152 24542 68489 59620 95867 52192 71478 99357 64496 30134 7610 32132 86229 37407 73616 85418 91783 77225 61203 56811 33385 93924 78158 90210 85688 5732 10341 78357 57825 21261 21123 42264 9212 48766 64804 87611 36934 2899 36649 28079 25461 32781 12560 59599 29800 31806 71826 72141 26233 11104 81825 94370 37684 3220 96263 76265 15661 80991 79020 25360 72022 72171 95680 85341 96373 1493 4457 20682 76313 71039 17936 2997 40832 72695 50789 46843 25846 69771 53817 33355 70574 64006 34943 43669 82977 45040 27290 81136 69522 84134 18875 21556 72486 16906 6657 46180 65816 97292 42164 58974 3490 88718 71193 9951 76148 39412 14086 23142 93770 23822 44729 1828 73843 30759 18255 24302 99216 41080 28133
55272 566511 375954 101372 384149 117273 417109 581693 617086 153352 290652 506973 5839 653637 125827 411750 98140 144308 580514 189153 392009 202750 91626 170201 682251 532975 192301 33709 75165 604000 267603 221261 694058 406648 550272 605661 49052 345098 464145 24155 238054 581049 424281 394395 371233 279292 457851 520656 10528 539667 574739 187308 77796 358659 66364 620879 661617 145635 548728 518231 330012 453115 256191 61775 405213 685896 459737 100384 505136 431557 153916 617444 567050 695816 159287 581567 444182 169087 265849 595880 225818 630383 340185 490567 80129 366738 132297 452316 85241 376007 301590 377834 674843 478722 424486 380147 25654 269758 324878 144673 264665 240035 461286 399701 673067 629307 137670 534286 115250 621031 564753 443018 138728 255516 641986 141749 621895 370308 229215 339487 29506 215209 300207 306837 360946 538976 406161 254250
