24
0 0 1 1 1 1 1 1 1 1 1 1 1 1 1 1 1 1 1 1 1 1 1 1
0 0 1 1 1 1 1 1 1 1 1 1 1 1 1 1 0 1 1 1 1 1 1 1
1 1 0 1 1 1 1 1 1 1 1 1 0 0 1 1 1 1 1 1 1 1 1 1
1 1 1 0 1 1 1 1 1 1 1 1 1 1 1 1 1 1 1 1 1 1 1 1
1 1 1 1 0 1 0 1 1 1 1 1 1 1 1 1 1 1 1 1 1 1 1 1
1 1 1 1 1 0 1 1 1 1 1 1 1 1 1 1 1 1 1 1 1 1 1 1
1 1 1 1 0 1 0 1 1 1 1 1 1 1 1 1 1 1 1 1 1 0 1 1
1 1 1 1 1 1 1 0 1 1 1 1 1 1 1 1 1 1 1 1 1 1 1 1
1 1 1 1 1 1 1 1 0 1 1 1 1 1 0 1 1 1 1 1 1 1 1 1
1 1 1 1 1 1 1 1 1 0 1 1 1 1 1 0 1 1 1 1 1 1 1 1
1 1 1 1 1 1 1 1 1 1 0 1 1 1 1 1 1 1 1 1 1 1 1 0
1 1 1 1 1 1 1 1 1 1 1 0 1 1 1 1 1 1 1 1 1 1 0 1
1 1 0 1 1 1 1 1 1 1 1 1 0 1 1 0 1 1 1 1 1 1 1 1
1 1 0 1 1 1 1 1 1 1 1 1 1 0 1 1 1 1 1 1 1 1 1 1
1 1 1 1 1 1 1 1 0 1 1 1 1 1 0 1 1 1 1 0 1 1 1 1
1 1 1 1 1 1 1 1 1 0 1 1 0 1 1 0 1 1 1 1 1 1 1 1
1 0 1 1 1 1 1 1 1 1 1 1 1 1 1 1 0 1 1 1 1 1 1 1
1 1 1 1 1 1 1 1 1 1 1 1 1 1 1 1 1 0 1 0 1 1 1 1
1 1 1 1 1 1 1 1 1 1 1 1 1 1 1 1 1 1 0 1 1 1 1 1
1 1 1 1 1 1 1 1 1 1 1 1 1 1 0 1 1 0 1 0 1 1 1 1
1 1 1 1 1 1 1 1 1 1 1 1 1 1 1 1 1 1 1 1 0 1 1 1
1 1 1 1 1 1 0 1 1 1 1 1 1 1 1 1 1 1 1 1 1 0 1 1
1 1 1 1 1 1 1 1 1 1 1 0 1 1 1 1 1 1 1 1 1 1 0 1
1 1 1 1 1 1 1 1 1 1 0 1 1 1 1 1 1 1 1 1 1 1 1 0
96642 58788 1473 17376 31197 10581 95362 91211 95211 50923 26177 31506 13625 12865 92666 68794 55496 47943 81370 61707 78769 18131 81415 3369 50620 6734 49460 85538 83912 74925 76386 8268 59373 56813 85650 48383 16512 82656 63976 52802 23936 57867 36024 30868 95492 92065 621 39482 19190 90749 14758 74347 39790 26009 90738 77608 2308 11726 89857 74187 65371 39248 3058 66310 69930 48432 6257 75700 96376 54242 77746 49264 95925 87844 40031 2753 43930 97866 67930 35068 20199 49797 93497 64199 23916 68753 65854 78089 23319 12055 27489 98214 53066 17343 30620 45436 60669 4978 59990 91274 7366 82960 37870 44569 16323 95903 86311 20153 60782 91145 91075 56335 95399 98427 90117 52980 89233 94154 56720 20878 6117 76988 63664 87816 78094 41525 3817 76346
91900 52037 96624 31616 43714 2694 79585 61023 79680 83757 50143 70889 21464 94279 16194 13436 52876 90687 86169 49043 8545 78424 91681 45832 69231 81023 12895 49309 21129 83498 44667 82159 66418 92308 45804 24543 68986 23224 66988 6241 33577 78058 50487 66666 60584 89702 5815 13523 34306 23612 78372 21590 8219 77944 3681 7501 70459 55417 76016 12806 48689 6357 83298 59021 19340 99455 33169 15852 48893 80968 41439 78870 41191 6210 16979 70159 68164 71418 1865 27516 89099 44529 58945 19922 62485 86744 95224 90881 72012 15839 71182 66177 11801 36093 65245 30227 57309 74991 45977 94858 60238 9078 56771 26194 60897 33378 60753 96661 69694 54855 6082 53307 61126 84244 65539 52462 94788 22708 20024 20035 48709 62240 14777 58769 51368 13862 71865 27942
18653 70783 68166 47484 53640 82553 42347 55479 76380 9837 70032 18530 58551 47392 75307 9165 95349 21488 67540 70428 23621 64941 65042 66693 83245 29075 15759 39967 98157 48815 87325 32772 84227 78171 53237 39642 69026 75550 4063 4183 43036 99379 18052 90049 86525 67508 73149 62934 20799 17133 92428 66021 1328 22637 45228 66467 20594 35722 53340 87506 37695 67874 61535 35898 70697 52439 28657 12662 85183 95057 27007 18958 24476 28533 13653 37898 10134 55603 81669 74976 29830 59849 17833 23411 75246 14936 40339 3540 52873 86667 57700 6884 80646 30803 86052 34884 13456 94932 77226 17898 69251 42852 85666 35026 66101 91289 32330 99411 13994 49230 66416 36042 34392 61608 21007 81736 6209 3017 78894 12057 77139 35708 6147 6731 40043 98877 86433 48166
67539 13298 43567 28257 55815 81857 94808 73207 70921 83479 72614 59740 81174 96997 27646 43006 5771 89997 18292 25417 74566 50162 95177 75457 75357 71030 33352 95859 89471 48846 74298 60133 59332 20602 36504 50324 78218 29388 52444 47301 34746 9161 3868 88344 54925 44651 12103 16578 59970 58658 10202 58930 88074 22741 40223 16106 83944 24745 44586 73173 50902 74628 59966 17349 7976 88607 3383 98048 97724 96094 73519 41134 89900 89259 1046 4758 30691 32425 22611 74215 2821 91597 58946 25674 27802 92507 75537 32508 88806 96350 8575 92943 92587 95255 96705 15272 61987 79672 39340 33643 28810 1463 99579 65603 77062 3547 71143 91006 55451 95536 2085 9992 62362 93454 89376 5866 79464 76877 35254 10716 28624 220 13345 34196 63704 2600 5057 89164
85648 44800 51775 9841 59691 8880 37201 17743 37776 37083 5563 11897 42159 748 19392 10405 73028 8307 94974 99613 310 28775 23148 21858 15288 15746 24 55484 66741 65090 8997 15368 2823 162 93440 89259 20865 86711 53853 90740 74255 19013 47442 81843 78065 83031 34181 17762 59014 68222 92142 70679 97840 35734 84956 27772 26698 52645 51403 25722 36063 78214 54076 86524 69960 79712 91073 46006 30793 71119 88473 53379 46895 65572 39110 36936 97360 36405 71197 43373 15877 99873 64919 70680 12210 8758 27360 71298 72801 63260 8865 72894 15635 62966 81110 87759 84561 17325 29471 51844 45129 2178 90056 98599 74913 1772 20129 4866 96757 10216 47422 53405 15155 14514 7532 4823 76840 17008 86644 69971 43216 33947 35862 29877 8381 25221 93400 4357
2809 31613 85528 22821 65212 80293 4261 17925 69091 69756 3421 25403 58814 96587 94828 15073 94112 95861 33635 72010 48834 13180 57395 95134 82414 94383 42485 59852 11100 32043 50116 19522 42015 90797 45871 29507 24229 80814 41537 82663 91183 306 20280 44867 90621 85553 20142 2477 92420 37937 70791 18264 75503 77620 42590 51836 65213 63078 49381 649 52457 58437 8117 58714 53454 47022 60397 94974 35475 36757 86557 8371 2301 30821 89205 36242 6613 18207 46943 83292 52458 64869 74539 74181 16606 87702 31662 9914 23066 85221 4349 74627 18619 92180 76811 89622 85111 7541 12183 91869 73198 92137 2822 97948 57937 71007 99603 65932 78377 53002 47827 87542 59174 20422 76937 70121 71701 6225 11110 97176 84289 39637 537 42777 63362 43104 15594 86418
70695 10619 92099 45198 56499 41809 22218 91547 10895 18965 30146 29532 46133 83466 19538 61557 80007 48772 79683 14774 75219 39478 59796 32128 98877 12942 76626 35470 56928 85453 64747 86790 59899 67747 67005 97875 46254 13223 70124 21988 13656 21912 68223 93081 39579 85521 49057 3241 36674 90159 25548 74991 23116 88803 83223 33267 76250 33733 20288 16098 12967 52177 46872 44995 48019 6595 89397 72095 44071 745 79830 84671 34860 64503 36984 7915 11309 87240 21704 17611 76500 67675 49690 8306 73991 92012 35829 10747 43727 19066 26832 44714 54910 53823 59028 84543 58196 64059 42344 2290 63553 85557 70502 65420 57219 95830 76249 82783 51220 30105 77710 13528 62422 51989 14192 54987 77756 50161 85569 39535 84839 40580 7807 95474 40947 47273 49136 25440
83657 69437 68618 52399 55056 45300 84003 58395 72111 75251 74138 98329 37987 40286 81366 71123 21345 26804 74741 50337 96186 48865 30618 20696 3899 63084 38572 16856 73509 48173 12553 45715 60067 62104 98886 36732 27450 86533 18377 94330 21932 45803 58019 35158 86348 98646 63980 64514 20016 68849 10482 71172 76773 91598 35720 18856 83911 10979 23025 13982 83655 65742 67418 3651 45410 31250 92849 17486 28131 64361 35819 8171 85348 25074 60982 60255 84117 48781 20287 27831 73900 67535 88641 75196 35657 49657 19772 25905 51288 83379 25659 54342 71429 83353 70686 66313 61356 43110 93267 3517 46388 38201 26517 19762 46220 75640 92053 76331 297 12461 19531 55794 30517 14553 98162 38750 46790 40674 71726 72905 27798 23677 48916 66478 3328 36376 48229 67185
99506 83263 36673 54697 20124 53344 82643 63969 43136 24880 76696 66425 30436 95472 38343 31512 94039 20549 52816 23170 43697 99095 14246 74229 82653 72240 99975 72175 78414 9974 6235 37651 96273 9313 69575 63279 4447 3012 28774 10856 66781 8815 4340 39642 83379 85518 37398 85857 89261 49599 71128 19371 9139 36015 60990 5102 10296 55499 2600 38418 90604 57199 59417 9175 86444 52771 3779 76423 76871 33760 71237 73277 86837 51917 56627 38835 83409 6842 67288 77197 86479 62375 68648 71721 45892 7786 13557 93714 65148 34597 19351 95447 34957 96872 97508 84239 70043 19752 29355 82334 62743 95984 78868 30729 46502 45288 41729 1879 92843 62021 29699 25902 27487 62171 92516 55609 87588 43584 42209 40900 32294 76930 20896 65454 72946 86076 59367 69561
42028 47296 66580 59398 97552 18590 19028 67395 92799 50930 56809 80983 42259 33910 8178 82192 38355 72221 81581 88930 79973 45497 34122 51322 10998 33181 85613 7430 28062 92883 48423 9612 19289 2103 89133 6503 65649 63703 34886 8991 66873 31341 42945 48598 86109 98683 8036 70099 32018 25077 50718 43341 38410 16871 79657 52195 16098 29769 5783 15860 40842 68547 91388 37340 49110 6179 59701 79640 95110 16267 33875 28437 7656 26254 3023 51431 33476 75316 84256 5058 69838 16115 43927 89953 97963 88014 79581 61402 89255 52445 6143 95997 17821 13125 32132 93591 85815 99585 19791 36672 82151 45466 11957 62147 94285 26871 58103 65159 28553 45880 62446 29084 7560 93355 31092 92328 84245 50144 3000 46056 11484 63656 37769 95725 73277 29012 96851 22640
88245 30817 93845 66878 86538 15847 10202 36384 85689 70637 68930 67336 402 3423 11006 79415 92057 78819 59644 68276 70762 1008 64691 71704 77169 47085 80783 71624 79649 607 37273 64885 35050 74042 34392 83558 85323 82224 30083 72513 40847 28175 87813 2535 66651 28404 10896 1703 72587 21874 98650 85790 30855 28861 8845 60170 15499 53946 89244 38270 44590 13396 66097 28152 25316 51372 2789 14032 64031 52120 74554 23979 32553 92452 74744 99329 94378 46321 11909 38786 37511 42368 23897 66265 77730 68685 55218 87466 21283 16920 82070 96639 61981 92576 40410 13903 33484 41327 40232 13726 57160 81382 31318 22138 49288 17495 14106 38661 49182 35452 82072 76861 35661 96608 62819 61214 99467 77608 66923 55541 44005 27280 36416 5718 76731 87099 5275 78105
53188 479 75437 93131 70853 6801 60378 44636 50704 55272 6057 39294 17945 46144 99156 1496 28682 31255 37162 18497 87595 64588 27592 42688 29877 8375 41782 32186 94591 88743 99218 31109 32705 47297 26821 83285 61255 60393 88158 15376 81960 38406 11892 32373 58679 68622 1086 9277 10760 25379 94308 22318 32898 44607 47307 18079 18984 54552 33261 90370 66468 91867 67924 24154 85472 40342 31558 38500 75837 28014 30897 29065 12590 20903 10592 1218 17605 88327 92508 51849 92869 72005 63621 25967 74539 97068 92558 65524 50852 35204 35582 62922 67155 13873 49874 93465 76367 79928 96612 57092 69810 69043 10752 47710 39459 43409 36747 47568 89732 63624 20258 79378 39401 76782 56997 24773 61250 44205 70368 73674 30559 56493 99275 15611 49263 95270 63524 1694
48907 29589 1169 48415 40903 81539 46807 35529 62469 58890 16691 94479 8548 63414 16664 31895 8354 36426 47399 60177 78685 90400 70858 56049 6973 4464 28655 16987 26728 4555 75270 81848 65066 44655 80297 24914 52147 88758 26461 8291 38706 35379 97516 30682 36780 71336 15542 86076 66395 48449 31100 20828 2633 38555 95621 30457 66847 12595 82519 70817 53386 92119 29437 22946 61465 43911 17835 55021 17531 37068 7511 14060 36063 79284 50869 39937 11058 13219 93625 26991 22177 53733 27878 59683 62288 47497 6176 77721 737 26516 66998 32632 20378 51477 66038 67257 83257 21146 83808 81665 65374 18633 81930 54458 68506 54106 66031 85872 40019 13872 44028 87608 71769 43281 19348 30793 86273 56903 78822 32171 16162 11207 32863 82343 61331 58941 45050 50335
96832 35856 37003 25897 97294 1277 81327 49691 54332 5777 21548 99178 83272 27565 93921 8756 78872 28004 44402 44673 43227 77956 37706 79338 77641 47580 9378 8931 69433 22455 64050 40643 42468 32487 60812 24072 17724 68412 17768 80494 54182 3794 34834 97929 57962 70802 33115 65222 974 10672 61418 83777 7654 42233 58370 90488 7275 41750 59020 64861 47016 26460 57596 61944 61350 83364 57080 42264 68221 32665 34034 62064 20995 7035 9230 9217 5417 95208 10813 9418 36260 32797 9271 15664 91900 24078 73763 29959 33203 82645 65483 9383 94930 49580 37694 97650 99469 70719 89291 43134 79348 71975 42275 67321 88752 32215 10907 84909 7487 31660 78649 67656 26162 38055 1111 76062 21543 4783 5487 66996 64950 70908 84448 78513 50992 26159 5006 55277
29614 37331 59886 17654 45982 68155 4216 84342 19641 87504 21206 26904 34515 16465 17158 64437 60721 64989 44881 68381 61804 11306 77672 43133 97029 53869 72389 67944 46046 69702 49032 31818 10372 16384 73773 62175 38028 13577 42861 64383 29534 33064 72162 2098 24639 74184 2971 20738 90009 43046 3624 49969 94721 38831 37929 5461 97310 87819 47731 72306 80779 46267 42711 46017 13339 98490 73631 12926 74521 52765 38938 32888 82816 74158 28626 53135 75477 95957 4929 67895 60278 73146 8889 13207 70029 12844 45757 22456 47262 46827 81153 62870 61065 75650 86614 16027 14863 44229 3872 46056 45041 34775 68730 74736 12463 33902 85140 2850 68701 41524 66646 53109 12796 86398 23574 3296 20666 8181 74069 18685 26771 5752 96273 78461 82105 96153 32857 76844
73556 56767 77477 32162 55094 19447 23962 53237 9105 44721 48833 73459 76411 18148 66677 33657 2655 31144 65739 87361 22867 44106 74907 94999 74292 16430 12452 37040 2596 33812 57609 46254 33948 46439 21749 58739 41889 96029 83014 5388 90362 88180 53028 84267 84481 41898 95909 32968 15038 4146 86110 25958 54399 1986 54031 38475 45504 20720 81119 786 49731 54980 10979 68324 80030 22929 99333 67175 48868 95340 18901 99297 55090 1654 11817 43043 27118 12435 71400 37516 27445 69034 433 28848 67102 53695 64472 22461 1912 90896 18510 71628 26362 6884 20335 78392 93720 88472 83807 21628 28359 8740 67528 10735 24929 86223 91515 60216 3425 19407 20608 55344 40562 3729 75821 56062 28169 71666 70316 55727 47396 92200 68659 27102 11225 1331 86350 13489
62722 30272 53725 80331 94879 69629 11582 48536 90168 49757 75353 64985 29553 29249 63625 58180 54477 55860 66879 84881 48441 94185 60109 8907 8629 26157 70582 44428 18641 12953 93838 83417 55132 15890 23121 53618 69413 72027 96342 69453 77386 61192 61289 72395 48874 43401 42227 32202 41246 76566 60180 30800 29728 52852 48578 32664 24212 12099 27874 93840 81093 19205 80240 70251 56449 37907 90691 39449 48065 99003 98957 17639 79859 52589 74547 23896 12332 33230 43495 79942 66557 88497 66238 11349 93003 77658 1788 66572 29489 20655 35890 33302 21263 49222 85640 37576 26100 16893 8618 77560 35158 11953 87638 47553 27245 98021 79630 52289 78334 904 83619 20424 80552 67935 55818 46046 79986 13930 54878 37599 44756 60846 63020 94571 95119 37444 57096 70701
20451 22483 15009 11467 17381 3623 53782 34497 15695 83255 53597 50394 23943 9966 3535 31216 77590 31216 83947 56579 99158 59515 93206 1849 30886 45138 77517 91869 63087 34464 8046 33324 5728 85004 71400 5115 42156 82804 28696 73669 83633 20372 91105 40788 22668 82071 8830 6789 45151 24455 32232 57552 48238 21400 81707 91299 49174 23391 44948 66956 72420 37276 34764 88481 23860 47553 97082 91791 20125 36814 56444 30212 36094 10136 95615 38162 83658 57743 83752 72591 78263 99271 23572 44429 67541 93035 55416 5522 88153 55048 74692 72851 29726 15245 30052 56583 39278 81357 73904 93272 33578 31719 86008 44206 28056 97249 40621 50235 93717 26691 54744 97855 11979 56362 44966 49883 99524 44673 88910 13753 53734 18388 93631 8439 98940 30351 20627 65368
27548 21134 82187 50679 88585 55589 25084 46242 7683 93247 70135 13040 18815 18089 54134 95809 97253 14530 35209 31294 86742 77668 89741 85170 75972 26857 98080 20676 97831 1239 10787 6715 69395 24066 57339 58745 53939 65062 96043 64826 62253 4560 16117 66592 64816 74154 53981 79022 39116 93388 64770 39560 99556 24942 50184 42115 70604 41426 9080 99186 28927 35736 24110 40952 76722 83750 11592 32460 10145 38305 13890 43816 58379 20009 240 45017 15635 22264 74399 12924 99390 83822 12727 38390 50506 44170 30162 54586 42555 64735 90706 80541 384 21419 29171 73610 35656 32720 1894 6583 56533 74359 541 72195 44786 6988 27343 41043 1538 24947 39521 42625 95836 96063 69605 85846 57208 35827 23074 88549 13166 6972 98594 51531 76428 84019 83623 72461
18465 10037 66550 27348 97288 34264 15275 45487 70473 41380 55560 14370 76885 64726 83556 2159 53906 11871 62967 37322 78289 12494 97337 58585 32730 35229 30660 46432 91823 55154 36130 78435 37268 39937 44709 75986 76715 68269 35207 15771 92 25569 94274 88581 43854 49864 88852 69643 27312 94698 7629 94795 21632 28668 48248 54431 26352 41456 60947 56386 45022 46738 26429 89085 76023 20525 57428 74048 92557 31291 6992 18199 95832 277 56116 71395 94838 15224 44271 13921 86984 93409 29160 48259 96035 66107 40518 13895 7289 64656 10397 41719 96227 18345 85862 30372 14689 98401 44058 43996 81852 1299 99918 69614 93558 28647 54330 20450 99639 12329 62584 65071 80309 2231 38087 26303 92998 16148 91361 84042 959 46402 32501 96921 81622 18322 66374 76985
25514 26889 72576 62975 1203 79411 65627 8665 81753 44173 87880 40641 35140 28142 32254 15118 64069 10355 56342 50998 19768 27517 23576 46081 51244 83475 90183 77567 57912 41747 85900 87157 95055 80240 61680 38181 15122 41274 11052 7705 26368 46742 12428 3591 15398 85486 32307 80139 80715 61575 40058 18789 70577 75243 66154 3599 77743 99788 4583 78307 54216 29658 42382 109 93657 33527 3736 54062 79537 24255 72945 98475 63601 27281 94022 78818 34001 26199 188 17957 28160 54294 43767 4022 45429 46633 7430 8078 55270 24836 18240 89516 80850 79531 70457 10906 62320 18241 50708 28456 18461 52433 71707 75627 71897 50389 37110 19369 5416 40727 65923 68212 73805 38270 86552 29025 23931 79564 89102 32697 35621 37541 16357 49042 42545 92460 55529 53981
55920 30246 55399 37587 54663 43850 84450 7021 9675 74791 58208 58281 7574 4576 73824 59458 55967 87652 38027 46634 19925 99814 4495 40098 13560 386 19025 82389 86220 83590 12276 12979 5154 37546 82740 8452 72764 93956 989 11420 54200 37339 15550 53929 52781 53854 97668 87738 3180 75729 25193 68588 87954 89635 17305 8026 93568 48038 130 68166 59030 65316 12977 69699 71268 85715 4470 93128 14927 48514 97440 77302 52927 86546 52503 49976 25104 88853 25075 39196 55908 77461 69463 50829 4349 84683 2851 3047 59206 38288 66221 46269 23106 59746 45288 31429 97096 83369 24187 24507 64283 98038 96770 60308 5314 43151 49297 57448 5183 54832 26370 38816 28938 18895 29747 70489 11617 33456 14128 3319 21970 74927 72231 20300 48229 37794 13416 56601
40042 50944 36074 18736 52290 50828 74271 20243 19200 62727 82869 41008 66903 75396 33184 1304 55666 87850 47591 81290 86394 32825 51907 72544 78341 66610 21147 26352 80039 56876 70682 4549 21347 5239 58601 16181 32547 96161 48795 19734 70521 19877 33816 56396 51310 27123 14562 62130 17270 50568 66909 12614 84483 91712 58524 78096 83847 47635 41226 23628 93929 64156 269 40120 10858 7557 49069 59819 71019 19583 78885 89270 10857 99985 52522 23552 26419 16443 53359 53053 6136 21355 32288 63685 32701 64986 41167 14058 750 96491 97850 4949 27093 85828 9142 53942 34461 59746 71906 90995 2950 88446 69841 25429 35839 39316 73019 71716 22803 34376 66007 89525 1634 98175 29418 73471 78281 36199 62425 32000 34613 35887 48417 89281 17601 91153 58783 13602
40749 46061 85102 74338 6070 88829 89382 11576 67529 38639 32318 9344 67479 58724 64233 39631 76543 11061 25341 91891 88667 84074 13476 68972 79462 30518 52623 29079 27075 33319 35963 19140 25163 60257 43309 49534 90756 35108 13633 63365 67540 76981 87311 94785 6190 28898 197 46862 62091 25080 21650 10949 1908 80727 84962 11701 97618 86606 66049 27340 63950 56255 99509 95432 97159 6120 25160 63796 31522 72325 73030 92272 1544 34122 32857 92727 93536 48724 58730 2449 48977 39542 68936 82408 58676 89346 81918 45011 62870 93716 7294 72333 75118 62199 92043 93625 35510 35549 76917 72368 66841 6579 99468 80686 97019 44349 70976 10363 12357 73392 11400 33425 43535 62013 37241 21050 91982 246 12923 28475 67566 33989 18447 61225 16266 831 69880 93541
223004 49256 580445 287636 503863 162733 279949 105907 891261 302862 608073 769560 441913 170025 536129 238615 901050 375749 438426 43336 713230 356957 852327 113348 625788 458517 126711 764440 70584 487284 236501 142254 474971 27977 4206 565518 219035 393057 702920 131793 583330 52616 61097 198225 606652 915899 156237 148410 427714 672220 185703 806234 512670 565486 528077 169630 795457 547624 644639 930076 27529 124995 375480 707930 27620 20854 44757 542309 217690 149015 442086 344266 373785 395151 696729 182886 103003 571814 398022 235083 808789 920675 326523 411378 783546 433762 277849 569316 751221 792802 605134 125153 99363 770652 367470 369990 957587 174051 388018 347 446221 264483 112305 927884 764206 219918 614252 628439 440751 307397 193802 293284 550172 445158 537101 154779 195380 341746 246725 617368 384663 580485 488928 701555 792620 273145 404576 67678
