24
0 1 1 0 1 1 1 1 0 1 1 1 1 1 1 1 1 1 1 1 1 1 1 1
1 0 1 1 1 1 1 1 1 1 1 1 1 1 1 1 1 1 1 1 1 1 1 1
1 1 0 1 0 1 1 1 1 1 1 1 1 1 1 1 1 1 1 1 1 0 1 1
0 1 1 0 1 1 1 1 1 1 1 1 1 1 1 1 1 1 1 1 1 1 0 1
1 1 0 1 0 1 1 1 1 1 1 1 1 1 1 1 1 1 1 1 1 1 1 1
1 1 1 1 1 0 0 1 1 1 1 1 1 1 1 1 0 1 1 1 1 1 1 1
1 1 1 1 1 0 0 1 1 1 1 1 1 1 1 1 1 1 1 1 1 0 1 1
1 1 1 1 1 1 1 0 1 1 1 1 1 1 1 1 1 1 1 1 1 1 1 1
0 1 1 1 1 1 1 1 0 0 0 1 1 1 1 1 1 1 1 1 1 1 1 1
1 1 1 1 1 1 1 1 0 0 1 1 1 1 1 1 1 1 1 1 1 1 1 1
1 1 1 1 1 1 1 1 0 1 0 1 1 1 1 0 0 1 1 1 1 1 1 1
1 1 1 1 1 1 1 1 1 1 1 0 1 1 1 1 1 1 1 1 1 1 1 1
1 1 1 1 1 1 1 1 1 1 1 1 0 1 0 1 1 1 1 1 1 1 1 1
1 1 1 1 1 1 1 1 1 1 1 1 1 0 1 1 1 1 1 1 1 1 1 1
1 1 1 1 1 1 1 1 1 1 1 1 0 1 0 1 1 1 1 1 1 0 1 1
1 1 1 1 1 1 1 1 1 1 0 1 1 1 1 0 0 1 1 1 1 1 1 1
1 1 1 1 1 0 1 1 1 1 0 1 1 1 1 0 0 1 1 1 1 1 1 1
1 1 1 1 1 1 1 1 1 1 1 1 1 1 1 1 1 0 1 1 1 1 1 1
1 1 1 1 1 1 1 1 1 1 1 1 1 1 1 1 1 1 0 1 1 1 1 1
1 1 1 1 1 1 1 1 1 1 1 1 1 1 1 1 1 1 1 0 1 1 1 1
1 1 1 1 1 1 1 1 1 1 1 1 1 1 1 1 1 1 1 1 0 1 1 1
1 1 0 1 1 1 0 1 1 1 1 1 1 1 0 1 1 1 1 1 1 0 1 1
1 1 1 0 1 1 1 1 1 1 1 1 1 1 1 1 1 1 1 1 1 1 0 1
1 1 1 1 1 1 1 1 1 1 1 1 1 1 1 1 1 1 1 1 1 1 1 0
62375 72537 87674 35764 56792 42100 16388 50671 79338 94326 90549 18427 88042 80888 54408 44619 51809 44439 64686 27792 50046 33873 78052 50659 72773 5165 96154 25582 40479 48185 20198 29914 30361 72518 39888 90883 35677 42881 90279 2729 81420 6682 6259 24442 25043 80647 29224 36366 97281 93267 40190 58017 63709 66764 25679 2279 59671 97526 89341 58303 83333 76313 11625 35475 72472 19538 50447 46909 73575 77103 2047 57271 58194 53920 1174 16712 19246 6824 41154 5047 28621 30909 64891 74942 63540 7155 53352 59721 29482 72991 733 63631 79371 19107 20267 64392 62258 66140 14155 63171 93995 28946 41180 3656 24894 94150 51206 73310 82323 87060 98142 71287 14460 79807 15369 55838 14813 8116 19025 63724 58983 17084 8147 50881 94117 18646 51988 30465
89827 54028 23719 39642 36079 6388 83046 83712 65771 48830 45040 31414 49695 25033 43017 94269 18547 8360 7931 87408 436 97469 57371 25148 4202 66142 207 169 71879 51728 63152 4037 27966 76071 17727 54029 47966 71261 67619 53583 54545 12060 30139 16625 8585 85255 71263 26842 81229 88960 55897 51023 47203 73931 95492 50777 39166 1689 37718 80947 89867 22296 23510 7819 58493 79686 69439 11298 38343 32121 43053 21566 60934 64277 89184 18521 26107 59255 5060 98314 66381 17345 12170 50703 12401 52928 67668 22433 17845 4865 92432 33852 61661 82051 84221 67942 31998 1467 2374 13124 50699 48283 67347 44917 66664 67186 6626 85689 31775 20903 27944 13246 75554 12832 24207 25999 97652 29504 61249 77156 88241 93411 82993 36590 72990 13260 87877 52675
12884 14559 73749 15022 71067 35329 31966 74301 45330 98768 75799 23554 16451 43081 91948 86566 33581 21328 96696 87022 25044 65891 33562 90478 12066 55588 90725 18358 322 97632 61266 68459 79782 17206 64308 65019 96552 57715 7864 15276 91115 63210 50658 87758 81143 20654 47983 88935 21096 43116 13693 46507 40306 64110 9938 1493 49243 77085 62794 85614 96696 64298 36201 18324 45202 44146 55150 14994 59839 99775 32982 50646 84426 921 43362 83693 78156 36461 81651 94783 76427 49089 76245 67955 7990 5557 89711 22066 7407 83097 44576 87704 9909 6785 71313 96120 17855 7555 91717 62973 94645 69905 47293 94444 39295 45240 43338 52586 9880 5533 51986 58450 10376 75769 94584 64599 36574 735 81510 54061 74760 47049 29377 21607 56481 73331 41939 1875
55522 500 52876 43073 85466 15408 55813 49589 52384 90082 32180 9275 59835 49588 36203 10427 14680 96404 51864 59004 85644 10874 34611 87853 95054 91440 54323 55368 23676 71786 68138 45082 60235 5154 8588 24548 15288 69360 14493 61411 1355 40920 55486 65280 80376 91139 47418 99201 81549 85743 65420 96189 94449 26474 30499 32325 53506 36497 2390 24227 56321 37157 40679 42714 90000 39786 21212 96132 68312 89231 27078 81502 94100 51661 48137 54691 31650 84748 48335 47649 74971 73459 98662 72993 1172 91193 53124 61661 85905 68812 87694 26976 20339 32910 36208 94449 17414 41164 42582 57528 98948 58202 61421 27243 84340 12986 24086 8532 83569 9161 93876 19866 29413 6779 98963 31986 94191 34167 64535 19282 12904 36959 67758 59519 98586 43443 93361 76392
69042 9503 41081 39575 14363 94751 78260 41045 46469 18261 42199 90826 24785 48025 96947 24013 50981 95490 95732 50471 7897 94614 7535 56647 15807 55155 72128 45529 13334 5029 74740 7242 83722 44799 21125 66050 11375 34570 96455 86480 40599 6948 95869 46488 83758 73831 48016 68024 72996 30982 8284 14370 92661 67312 60685 84490 42538 93843 77716 77913 52291 28704 59483 96894 2641 94524 98580 75252 63232 45186 55894 16666 1143 17830 89374 36351 85694 62292 96207 90908 82012 10951 84372 70256 50929 47671 44847 39091 62216 1650 15787 90676 72084 86369 27946 58403 66892 63296 61909 38076 99913 6157 59960 70795 57882 86122 39431 46397 22722 22497 38401 89974 27931 2929 2583 65821 71013 26114 65109 56081 85711 92943 89256 57632 93095 85827 45430 7814
97359 51619 18553 58271 65248 88106 74578 75909 87355 39964 89643 75173 90643 65007 30221 95935 14795 98553 82028 8374 39181 97331 26892 40671 90314 78229 15138 99927 74792 52681 68622 30257 22963 38701 72692 50759 55451 93030 75048 44589 58020 27399 82390 50092 62717 46902 58345 28321 87779 6487 4416 25712 19881 9921 27030 56283 8452 50324 29947 62900 19435 25574 87621 48812 5024 97274 35690 73757 34447 19089 56117 22380 71682 14957 99511 74961 59458 17000 73688 4474 72506 22141 43819 22513 87550 71372 88577 47865 82312 32897 82952 66474 87179 99385 78367 5513 6796 5863 23366 51099 68648 40440 38223 40684 36567 62748 30085 59067 23245 3035 44200 7218 61150 26395 53903 7506 17174 44361 76175 75965 4790 53055 33221 90727 92760 60417 45730 45373
80884 34942 64848 25460 48309 50008 40800 30944 13416 59760 21412 25928 84574 39668 16262 17436 57654 19507 28171 47890 89235 14861 71060 62122 3777 13272 89754 80091 88427 3823 89846 78259 87212 33389 8353 98775 55790 52106 75887 16515 55863 96884 22870 47944 46849 44247 49647 1065 9070 50201 48250 7163 97700 1410 89001 1462 27217 61619 21982 46879 18849 28094 24437 35981 85052 27447 53095 52769 57196 23691 65662 65665 66647 87072 68873 21611 57201 48225 89752 81573 64112 14136 12405 9823 55833 4586 31549 77136 70911 93157 6412 60890 15201 56210 24927 1648 21227 50099 50374 25393 23240 24579 54947 96291 34500 28383 76561 23144 35698 10364 45835 62723 98410 69903 82035 93162 69464 26403 50202 13689 57799 91777 88451 41771 47079 72229 76377 8613
89249 12692 63997 77176 33472 7091 98856 30825 90510 20138 40893 30935 72755 42965 36151 63696 34079 82037 23604 31835 84195 13730 27594 40959 64904 49285 57351 66501 90795 39470 90650 5883 80836 99196 59735 11825 85048 39470 13785 30343 13606 8522 97032 1160 1857 7061 10997 71639 10992 26503 54079 6204 68830 15381 44383 41879 80695 91504 94424 91772 51247 84146 34778 85859 4578 17191 67456 52794 56395 24585 29922 57361 54811 92440 4918 15057 99095 90513 20973 70050 40558 92329 60191 5152 40927 91297 54404 31100 5215 97550 23672 76543 80498 48574 49464 88334 95773 55681 25240 84074 22771 68297 73937 36994 6801 98195 84797 7627 97632 70459 34085 87367 70896 87004 9855 18974 53182 26629 70533 36456 4971 89142 13535 55229 50199 53918 92578 5201
42143 18223 12079 91933 19495 1520 53897 7708 27795 53078 2364 61266 74191 71484 15913 10893 6642 30999 84052 872 19683 19674 25902 3446 71823 72289 11134 95898 88360 496 85930 63888 14995 96327 37266 20348 51367 2658 27607 50800 78117 82743 74018 90913 81299 16489 14218 16292 80521 39954 17586 43277 42824 49133 22835 2386 65320 35433 69809 77846 68099 28672 8626 10822 48467 7137 51471 62834 82015 64084 52159 41398 70128 27984 14584 97351 39702 77631 68492 11458 3066 9710 26561 81158 22817 67694 83381 64934 56673 36844 79816 86556 7217 39578 22742 56093 54217 18167 57095 37292 70880 73022 89657 69270 24616 7770 95591 65170 14206 36068 34484 90123 24687 32075 11296 72161 83039 35669 60459 5563 65648 69958 67575 97077 94962 93266 315 29283
83633 18468 33880 60350 85651 88099 32304 80258 17258 35418 47735 94672 88007 14132 34334 35365 46793 52937 66901 39691 31939 87285 23824 35021 83980 33800 73964 27905 79684 52470 27534 45898 2565 68290 3664 1240 6604 54292 90865 79804 79499 92543 87464 79933 25436 13760 15513 18019 56839 10937 39701 7958 4216 46759 30240 53435 39739 47982 12533 26298 42850 75546 81086 59266 9536 64370 84927 66949 74531 17468 21652 27680 58690 79276 63491 48647 81894 73096 18320 25546 66433 31096 45434 88689 33572 93243 41517 95202 72063 90359 64 7136 58901 68767 60467 78406 61585 17367 44994 42171 43710 51097 46367 78487 92395 75178 90875 85567 88210 11121 89869 49032 67554 8309 67039 32567 93403 67661 4701 50832 92304 79878 65817 35132 6925 46027 81792 9326
77267 81773 63727 80345 21745 79461 53355 19162 8640 63033 42139 7412 17193 38207 13501 53400 94491 50414 65126 37995 21715 8864 9285 97518 61699 17259 90588 62703 7384 82379 65747 43720 51503 84215 44142 27834 9103 7672 7857 43136 92361 40270 79898 70569 2945 63645 28531 35558 55625 71799 68940 84858 55597 54485 81871 32208 8935 74155 22586 60984 49291 39652 98136 54523 46228 77339 89485 4671 64198 59392 45436 49810 60210 18773 21159 12811 85424 29118 37252 74852 20504 43415 33079 19260 65401 24802 161 86774 3951 96024 52182 46480 19686 53804 9954 66046 17226 80434 30408 13460 37761 46937 49150 89399 55243 44513 55164 34557 82953 77837 41264 30263 39057 78271 70857 43723 23565 37134 68835 45659 6296 94524 3467 87672 99902 25186 85519 16798
34515 99931 29946 57897 36768 76931 13327 98172 52202 64351 81443 23078 2837 83115 52853 75489 47388 23351 49901 36007 73751 86074 15261 47320 27339 30667 87407 96299 9704 46984 41213 19314 43020 36581 45409 54853 36720 80517 92842 32271 97764 71503 57797 35572 53589 46598 51869 15404 11847 39152 30780 66384 29965 75209 56792 94975 74118 75772 11282 31638 45171 45713 43597 78583 2445 18431 13737 83831 69218 94627 84727 96133 68887 38238 25919 91238 8868 58643 41819 22448 8742 40993 66973 24958 58369 12637 33931 83329 26267 17108 19884 92909 70094 17665 3735 46043 98749 59836 99136 56729 89133 83944 82048 91074 41655 68566 94350 68088 64827 90374 51504 63630 3971 70259 90954 87070 65907 39512 66243 75211 67239 8327 64975 38361 88266 85273 70436 76826
71057 53351 23005 73177 27063 4312 86810 59761 69945 39593 80490 4268 19832 74151 80938 27517 54474 27271 71441 15752 60786 88940 9391 22901 5476 46188 82159 95344 41164 58947 60112 77248 56671 8026 13232 886 68387 12756 98035 69512 99330 60147 48823 67585 24993 31775 89370 77556 70006 50438 17891 25892 13331 72324 8155 39908 61784 59033 71768 13086 43381 50183 39603 1086 774 11949 78145 77486 94827 26007 34068 89844 40281 58920 70434 65584 78174 88872 62989 73835 98480 92111 69633 69848 51110 74425 73162 29478 426 73796 94656 70761 58511 95868 87317 45656 83176 51477 88807 16341 44353 84792 69635 99391 48209 28763 89037 28271 36554 18289 319 64234 44843 46627 74658 75104 58884 21825 61227 67834 15093 96041 11147 78998 37482 70076 82812 5667
59135 38445 62843 79547 36967 50096 2142 77567 91696 75155 63666 67541 7937 64965 69452 8679 51435 18151 20059 25723 75832 58999 57411 39637 72183 23459 22646 76702 30296 87031 89349 47091 57087 97196 51842 43503 45647 93931 30016 32987 66305 98465 28455 12049 85432 12402 92933 27070 37071 88378 45726 33049 57364 80767 11980 87863 54160 39398 41015 39750 77479 31939 9314 67064 51479 71402 41125 99960 41446 24344 32185 46157 59658 39059 22559 48716 33192 93920 22095 16646 98433 19260 55843 33587 58847 9649 95216 56968 88818 7518 36270 4458 8326 95413 43764 21448 82892 51748 41995 63122 64416 3040 79917 7533 77893 95645 84116 61788 56180 30946 60980 97098 24722 38460 76790 18002 55346 41829 53721 13147 75497 71946 43026 55952 48446 1667 9264 54139
33941 99193 72872 75784 80233 42103 29131 39999 5952 67460 7423 67560 53642 52210 69914 835 89268 79780 21677 45247 58601 18089 42839 84721 47909 71906 33659 86605 89052 26919 70493 59171 19996 33052 54437 50549 47319 98376 6863 98221 18460 78946 19040 818 60448 7997 54186 10965 32555 395 10874 96388 49817 77638 35974 45259 62721 74951 13983 51366 18556 46624 35679 72370 798 38617 76907 90692 47623 73428 96780 76251 27138 30528 95621 50785 36878 57878 51021 81039 88547 32793 96642 83657 98863 49767 40563 36754 46528 13378 10596 82310 92907 89601 49799 35935 92160 14747 64346 10015 53006 88889 72783 30794 83438 32733 42255 32103 22457 74221 39851 66468 27713 20189 64051 27857 72397 84889 69190 72201 74413 55617 12787 96207 46625 62772 75711 74403
72550 51357 18696 85324 71481 27452 29561 82712 42261 38515 18104 31401 684 38930 1557 77199 73072 82500 80335 23047 2600 76632 16830 94200 70124 97325 2477 84260 76393 6862 72351 79813 11423 82205 30631 84629 11281 22067 13306 92403 84232 63249 69122 22847 49852 17046 34080 88091 97854 21077 88386 21250 24391 94628 24336 39972 8946 74488 57430 36089 9232 40765 34100 8124 27021 19959 34891 49501 4640 90394 67350 4463 5216 54146 44237 66260 8964 89668 81488 61110 31288 38410 60185 6690 1407 80832 66723 1906 33099 7692 6533 11835 39207 34325 77665 34772 60337 54127 35629 5997 9555 13384 3681 64932 97865 97485 55650 30582 18826 46029 45668 16425 81126 17766 9445 65282 11970 45412 80276 2247 31826 31351 77390 41749 22661 40226 41828 18565
59864 61471 25931 37365 83524 9023 99488 81172 10527 74193 23936 61252 39024 16214 20220 26039 16887 81312 444 64539 97395 82743 14173 31096 24472 13415 9026 76824 61854 5771 40982 82407 46183 78760 82838 32963 80037 39417 89638 95220 97721 11133 92842 81732 462 3297 32810 24536 48417 76645 2247 37915 98302 64459 47627 38064 18127 46233 21303 62218 41728 49310 74650 56643 14490 7706 16832 63503 63058 44985 12447 59660 37293 60279 69457 54120 69060 22180 95537 95165 65427 30405 52547 68458 45521 11893 44614 81618 84230 80689 55758 64344 36137 38823 10388 37968 10140 44420 76587 81004 59906 1085 95486 46924 27230 98216 40354 95500 77996 56590 27050 53402 99935 46570 72154 43322 59743 92325 1943 198 72434 22013 64332 5491 54727 89296 80972 59282
57713 44515 32847 15469 34169 78367 61146 34811 36519 14840 73374 5895 86516 16795 14924 11607 44570 73396 10832 95954 15962 76215 53111 57815 43196 52525 99860 29506 93132 66406 75085 20642 32478 78651 5088 69457 76611 67625 37176 51115 10478 40295 28049 34686 80262 36501 91483 97883 36158 83030 47041 80977 48850 78302 43525 44260 28368 18443 64893 31081 14766 81260 45302 94788 13149 18123 61429 33084 61025 62353 85909 94302 74565 29453 19089 31509 93572 31024 19318 85066 41264 47644 79336 57678 13349 62746 85541 63998 14858 28969 45723 84024 64830 96979 34881 31797 72641 29450 57733 65195 22268 22142 3692 67279 73454 86066 79870 98555 86720 36589 48890 81987 31814 55143 78602 44198 42189 86155 98666 46239 40173 53385 66228 55109 72833 33719 97628 85777
5781 53650 39947 82297 73005 15628 30826 41438 23248 62534 2398 72420 61820 13338 41134 60614 96774 76324 62884 84417 7559 23822 83777 91949 7848 53190 80923 76776 67822 52552 5705 19819 82170 51430 36129 221 51575 35810 71221 24735 895 31034 21478 77401 44645 11929 9096 44497 19422 79442 33805 8013 2409 54675 71141 79120 18156 67319 96068 67642 62851 25589 47403 20361 43218 9465 53468 36834 12206 54872 60557 54614 74747 42635 8795 91088 38242 36265 42075 41870 46493 52697 11930 16582 34632 96451 48367 52930 56045 4680 52497 12694 22815 82285 92196 69597 72315 54174 76767 35566 69287 48038 7264 19795 19403 84521 98301 27437 52272 43685 46599 59858 3466 44532 87548 92388 26378 10873 75754 19444 21470 30149 67710 88925 42109 49660 22953 76247
22190 80008 56362 8499 20996 46017 88208 69707 73492 8849 38354 12666 68397 18980 46410 88435 85254 97530 7520 85223 33154 12678 45429 53929 32630 73765 92365 95717 47067 12490 14983 20163 71083 20738 97069 6521 26275 47384 75143 11444 30262 65128 77741 47967 53928 85152 65592 80435 8427 74357 71941 85855 15662 51171 48094 40054 99653 74688 13576 97718 53720 97321 37867 69075 48577 12512 70959 40086 67020 32422 69214 38429 94300 21681 34485 13308 17181 12717 71778 19409 78 61739 86285 64092 17842 409 86205 33151 92680 4504 16390 83504 59866 2318 34620 30827 33303 35517 72377 77642 83453 51785 45095 89064 51990 68445 8449 7037 10333 91364 54792 13019 95545 81650 64651 6348 73393 23196 66751 56193 48710 82445 24898 3410 58140 63195 95138 51524
40320 38246 36089 62883 58952 44343 93037 99093 14131 86195 61077 4337 49321 64414 1695 62756 86963 64849 22104 37304 9539 75823 97906 11211 75458 22999 76910 53913 80818 37489 42746 12233 35215 81107 2750 31344 17911 80261 99203 76898 82250 83482 34291 49575 74060 26119 68099 31082 45931 39865 58357 6794 59452 3591 54956 34082 26513 31648 55313 29394 13085 14346 26946 97765 20607 20951 27962 14995 89078 17365 66589 19111 54181 46342 60859 91656 84127 70797 10983 68818 38546 55654 53542 5496 67298 5081 93035 8912 87264 71823 25463 20139 80175 10653 20742 41012 7237 8170 4316 54912 86946 25153 13387 12144 93292 20698 49894 82654 60151 16087 14331 52064 19563 75536 62323 83001 74097 16162 29138 21587 28191 66048 6805 9873 63164 2266 31940 12212
95811 42711 34944 36850 36986 52543 76448 26589 46621 96110 58829 7457 70722 89888 8504 92938 35469 4144 27925 46738 63835 42567 666 30954 29562 78018 27016 91336 11309 52372 18137 97258 20412 94025 61386 69389 12011 64677 63430 89748 11937 41467 51853 90641 7200 53450 16618 14703 36319 82837 93186 28251 19697 46191 80104 42005 73303 52563 34167 8124 73138 76680 10485 42786 53054 16465 37514 41515 87712 5038 84714 52419 86190 18258 70256 83912 55758 52483 10967 38193 32405 7646 80986 3703 36825 2844 52422 17695 62204 79640 36227 83344 39271 20412 73329 92189 37607 84005 9187 99351 37443 16462 39957 52677 92201 96771 11024 17049 73093 18570 67280 93651 86104 29534 61877 40305 19222 71163 44056 68414 64109 80285 32190 69681 66077 82817 29430 49809
10453 37914 3730 35416 36120 19810 23828 69276 66819 52546 58319 89900 85340 59365 24159 47533 39891 25642 4082 34431 45673 42710 74525 52389 30474 77607 79890 23539 79962 91791 36683 76001 2938 70342 19705 76047 29341 86906 65321 3971 42872 25659 39410 94682 70256 79589 83809 24481 23295 48001 34807 45520 45723 96079 17096 49008 43421 14528 95268 87466 2579 19528 34923 91927 70559 85657 43557 11394 51402 27620 79093 96835 14034 91802 32875 28323 15275 79979 29859 56235 35693 17129 29854 2164 33894 38183 93290 3071 73777 77138 73792 70519 29783 95651 38511 77783 52181 8012 89751 90946 72324 54209 57759 92567 92963 73598 38292 26670 20774 50696 10229 8660 75174 3493 74213 46923 71316 16561 46763 59587 65041 4354 13311 19470 69280 45159 68306 80592
54034 36485 88861 22695 41538 10947 93075 39497 11247 88924 29737 66429 51173 25245 87226 75084 35273 76090 84884 37279 22187 88369 39260 85174 81172 7633 74818 50045 63437 25668 8107 92506 22382 33237 68091 74905 42682 63924 27534 7164 91521 40913 99340 23832 19850 90490 16707 81269 86526 76124 1587 67862 25664 34715 14254 93910 59406 43835 42044 74690 25205 24880 11873 30265 44170 55869 19278 8758 88963 88206 91502 10705 28565 85027 40027 38729 64272 22530 17150 76570 59139 76814 108 16409 61726 46099 1494 79357 98869 47570 91958 75923 38242 22253 54323 8812 1815 11533 96882 97348 55507 85576 85576 83938 82345 26282 80955 986 88178 58458 31781 75576 76786 945 62166 38134 39583 85208 76294 69512 55081 29454 52459 28491 14638 95251 36229 98810
210345 393947 645498 9612 366661 384252 86297 210360 509309 479727 18010 12500 283319 336840 56867 239373 91702 79197 78804 638732 295424 553239 442610 726698 478413 639572 444196 963634 644751 459455 491024 239268 271502 348860 118482 312956 413828 146472 57917 188774 320513 785661 59748 514682 162783 573188 585253 169829 652083 303068 345018 115701 169797 230061 132361 427362 398257 440917 656340 707650 309216 550869 90833 204504 278389 390038 162260 318330 187875 732500 468843 396912 486809 648582 626045 417855 323010 222945 256932 142020 71174 339018 488653 503662 304530 631461 750406 78574 133567 416024 177229 81233 625357 277467 219158 303217 435542 454403 550305 226969 63453 549469 179464 533786 389376 384664 548169 577503 69636 472622 73937 412316 386807 475398 788713 602231 315113 134493 579781 382046 185622 562155 675905 102246 836775 671051 249743 115582
