24
0 1 1 1 1 1 1 1 1 1 0 1 1 1 1 1 1 1 1 1 1 1 1 1
1 0 1 1 1 1 1 1 1 1 1 1 1 1 1 1 1 1 1 1 1 1 1 1
1 1 0 1 0 1 0 1 1 1 1 1 1 1 1 1 1 1 1 1 1 1 1 1
1 1 1 0 1 1 1 1 1 1 1 1 1 1 1 1 1 1 1 1 1 1 1 1
1 1 0 1 0 1 1 1 1 1 1 0 1 1 1 1 1 1 1 1 1 1 1 1
1 1 1 1 1 0 1 1 1 1 1 1 1 1 1 1 1 1 1 1 1 1 1 1
1 1 0 1 1 1 0 1 1 1 1 1 1 1 1 1 1 1 1 1 1 0 1 1
1 1 1 1 1 1 1 0 0 1 1 1 1 1 1 1 1 1 1 1 1 1 1 1
1 1 1 1 1 1 1 0 0 1 1 1 1 1 1 1 1 0 1 1 1 1 1 1
1 1 1 1 1 1 1 1 1 0 1 0 0 1 1 1 1 1 1 1 1 1 1 1
0 1 1 1 1 1 1 1 1 1 0 1 1 0 1 1 1 1 1 1 1 1 1 1
1 1 1 1 0 1 1 1 1 0 1 0 1 1 1 1 1 1 1 1 1 1 1 1
1 1 1 1 1 1 1 1 1 0 1 1 0 1 1 1 1 1 1 1 1 1 1 1
1 1 1 1 1 1 1 1 1 1 0 1 1 0 1 1 1 1 0 1 1 1 1 1
1 1 1 1 1 1 1 1 1 1 1 1 1 1 0 1 1 0 1 1 1 1 1 1
1 1 1 1 1 1 1 1 1 1 1 1 1 1 1 0 1 1 1 1 1 1 1 1
1 1 1 1 1 1 1 1 1 1 1 1 1 1 1 1 0 1 1 1 1 1 1 1
1 1 1 1 1 1 1 1 0 1 1 1 1 1 0 1 1 0 1 1 1 1 1 1
1 1 1 1 1 1 1 1 1 1 1 1 1 0 1 1 1 1 0 1 1 1 1 1
1 1 1 1 1 1 1 1 1 1 1 1 1 1 1 1 1 1 1 0 1 0 1 1
1 1 1 1 1 1 1 1 1 1 1 1 1 1 1 1 1 1 1 1 0 1 1 1
1 1 1 1 1 1 0 1 1 1 1 1 1 1 1 1 1 1 1 0 1 0 1 1
1 1 1 1 1 1 1 1 1 1 1 1 1 1 1 1 1 1 1 1 1 1 0 1
1 1 1 1 1 1 1 1 1 1 1 1 1 1 1 1 1 1 1 1 1 1 1 0
80277 92122 95744 20369 52913 59073 21197 87540 42063 38670 34871 65750 22952 46379 10256 50095 68318 73525 93033 88746 65826 8311 58235 57793 39345 4540 30440 89201 46022 8354 97707 27410 49197 35020 60249 78280 56540 35654 82543 91147 98826 86314 30265 84592 71465 64446 91600 46119 78192 57971 55249 36816 26617 11394 29488 54782 9053 67724 20825 51139 71370 94679 28908 91894 90674 86222 1741 74506 31537 1531 950 48980 13554 64058 79516 25047 74686 53706 95869 96202 95196 67444 24756 63458 8663 98410 7168 34231 47234 84886 28984 21181 8450 30776 42771 36082 72803 42850 54768 65471 51855 90128 79628 8383 93122 8096 65149 68971 69608 42511 71307 32621 14371 98813 4455 75735 39936 32443 53893 24441 8313 88811 91935 96136 39012 26069 64126 75876
29382 99086 58117 11326 62884 39863 4828 49385 4499 43133 71652 34179 6260 95113 90556 21696 16936 51942 29359 72477 98411 16946 19236 21520 98047 1909 10715 63751 97849 57067 98051 32576 67149 42799 54484 73474 28488 27068 57353 54542 52668 56173 68958 18802 75393 94334 32120 61537 67701 72894 59497 13577 34522 17665 43856 36442 59095 85983 46567 71951 66409 10147 92166 36053 17586 33289 63877 82411 86557 69445 14549 54648 11395 51056 39851 10444 89425 98633 83079 15756 30146 78204 2137 61953 10896 27013 20454 54609 823 55198 77658 49591 94051 27582 302 77561 62477 76182 93676 55123 56259 27609 9118 32554 84149 99914 61360 99046 33610 76892 73999 59885 37559 78702 71419 53451 10366 11401 4908 48773 8965 70775 96992 69116 66587 76197 76524 18838
8167 21233 88826 94815 3316 18742 51860 76569 73780 66278 6605 66153 81549 14269 90045 47211 88292 28159 41284 35181 42201 45254 58029 39542 87796 51556 25931 74988 73631 72400 25399 86381 45515 28138 30908 25698 77186 76376 14588 89885 58539 208 42003 84977 71078 32036 5782 76768 69058 92916 9552 57751 49776 81737 26722 87032 67671 55458 62312 87661 82815 12044 86456 94802 84097 1825 51183 64124 46684 38677 12371 38384 18077 17128 89621 83197 15790 4738 48324 94615 43490 77790 72811 29690 9171 28535 81338 78889 55703 80301 76652 41689 98716 58871 31624 64855 63759 83407 20503 91884 14110 36712 44899 62286 92915 60633 92816 87965 19883 24176 62632 99135 81808 25470 57694 63550 90301 70009 93477 81522 12932 49513 5052 15004 6954 47061 73974 31060
22089 51370 3031 74451 50178 9014 29457 94179 9324 80815 64383 28750 72349 36982 13147 97604 20363 73309 13294 78494 80311 40032 16303 22659 49121 78783 39915 82585 8204 43883 37490 58165 94640 17748 87933 13222 63308 81619 17140 85070 99533 82895 79564 77048 55279 11306 11638 79756 25179 59501 39089 6800 1576 29409 42852 93465 43645 81316 18936 47590 39512 57388 94276 23451 87127 30599 59432 81402 28861 36696 83259 23964 88996 30646 84603 62556 10595 35821 20300 47232 69165 47460 89113 97392 80762 69023 89457 13250 67776 23385 25067 79413 35539 83668 19650 52013 39264 80374 91605 6649 65302 74165 47474 69101 97505 47993 17042 23289 29555 13108 34661 78243 13721 19341 49035 97192 20264 74606 92108 77317 46347 68611 14700 10564 88617 19884 18984 51325
81317 84532 55308 94375 13187 41924 15437 99256 68869 83884 15979 17079 6154 8236 33245 86150 2430 70550 65310 48357 99242 80096 63706 46422 65258 13626 38215 14496 9456 82922 11630 27844 99120 39488 39211 41716 67131 39642 15776 45878 26933 51460 95643 30973 17948 8117 67611 45612 69764 77141 57500 52111 63326 57097 41903 9805 87205 80983 42419 46855 37328 36895 54533 70629 22063 36022 59691 29979 45086 99474 33853 26553 74094 55508 50388 65056 74374 47370 28732 55901 51187 48446 86886 84435 81859 99436 56764 69017 79737 16023 85871 9088 20958 81828 572 78838 67870 86583 29301 15149 5959 81336 80357 60057 15944 39670 90968 90140 50959 57128 40460 39094 47383 9439 16536 88383 21543 3265 63426 47906 83499 25121 59849 47178 89450 46166 20113 8469
55869 91323 21769 14554 9341 24295 18380 41283 13237 22887 2998 40470 22207 57581 74794 40216 7075 60137 42901 86777 4675 68518 73087 93102 42393 30308 69116 59826 50062 28041 35665 96 60322 44953 64481 15567 57534 85688 30586 97115 43951 45052 54205 20526 27807 97169 46101 11378 50973 31580 48861 34525 50084 30025 67243 45902 47429 98117 758 28851 46994 40079 14224 83085 82802 91740 45172 70487 3351 2318 48227 2729 45692 80918 26471 43644 29199 7814 74887 52089 43773 1075 74061 89865 75347 70094 22540 21646 78624 51573 65317 93248 99333 29516 73498 21743 27766 7427 42803 10027 13575 86941 40467 2480 56268 23795 15676 11681 71856 49737 48292 18648 11427 1518 79774 58268 54429 71094 77708 10780 20110 57755 41855 20140 80432 33781 23321 85804
54776 82872 96657 86132 59727 59686 34750 43217 14563 23647 24677 98163 17425 86826 37567 56763 54251 37349 51432 68015 77071 88814 23979 92121 444 84784 24178 91282 78594 32263 43638 35780 89752 56109 74184 87169 45396 32274 18883 30656 86020 12583 93843 94738 27206 22744 58129 21042 66202 30165 10061 95142 47468 61059 5519 7435 18028 37717 85575 36418 22032 92648 71470 1801 93645 34923 8553 56605 86278 71018 93241 87738 51433 23932 5238 57277 86952 4997 35467 18071 34083 18451 67250 42731 45852 82655 41402 735 66419 44983 65254 68815 248 45539 93148 80367 9361 36579 71288 78198 62960 21521 54020 46048 48452 81288 10514 82125 70630 53903 14242 58932 97438 22446 18591 5817 17282 89628 75654 8090 13922 27723 7061 95024 6440 59043 83926 35325
60728 42833 27768 40703 12287 2008 34402 10097 27394 47803 47804 20030 22885 12443 31118 80056 45963 64160 59116 90460 20569 19180 9633 64105 49386 75992 95954 92076 20359 21155 69090 80219 24464 13769 64309 19079 25355 22616 2303 61508 28941 93863 40005 18128 75665 47984 85661 67039 51350 23936 86290 35175 95649 89684 72826 15591 63667 71259 93100 89957 99630 98117 77401 20260 64608 91516 8530 61140 70726 83542 74702 39398 55429 45493 85957 93049 16624 4195 61395 26180 64780 51262 14173 15731 88761 63693 37491 74044 41412 44212 38518 13366 14226 72210 74135 38791 80888 67687 32142 54938 2657 18504 34486 55397 86491 6286 67984 2035 41799 44598 29420 78034 64619 15776 74118 21824 58680 9459 37713 22643 44143 5190 430 71106 28216 80444 54689 54604
29923 1846 37741 15809 63813 69534 23668 56128 29972 54047 59882 92360 59719 98261 78417 92824 32426 47351 72278 75766 3730 51621 12324 35649 63193 82369 76360 36775 91148 139 22976 35830 78794 38733 32465 35788 71615 81457 23862 23568 93994 84360 64020 62529 87940 48914 39477 32243 87417 76594 12888 34414 93732 68598 72672 15384 62637 48042 93039 30899 1446 6054 430 38545 17480 97310 10420 53181 23295 96439 40950 2239 98690 48748 28288 31876 26746 28730 96266 19500 72519 13533 75818 82814 44848 27754 4446 35794 20022 13699 38012 44663 48933 5824 56436 91258 53093 49411 40860 90960 87017 31203 34405 82879 4715 45200 57125 82359 93313 12996 432 89811 81681 74436 78325 97942 72131 55387 43919 1360 67416 95172 50233 50883 11513 57672 71507 35282
72968 24064 57024 58058 66892 90065 7076 36302 74664 96990 29281 11812 33760 79242 26881 53742 71721 45013 90402 7699 45545 81326 14622 10445 93819 85639 59661 77572 90245 38113 955 5396 97757 63293 67233 64626 77142 89696 85336 62916 15450 34755 10697 57424 70778 58762 316 19765 64988 14124 85558 80898 84425 62460 50891 29081 91763 58437 57528 75454 66516 46849 95662 79344 47485 33403 41454 21179 70976 27669 33787 87751 45538 67203 41347 41938 91563 93355 27994 28734 42958 29268 85320 54848 66753 15299 8768 66494 95285 35450 27395 75016 68525 90254 54430 82624 93014 10598 343 48887 1966 72845 98359 44531 54646 27614 46258 50970 70633 17730 37673 56914 17525 15846 42782 91384 1766 65122 8219 2590 44407 32244 35839 63607 52270 78326 3930 91134
5540 80590 58041 10564 57580 66348 44910 81006 13375 50011 37272 70036 28395 20025 1440 50297 38037 74498 86851 2213 34524 97211 55005 51711 39317 66794 255 68748 57889 9681 96695 73904 86675 89500 32320 46843 75978 55709 81114 68527 30734 20182 51458 96094 7808 10774 60134 64691 37950 24696 58537 64514 40372 23951 91837 41436 6136 53904 97949 4305 63426 76155 39438 19590 36034 89573 24713 71831 14118 18693 8131 4484 32723 31394 69075 55833 88620 2683 88994 51341 2846 21127 38978 96639 10749 56708 95993 8905 93039 24449 89371 96155 93210 71135 55462 34378 30942 30404 5510 6634 52767 67855 9944 33723 25230 48426 21131 15439 56837 51785 95041 23356 5654 36272 73024 44814 2760 18999 75866 14293 19075 78558 37660 44416 42489 25000 1243 88806
50537 50124 74356 61585 86382 75504 92244 72035 73504 58990 96673 97315 20127 76988 36555 37407 58163 34941 32797 70362 67436 39568 32679 24590 43063 47989 99058 29049 64627 61784 38313 8385 92678 23672 22728 23236 79647 13578 236 10017 80921 83894 29853 3808 33828 63230 65026 19444 38533 90095 35421 21323 85158 80711 70107 93128 37808 45923 57281 42407 70704 8592 87726 77667 95213 90227 74710 94682 25908 72972 12346 17123 15479 67803 58359 31451 8436 18245 40838 51158 69786 90265 10586 88090 65580 58023 43842 24174 36958 34067 34124 76067 14612 49551 68497 96944 31776 65731 57221 24731 57524 36655 17770 55661 39048 51760 36228 39917 67010 80105 36522 11478 24044 38561 75221 11437 82552 90484 21739 63946 76993 44162 14355 22596 99233 72773 25658 36527
60427 71976 37964 7436 10362 6217 26163 19289 15308 12204 98340 88513 86198 59684 25469 13875 37352 62446 89067 10316 77269 51815 67527 52097 61502 52563 12887 44353 37659 38505 46542 58541 43934 2138 77627 31973 57254 88730 12674 41292 81193 38987 24602 82520 16097 13643 93204 34265 56113 54727 36238 45595 5312 7849 82640 67698 41903 85098 9066 62341 76031 9622 30071 24918 55754 90098 25759 23645 89782 24708 32330 44507 90744 20166 43218 3305 21900 69446 37449 62741 90923 86806 47167 24033 32042 48922 91814 16364 91173 29030 24591 20260 76273 22391 9285 56363 99225 39116 58306 13264 92889 84309 73768 3726 32447 30142 30207 6644 57061 26473 13384 87684 1515 12558 40484 58447 29572 97365 9291 96413 74153 2667 92219 56422 29926 11791 61448 38509
32867 81041 68231 93950 35107 40610 53335 14191 4943 33583 28769 4971 69381 81838 72927 87117 91649 1068 53864 30622 92777 93272 54463 35212 3318 51626 19996 67307 34020 21821 80399 39041 36501 25077 75869 68377 47828 78635 14357 6368 17897 658 87576 96243 60308 2183 3090 34949 6644 5379 25571 39213 53294 26717 17779 39302 76984 90132 68494 70052 97103 65330 57302 30163 31663 21211 23037 58774 37053 76947 85712 19352 27556 15011 83651 89774 90432 33488 88506 33896 13327 96273 18515 77448 61752 27097 79620 55468 9143 61776 4377 87327 33110 82502 20224 42936 21083 44171 36633 78919 20787 5756 6322 69156 40863 75313 58348 38008 44309 41560 85055 11696 67060 28842 71731 34230 91074 39329 9483 4092 1682 62255 98840 14643 45142 93797 35312 50067
31023 10359 23081 25971 25262 39356 33594 3481 17772 48388 99746 55921 39700 94577 17380 17113 97800 24685 28400 83746 18523 76437 87194 25910 17689 49715 2573 57863 15846 49378 82372 95018 34437 32829 64651 16758 67829 98123 18443 91748 41421 27116 86848 13943 45077 5458 33257 44724 95597 14864 45751 33045 60127 77514 45591 83113 78146 56499 33611 53413 39661 52487 53899 60594 88058 86521 76611 65659 59956 64820 86822 99368 51823 61438 58690 96475 21841 21057 58240 61522 4271 31456 18262 26597 98721 31478 51442 54953 56904 76842 56344 94992 85289 83664 67974 1728 24339 2745 47144 12039 39430 23812 69264 72467 76341 651 89065 28560 24892 32266 64050 71939 75377 49191 2683 33872 91668 45421 60873 49536 47024 36999 37914 63676 98106 14585 75665 33271
36769 6363 9646 90041 92930 47232 3501 27851 12924 43309 17115 19312 24671 99120 4731 72172 4130 19047 51043 41003 9342 75006 55375 22924 92406 75541 76325 62062 62373 26532 47123 5878 40889 12886 91462 37252 64596 69761 72100 66503 82467 1754 27428 43579 32115 30322 80140 88307 17679 33007 40275 28084 26944 36793 59014 63604 31412 98409 61917 18771 16945 22532 83950 68650 3958 47112 94277 52529 56750 34204 12600 59486 88883 3446 56530 87896 14988 80607 50093 1568 61237 26 60437 40946 4260 87554 99441 83574 70691 72426 58549 38788 59659 82159 26052 24383 24666 94701 35503 55057 87901 80286 77519 64640 95136 35535 96975 14735 22206 36797 19681 50131 31151 6491 39329 43619 44734 41187 55835 55910 75627 25187 70206 2501 8271 3143 12776 20905
19021 57607 2491 18239 82986 82112 26933 29901 75256 33921 62571 50730 54531 67328 6837 10566 68868 87296 52672 73717 96030 34345 39099 39487 37389 29347 85686 40090 15048 55407 65133 36851 91584 38008 22571 70444 89315 63190 29226 30356 2562 60493 67768 6854 29447 98851 84215 38355 42537 59319 70789 73429 94511 57973 88038 36816 86825 55635 58273 56705 82643 26189 19204 29001 71736 47026 67006 42970 35522 61320 84942 98486 70370 1211 89854 66358 69274 81701 38361 67247 70433 36371 18390 62610 57628 30012 69260 20708 3246 53986 59055 57276 91988 76289 23256 35386 12415 80946 4825 83506 48671 47735 59761 33723 10412 62093 67077 24225 64167 87904 47789 57318 47123 92593 50801 5938 41849 96647 6982 61343 4989 63233 14096 75558 66292 28798 93983 16409
72936 98950 23930 14571 41121 99344 38535 33911 77870 56156 81777 6871 85160 11444 9646 81982 80266 2222 95374 71245 23034 28426 30122 40551 81926 95353 78840 40965 39484 36690 31411 43906 54723 19519 68996 19793 3292 11845 18305 4380 1994 88922 74561 69590 37317 86626 55698 72154 39797 61291 89878 56910 9050 98536 77191 10058 3760 93416 45571 78713 83997 11753 71798 29112 11124 42789 43954 84220 82947 88184 83544 53103 20896 24997 84661 3912 85819 61127 57524 35694 8919 38978 25269 80244 68434 13421 20502 91827 41155 22717 78107 3855 83478 69161 32925 17319 88930 42059 41580 881 44009 30771 3435 73923 79096 42163 73757 90356 68174 2694 90020 45653 13820 23297 24536 32349 50989 31672 53210 32992 98547 94281 74238 64177 54673 32529 20030 91720
2013 36881 65478 9953 77610 52459 7462 49260 29737 74076 98410 25453 68480 83679 20050 87346 72731 56827 59782 37468 19589 97805 18314 44746 32919 90105 32204 21500 94835 85447 44872 28097 31915 62581 99924 82363 89597 9468 90670 89509 18780 13698 73911 48726 54511 78901 21249 75844 67573 40209 38483 8383 98557 61297 30548 30779 11809 96347 47712 89400 87236 92004 34647 47314 27479 28012 71659 80261 41157 34486 31541 78220 52843 27637 99960 3089 95051 97141 62289 40400 36942 15098 86158 83313 37719 80985 17614 87052 3785 16737 55434 80104 22950 50116 23029 88599 40262 28504 79772 44347 78107 53004 84903 31515 37760 72457 33742 81892 87295 40786 12637 37302 47459 75125 6736 27108 4206 80049 70140 54741 71252 57093 24220 57820 5412 75592 93752 36849
50086 82756 61057 19074 11579 53135 5772 60984 33589 9792 12915 8684 63736 92338 94547 59413 30943 97314 3188 34688 83082 44579 31479 92605 93936 56229 29528 40287 82408 9621 55458 37574 505 44647 99425 69088 59300 96915 79637 99984 1135 64778 41698 67012 79312 95501 34935 22483 76237 14168 45562 67296 89085 29308 36007 35295 63524 10231 19527 76865 99536 77000 5824 12150 96532 54135 17015 41661 1615 8712 2426 75117 83459 21190 35901 51333 18820 84198 75737 21151 16496 24718 45584 88831 44524 97263 39548 94537 2521 12675 66429 76924 35927 98278 4150 29288 57034 74586 81877 88330 48938 74997 21907 28962 92270 5045 77856 40488 273 89500 62709 40767 79026 7259 64842 42119 17616 39695 50296 73144 24808 80859 96630 92862 83560 90406 59991 41810
41824 41249 23097 24763 74916 31142 35779 20 32318 36625 5433 85810 40577 41838 10935 96623 52913 98057 45551 26431 21241 93857 56783 42468 4290 28232 70976 66548 38963 96886 2973 49337 74635 96614 15275 65951 38534 72388 57300 98645 14344 28234 96074 49081 6673 45435 8873 99880 76240 23202 37288 85874 38463 8861 25180 37502 53315 5180 60459 15406 72491 57928 45840 56537 8093 50170 89182 94422 76129 94519 65847 30161 18433 90061 94214 38574 96939 23307 83768 63960 29892 10947 70730 73302 96389 67263 26774 97562 56790 19168 2776 52647 10214 30691 52716 46563 17067 17624 6474 68647 50817 16045 82189 85719 99935 73400 24227 56188 43693 76989 62943 25417 9 54975 34818 93971 88821 74012 32692 54964 50354 88268 82112 76691 46108 63938 43221 71294
288 92431 34241 86505 89819 38141 85103 22475 50348 31810 95805 660 11915 47954 88372 62580 10671 11186 75826 8390 69612 30745 55511 73951 18682 38963 98830 73509 52352 25663 34586 55216 56901 7689 9417 27266 61095 78991 16620 83416 51284 78433 47060 45734 77867 91990 83331 78945 45448 15420 91049 57016 25294 64718 93037 34511 78061 69671 2770 89789 40454 94508 43214 71882 27735 56051 74547 68058 51962 88676 73039 81824 12604 19845 5126 36045 69464 30115 25034 64065 64294 18252 20820 28143 76142 77187 36727 11226 64842 82457 84601 78074 34413 25064 96606 53011 91358 17680 41647 31574 7878 62607 52940 62153 84897 23773 10892 5768 52938 15201 92754 97781 88538 78332 66699 22170 96352 78853 59030 54530 55409 63083 34764 72731 36272 59049 90799 82486
88053 58134 92168 30036 23577 79583 52580 70779 40692 31341 31919 6479 27597 1735 22230 68951 66907 21593 11538 96215 71223 66485 33272 55471 61759 46092 22664 93483 70776 20247 57873 79953 8756 24122 72000 13063 27842 45460 14199 44458 21523 13380 81711 16830 27651 89658 97924 27477 98297 20826 29844 45607 5820 65300 81815 27511 60440 89390 21623 8348 39845 43442 11048 44131 24130 88118 42281 19399 38221 34902 56261 85059 22002 35624 40534 87824 70081 74997 38903 63483 42684 67964 43867 79518 9099 64795 68408 69084 91869 49437 79647 23874 67449 16424 77973 83999 77249 69183 11917 62438 59916 57177 43286 6570 67517 51091 72981 93824 8970 40616 2884 92951 2365 77922 22441 15230 30364 52940 39582 76035 27534 67915 8007 6353 51543 32596 18237 55733
33378 93047 16895 15998 7343 73789 60418 48258 3441 51155 99705 27384 25439 30250 59632 74444 32916 28015 56784 99268 96906 83660 21591 71317 68329 38904 42905 14386 27438 76843 46160 97362 95667 81995 48499 81094 75862 41072 29707 18800 69375 45669 29372 72753 24758 85254 5964 11705 98028 85234 41540 22403 28269 3304 25802 39562 39496 69702 20399 20996 51039 91460 81790 68986 24898 6868 93638 71336 34386 86138 55063 48581 53390 78783 24752 38856 53184 37136 17378 18752 96502 19379 99265 43051 65104 90305 55124 82336 99350 62547 58236 69965 30010 12154 20652 13159 48854 56362 45454 15388 77940 10572 57078 27328 67378 81663 88304 83993 21003 22990 34540 48077 26547 59509 68625 10388 37478 93221 58654 66332 1464 50921 16902 32849 47210 25459 55686 43213
681934 320109 159903 569762 430904 466726 269333 696118 344484 504956 660460 47650 352239 302377 47191 544832 571665 296627 120706 576050 747104 19565 48855 43173 597268 428648 260403 427086 34247 166177 694291 524894 451026 128218 73802 670206 133735 508169 273481 203639 267306 172777 249305 678790 211302 11105 161771 77127 418329 525886 179003 107113 559483 408893 583350 388309 549122 395562 152925 495049 871190 250939 305594 15571 549639 517627 615653 17745 591084 88077 327585 16054 69820 594787 646520 553709 926269 665772 713697 43461 267004 241051 570549 38069 861833 298309 8093 743087 672011 226601 825095 236106 23796 204709 445933 740943 1378 94447 484807 197255 723562 359568 331573 342001 803440 143056 543399 161278 142115 547098 654183 73392 372216 362053 680380 250894 190813 335317 671230 140601 162352 154103 80126 673442 659455 497943 97579 19386
