24
0 1 1 1 1 1 1 1 1 0 1 1 1 1 1 1 1 1 1 1 1 1 1 1
1 0 1 1 1 1 1 1 1 1 1 1 1 1 1 1 1 1 1 1 1 1 1 1
1 1 0 1 1 1 1 1 1 1 1 1 1 1 1 1 1 1 1 1 1 1 1 1
1 1 1 0 1 1 1 1 1 1 1 1 1 1 1 1 1 1 1 1 0 1 1 0
1 1 1 1 0 1 1 1 1 1 1 1 1 1 0 1 1 1 1 1 1 1 0 1
1 1 1 1 1 0 1 1 1 1 1 1 1 1 1 1 1 1 1 1 1 1 1 1
1 1 1 1 1 1 0 1 1 1 1 1 1 1 1 1 1 1 1 1 1 1 1 1
1 1 1 1 1 1 1 0 1 1 1 1 1 1 1 1 1 1 1 1 1 1 1 1
1 1 1 1 1 1 1 1 0 1 1 1 1 1 1 1 1 1 1 1 1 0 1 1
0 1 1 1 1 1 1 1 1 0 1 1 1 1 1 1 0 1 1 1 1 1 1 1
1 1 1 1 1 1 1 1 1 1 0 1 1 1 1 1 1 1 1 1 1 1 1 1
1 1 1 1 1 1 1 1 1 1 1 0 1 1 1 1 1 1 1 1 1 1 1 0
1 1 1 1 1 1 1 1 1 1 1 1 0 1 1 1 1 1 1 1 1 1 1 1
1 1 1 1 1 1 1 1 1 1 1 1 1 0 1 0 1 1 1 1 1 1 1 1
1 1 1 1 0 1 1 1 1 1 1 1 1 1 0 0 1 1 0 1 1 0 1 1
1 1 1 1 1 1 1 1 1 1 1 1 1 0 0 0 1 1 1 1 1 0 1 1
1 1 1 1 1 1 1 1 1 0 1 1 1 1 1 1 0 1 1 1 1 0 1 1
1 1 1 1 1 1 1 1 1 1 1 1 1 1 1 1 1 0 1 1 1 1 1 1
1 1 1 1 1 1 1 1 1 1 1 1 1 1 0 1 1 1 0 1 1 1 1 1
1 1 1 1 1 1 1 1 1 1 1 1 1 1 1 1 1 1 1 0 1 1 1 1
1 1 1 0 1 1 1 1 1 1 1 1 1 1 1 1 1 1 1 1 0 1 1 1
1 1 1 1 1 1 1 1 0 1 1 1 1 1 0 0 0 1 1 1 1 0 1 1
1 1 1 1 0 1 1 1 1 1 1 1 1 1 1 1 1 1 1 1 1 1 0 1
1 1 1 0 1 1 1 1 1 1 1 0 1 1 1 1 1 1 1 1 1 1 1 0
70080 52197 56485 32410 37991 54725 83516 31009 75777 56993 54347 43299 10331 75599 67638 68051 59326 12891 42144 13941 52413 83230 82553 56647 5850 48376 91920 3640 54961 43392 83511 38203 3823 85905 14066 86130 28303 76044 23225 33338 88409 18321 56943 82735 86682 48895 76830 70626 24990 21969 28306 98797 88209 37467 2895 32152 4277 80742 60542 99605 40759 41119 50226 39901 4837 99293 45521 43912 34500 13652 59063 2386 23987 31992 74423 5515 35235 34997 6794 38346 75552 75236 85129 77935 93168 36021 7588 57247 23432 99284 42571 44400 61438 20729 61391 86143 2697 55106 6162 2130 15363 57070 36684 28678 13791 70104 95826 81643 28668 56590 8879 32557 87141 87187 21653 12813 30733 56171 43744 81167 31579 95521 81382 56548 99463 18559 61378 73173
12671 18134 14977 28781 73551 84189 92686 51 55038 13103 82283 30127 45633 86441 91223 4455 21991 88486 80659 78376 42810 757 70144 78846 49424 98046 43 56708 19466 33310 96693 50205 24389 94941 12753 23292 96292 37948 62169 33490 29617 89116 69560 70462 35432 17506 96221 58946 70211 32835 82555 46975 52007 49340 11925 17570 48687 15536 43277 70936 28813 3811 14050 38787 89034 65872 19796 47790 53971 11709 83425 23306 52818 78530 59701 7972 89407 45924 58010 80698 18918 52307 21623 64134 56635 15989 40202 86444 396 35220 51249 9134 40961 57881 30055 95540 94683 39949 94569 99002 39819 88036 24368 99368 57642 13756 35268 75708 9030 70298 53783 13841 15816 85950 12592 37079 57785 6475 37975 95858 446 95865 90083 15526 26817 75198 46877 1104
83097 5520 20969 2269 57497 8334 58689 16149 2165 9283 24940 96875 71610 3137 71850 53787 95768 69149 66243 79227 86755 54580 48800 78383 4645 51413 33827 58194 72600 26101 44495 81296 40972 99481 40229 47355 89037 79800 38445 21992 38854 68082 38963 85448 99588 72955 98351 16685 80377 93734 14926 49494 92748 19546 9127 43060 32273 23776 49841 94379 39025 15087 9116 46033 22377 3901 96470 7204 10998 61227 45572 72078 47611 68863 22537 88641 59176 92867 59900 18402 78210 32220 73274 84635 56500 16058 58430 9718 63386 62053 90798 63655 75743 25428 56327 92503 41431 26942 50492 68036 82852 58788 47786 95194 99418 63126 89089 57605 37081 75255 33766 71129 20588 41407 63360 91275 48138 78766 40833 94376 43914 2183 97582 61878 71783 21340 75312 95932
62223 6659 60382 62057 32818 17050 67802 48227 52590 98017 67628 48275 62012 4120 5942 84496 89148 44738 68714 90132 87601 44895 48587 10215 53850 88996 95688 97542 84768 62969 36412 95449 39075 76251 37968 55841 10053 41771 61516 36671 5540 91121 87888 45676 51613 62846 11488 93604 69618 69941 81902 95670 81609 28936 44492 20906 33833 80830 61138 96930 37127 28887 3463 77339 19677 91647 94550 81601 70012 60137 84564 71376 31801 34840 81631 38324 49073 25147 1019 90703 91333 25114 50129 88352 54001 74921 85120 82357 52713 67418 36125 70060 11150 72554 26586 56341 40374 23246 33240 7002 40561 29526 44463 28793 72355 19320 25158 35445 2333 88053 11672 74450 81974 17950 82110 11837 5926 12374 41122 49614 48713 45982 4311 78345 68346 44626 24908 56674
96202 15411 53621 30925 21194 61565 5228 86449 23606 35671 71541 68902 42995 7364 49352 62065 48545 28777 42220 71215 34509 91766 12208 60311 20603 11660 57991 98037 74321 65621 32127 43073 17754 62969 13535 60388 54997 56617 99719 77013 17939 16716 32083 55354 28011 45269 92659 55130 85928 52430 63391 48240 9486 97819 81114 10266 52778 27107 70433 89091 44154 38924 31469 64744 10664 55436 49621 33326 46001 22563 47372 72016 7885 86248 69398 65231 34251 25350 46248 85218 19002 30483 53046 2906 52580 15076 57735 13235 89838 10632 10410 76635 38953 68024 3147 79542 73847 80822 98706 14168 29285 28268 23584 51513 48088 49010 33694 78816 10078 9051 47572 34666 30869 31233 52157 49042 99166 83391 93301 79102 66838 67681 8980 58318 10611 90726 27049 11902
85167 76484 22972 12176 18158 42733 68910 12866 43311 9265 88503 85565 78864 45897 59155 74451 40047 33351 4923 68598 87889 9428 57106 22071 18421 94992 25051 89696 4719 90683 12207 45312 29397 63064 58011 21865 15516 22574 5992 38812 29252 22614 61488 71890 1841 21139 69333 67156 27742 59991 6379 15270 64200 60282 26391 32580 75828 58711 64154 59784 34026 93867 15287 4878 94279 25585 5451 37345 93445 494 7645 7860 34432 84700 35824 78789 85980 11183 71509 48699 88695 55038 72004 90074 25565 70295 7809 22409 86385 60505 69595 10138 27516 36293 7266 52329 98685 84882 12627 88743 34056 19072 9354 60284 69742 52478 21337 69150 56680 93240 7499 9595 40213 19041 16246 84303 76761 2497 52250 82752 49016 60961 53192 47930 432 26139 13737 62862
86388 70977 18079 32233 45419 93952 88947 5758 77706 74973 95921 13561 89091 37758 51336 54167 94231 38216 61733 21508 69654 93495 42396 52425 1678 21756 23913 6740 58871 29633 10349 564 97386 99818 55451 10201 74312 42197 62197 78793 23451 4349 49096 93417 82751 99997 25622 51371 81277 13658 57548 89804 24389 84141 59440 83164 96891 36620 56166 24281 86012 78676 67830 38903 57704 74321 47519 39236 42778 21971 80268 70907 48293 53510 15664 75444 45301 29020 84877 99873 73383 51200 32635 30589 34773 34557 66934 29597 97672 68296 28196 15639 59870 31363 25157 46149 81561 30471 29020 70142 19728 8852 86721 51233 26854 60328 80034 75365 49719 63631 96819 19133 79336 62346 36015 51656 86178 8906 74432 24244 55382 73022 67597 70445 59926 20003 37551 43376
16344 53771 96913 2234 51895 73245 16717 73486 49525 43195 67954 67387 58872 21851 52164 39087 76970 41628 94046 205 56519 21385 8525 39822 81600 23037 65504 21579 3365 25031 5955 60596 27245 83454 8179 77692 57525 22665 34327 83036 58502 93371 17991 9765 59777 73330 2530 28546 53691 65269 31645 47848 73391 17331 35550 56464 70637 28926 63382 65453 75335 22496 29592 40699 13030 26495 92145 94575 33276 61466 12968 51133 15491 46320 44467 46662 17172 44449 7326 82051 63640 45841 13733 59237 20960 9500 61353 49671 81375 87148 3423 80405 24836 86794 91492 20366 61675 76917 18292 15737 56627 57838 71104 12726 27893 7744 77247 76586 64029 34971 98144 5697 15972 19007 59408 37483 29969 87688 22588 54072 7888 3453 67685 7331 36405 32665 96182 65582
70802 43695 5770 83870 6453 17740 47427 17383 67103 57135 43975 43169 25723 53517 20139 86366 1762 92280 58325 76285 60754 35349 94850 77074 25230 8154 32930 82173 29340 13110 29815 49154 61838 30530 24539 3636 26306 36549 24029 18247 92075 30509 83587 24056 5731 71681 71075 2788 81561 64557 24057 25865 61783 41374 28008 51016 68721 39035 88917 50506 20164 61742 32398 65548 54461 5960 8245 11389 49175 95361 5034 75587 24106 88301 43789 21022 98477 68517 17434 58293 16923 38854 93206 42301 35153 62655 20840 88116 81463 47903 5865 64142 56640 19809 31993 74975 46808 58528 70342 97479 51113 19691 37100 81064 42472 48257 30416 42289 84030 82706 60861 7298 20150 24700 32014 8141 38972 63170 99357 49041 42069 52878 26011 71247 74247 27198 98465 43283
44602 51565 54322 95089 32443 12297 98505 96479 5368 51136 44484 52795 92000 41656 25091 75757 48490 52773 95318 5853 24792 32956 67310 24366 16550 40786 79554 88662 17524 52692 90429 71229 36120 96087 46702 36309 53585 98689 7204 45592 17199 31796 15311 41641 34940 81344 69460 99535 23337 12497 14273 33606 54148 97580 2193 58261 88710 31341 3388 66271 85807 6514 74556 34242 16515 27238 85354 12144 81772 37929 2116 87885 68812 97064 47828 30815 47780 4389 51134 66060 29232 65184 42213 23786 71770 34478 75025 83389 41070 98959 57827 31407 67620 24319 19909 58191 25357 37287 56037 69259 38589 38859 15475 8784 46739 4696 49308 73197 67688 48595 85652 7814 85391 87383 55578 35986 65834 60588 21461 10584 35330 21736 18179 39348 55001 49912 31298 52785
39224 49520 49062 83925 25459 80866 41454 33714 81737 19616 32373 16559 98680 10994 76139 40554 5900 15174 51809 76347 99822 57414 66094 89192 97116 32973 52899 63768 97058 70819 1249 76457 18062 65848 57760 65642 9694 42270 26441 59218 66058 8104 86032 1342 21851 19869 46475 86896 35570 87795 82880 66942 85748 30480 48633 24954 37977 81760 27941 53478 60862 6233 40033 72959 57654 39631 12951 68315 64651 68124 44179 55206 28429 52809 4652 61533 57307 43447 13700 38341 12119 88392 32264 78461 9670 81598 96698 49575 44392 99600 33837 54421 43472 48365 68331 53422 72789 41950 82691 20789 11583 62692 61784 60373 11618 77307 66174 60157 61922 23493 91964 93582 78632 43744 55494 10829 13148 86369 53574 96056 30609 8569 92816 31650 57479 46703 68634 88240
97185 74976 80796 62530 92932 2271 90682 88536 25018 74851 25050 18038 75503 50258 81587 10230 24523 67220 53954 91763 45706 28392 29173 15662 1646 27178 19153 74834 37720 91538 5025 1606 25494 60079 44829 12436 55712 63864 81108 98619 80496 69804 36570 61762 57152 60618 49334 25677 51945 55229 19204 96590 88863 82375 30524 37703 29765 17761 74664 84177 53150 26137 32818 83838 77661 72765 52964 24363 48973 36096 90258 40281 40626 89487 23026 15198 7603 7118 32963 26323 8901 27921 24094 85700 60958 29790 62749 29711 51365 43271 28781 84749 84149 27905 45204 95547 38998 71628 3704 44507 62158 68133 54555 12592 20066 13239 32181 77661 18811 3614 67354 42408 34153 78503 9622 75360 62303 35444 56229 62604 94107 6209 22633 3241 851 60116 58418 99280
49467 59535 85239 71521 35695 80339 62149 96307 4473 88225 27409 66548 53835 50383 88403 90367 90048 20367 14830 66836 80477 76227 74604 69489 66512 89661 69265 24286 36587 21154 57557 81769 25113 17192 31168 80867 56880 98730 83309 71448 63295 57678 76122 40831 99938 59145 82725 1852 74683 85209 4126 84293 54706 47499 33405 20902 12340 80223 17516 45263 49992 54094 96861 43373 90830 24366 94981 78852 30196 27075 41605 89584 56589 4931 67516 88152 72268 14331 18022 40642 16471 15276 27985 20799 95427 42745 4001 35662 69867 90653 1649 90867 53687 47595 80468 68468 6687 44428 50008 78434 61998 76282 20918 60231 23995 29854 89545 52862 16381 10647 73712 60562 35547 19270 63037 67423 59742 33296 71105 67399 33389 97473 65651 43633 69182 40324 3643 41221
29186 98881 99324 75726 30908 52003 47707 49156 94646 68568 52920 91977 62605 66351 32957 54939 57024 4617 40202 20426 34864 11108 70902 85450 99599 27840 59630 66379 10550 91913 33842 67242 14820 45314 71277 13405 37318 3839 60488 8467 50509 32596 40330 65971 44655 27017 46172 33300 94291 79829 16375 69547 62015 60185 74882 87170 71516 40461 81065 81486 14842 2848 41127 91514 57156 83438 95812 80629 38928 23036 36055 88979 88932 29560 28785 3457 3789 95301 63911 9042 80144 65924 97349 93375 32115 30957 92586 59092 42706 30393 48039 47786 34780 12218 48980 21729 88003 95785 99340 75940 7713 21942 74678 22395 97606 81745 79175 14616 54145 24870 23636 22576 1705 30388 60564 75646 79270 14669 2654 69782 5153 31576 36558 82097 18332 5455 40807 42597
81673 99518 6720 68408 68911 92795 70190 90659 75595 87425 79672 82086 77462 86911 96818 59126 46635 17270 37426 55295 54509 4567 42944 51565 35730 42488 54673 3323 51778 65244 66788 607 91648 13977 88542 37841 71339 82532 19886 38751 78839 46300 72764 32073 90055 9302 12777 37701 37828 98106 89821 17758 52485 47338 39469 66098 24990 56273 46127 58688 20938 45758 3637 83800 60131 50562 55793 71296 33039 31904 88340 20532 89263 29408 80973 48443 39224 76570 35380 6653 78362 53789 68270 40208 22510 6168 82638 8877 35006 84073 2407 91843 58432 51669 87017 10995 77979 72150 57014 21327 11725 13829 79018 57562 13992 62284 6049 45923 6832 9073 76847 22964 45379 42830 6297 70300 10616 79198 91350 33563 5598 17839 78580 75426 52185 46981 36158 5135
36876 3689 88570 38176 94776 3219 98125 8312 38808 46872 5849 35288 98701 53208 98540 71581 14563 47632 85040 1697 77609 29877 73865 60499 84402 65380 11040 77505 9623 39397 6513 71531 75328 94991 58043 31496 42386 42987 90935 64106 52491 6516 75892 11007 59610 80271 98814 57344 62634 14774 74754 3371 25186 98913 69734 708 13983 39813 11696 70807 66339 67654 11433 41281 10171 65898 6303 84940 88920 73390 92477 91128 21286 36070 1845 97544 30839 2552 83974 73380 81681 68154 47941 83039 93869 11039 75970 71801 30434 80970 54889 94392 77440 39246 16761 28585 94845 98165 57931 6542 42961 18883 99607 55256 2211 27110 50122 21430 71059 5894 24730 38799 5522 35882 34877 70535 59544 36823 33572 99259 80502 75930 95249 86715 17524 5747 41379 8290
93211 79160 45697 9544 48748 68325 37647 61092 33637 53373 6824 9388 67092 484 6763 78027 11795 31618 76373 53259 28925 54113 17869 1408 34937 77154 5789 51300 95013 30206 77873 35166 61360 81378 70433 12822 93533 22446 41000 57167 19902 89094 97967 75608 59548 86399 91969 93574 46417 22526 4060 31778 90276 26198 13358 4296 25974 87085 92078 62062 41545 61713 80132 30342 93257 78190 41009 94032 55901 70996 6760 82910 96333 64199 3540 49370 45276 95489 8654 99080 98790 19926 76468 51282 1760 66093 16136 3286 89630 86930 54107 23760 23249 31809 12025 30168 54032 35261 7555 65710 11287 77464 7577 83535 43906 42572 31719 67485 25653 26985 61422 42605 34989 4354 26203 89053 81572 55548 41243 87675 61803 58979 6283 43635 58074 41898 10261 10945
36533 87062 57995 17304 91128 3929 24660 7103 55476 94521 87146 41555 77715 65350 80759 15483 12154 66460 45018 19301 23351 49051 86074 23495 47809 36071 40522 9432 89836 93279 51903 85225 50376 88014 54801 56218 27949 94902 88718 20818 57725 20654 43543 46681 68074 4443 21182 78345 67616 21499 45880 76441 98102 45139 29747 93412 76698 71439 20660 21748 82176 5873 87436 17341 35767 87675 3273 5564 46237 43954 25873 55775 55099 89410 87633 58349 576 22595 21558 2463 44252 37442 83400 4320 38829 35759 67068 9958 7056 12116 66559 21340 5945 33739 39352 46745 22005 50669 59144 54805 72516 65126 70995 40093 33929 19001 90820 13923 93327 96083 82286 55478 9126 68514 64359 40870 4136 41942 69716 32997 78114 85627 5681 40385 23416 37830 1469 6467
84038 40261 14059 64418 76228 51121 7248 45154 56902 87122 79641 53125 67731 63293 98967 82823 54294 89285 77003 86775 17999 35919 40934 79017 24784 68583 76948 10998 18017 4100 60436 90791 80406 19829 5498 52385 54901 11624 97980 52433 92757 42667 78546 59533 81355 63372 71262 11003 85609 22902 60704 86358 12555 33121 53399 2852 33767 48673 98354 75232 61511 14591 56716 45243 82769 46958 32022 64472 2199 38181 99405 82020 79605 7960 27213 41436 21586 96205 98321 4768 73774 78689 45908 89784 93502 63093 51655 43235 99606 52652 8335 10981 53977 82440 81967 85896 84174 91409 59129 51364 76942 17765 42053 34499 24015 92467 2786 94794 53388 53274 90377 48468 10017 4741 11832 75459 6813 69230 38734 55852 54911 51880 64330 36026 72038 91516 65904 70975
57549 34552 7327 58886 93981 50640 52737 34192 41426 87161 31323 65871 80473 31515 24560 19192 5661 89659 45816 38258 44673 91843 66045 90816 49586 7813 33801 13464 19995 57921 23421 84324 2820 53400 25417 67659 8049 48433 71315 83405 87116 60953 65781 58329 32814 4996 59290 54463 2526 92911 30443 88157 10702 47229 15063 49680 10520 45583 10820 85388 11669 19161 78857 38773 21280 49860 39688 83250 85474 88404 18566 68370 60104 58841 15669 49927 87294 52876 47188 83105 18943 65887 3561 78072 34763 69281 74109 67965 4350 8985 55391 98827 35430 71090 62595 86206 57420 21029 96577 63741 95043 37081 71916 12504 36411 74299 94661 45483 49939 52504 77144 48959 75416 3417 59390 51787 17642 71156 89992 64641 56723 73854 52835 67236 6286 90292 77308 10096
35787 32189 64374 95591 93565 42406 41993 69861 81905 1021 36532 58262 62015 66460 29447 34236 87074 56847 90244 83398 7124 98673 12712 7141 7973 38681 29813 85573 72696 49900 22233 14314 47654 69385 96918 93317 27891 47487 83616 46948 28875 47000 41708 79542 531 1520 28408 39888 71471 6336 94148 46286 60372 83287 61975 32831 65465 84575 84699 52341 74334 38461 16115 72747 68991 29117 6184 89461 55577 62538 77038 15774 69251 33767 61641 38783 94542 14059 97466 16391 96106 9637 7623 3997 77990 86145 13634 97467 95961 58988 40113 65082 61628 70901 85542 13024 79806 26194 85491 65556 26341 24017 95843 5016 53620 99305 63383 28123 45552 47391 51997 92138 5108 53711 89703 29424 42838 93635 89709 10105 93736 58306 61844 36056 76599 82789 53020 56183
31872 65997 16427 30790 8451 52749 95648 77109 14881 72292 91174 58168 42619 30631 30574 47209 64907 68197 543 76177 83144 68990 20558 11334 69813 35458 44751 22755 41095 16823 91188 75300 74953 72032 81882 41081 42080 90633 21330 2006 88269 26762 95695 99129 28429 13734 93792 12563 97138 18911 70995 71182 8782 22626 911 30789 56649 63163 21407 91107 67333 76033 34043 77620 38898 69812 76817 61653 25403 95888 13855 52606 42107 15768 35990 21174 37116 66496 7035 91700 46268 56591 50517 38591 46158 21028 9160 20838 84967 98441 64709 17213 70788 14463 43416 21603 12124 59328 77887 99154 50891 2896 65760 69083 59197 69061 88903 18479 33288 88480 20047 98998 20105 1323 44603 34171 19704 22193 63431 54001 67614 16611 45563 79751 48530 92718 55288 16040
30524 85843 56942 7880 34031 21746 80197 6044 58689 31220 32020 59078 78351 34572 68115 13728 29532 13111 75448 39940 90817 62029 82574 58074 45342 91736 69853 86014 36223 61454 22532 59368 46583 39750 25919 94843 35330 76621 31128 56284 85524 45754 93652 38759 48810 2764 65736 55640 53302 10894 86125 16650 7218 83018 83807 85538 49820 82850 21805 8013 20804 64827 69058 42387 36467 74840 53427 64833 21427 98315 21844 51279 18844 49043 11955 91746 41655 92314 72723 58998 59277 49247 26597 20964 99073 50486 18807 77775 29316 68293 15815 7465 79918 44214 23226 70106 86820 32305 29345 42418 3376 5453 18387 95752 30470 84178 90706 12735 45632 68904 78056 56282 6453 98337 43679 31112 60999 19576 51823 38919 59876 18030 87874 11122 8790 75440 51078 78855
97952 60606 81603 63691 71493 35673 32614 18367 79587 25455 82411 49290 94939 78340 90120 64552 22268 23362 52853 7455 86553 74669 27025 91290 36709 42696 19624 96416 74673 82161 71769 97810 39514 48823 34068 27558 37542 29831 35330 15221 72136 994 43813 15917 69183 52954 10253 11576 83516 11089 404 38054 68903 97486 4427 11370 69638 50366 32707 58450 92002 56800 86408 52729 61042 33220 20255 26655 37932 36109 49085 76422 8008 88970 20291 47345 96501 4473 68350 80824 30138 37450 35665 13440 47232 75278 40269 76677 1174 34783 40347 39084 58431 32562 44700 57016 89024 25526 39833 1359 84659 93027 24502 7010 78890 3482 16146 22259 44767 32252 24249 41326 74776 61732 66560 43300 40828 98394 81618 66692 11062 74731 41089 27933 10286 92217 65347 58127
194347 217344 24442 397649 493344 20131 489226 529981 541516 193834 376011 99702 312054 108290 301945 499315 458179 22549 66262 225587 225192 56063 66585 356345 522577 155447 22035 370817 155836 20098 323700 316784 32918 654291 38962 161771 462852 495630 600042 571066 18367 376626 372953 196940 236635 141789 317911 428179 320691 691699 103146 661970 102508 660722 384915 533902 69058 191488 262872 534072 339004 403787 389773 8395 13932 392365 515701 218753 92321 242524 15746 509160 383657 313059 583527 110200 58483 141105 332495 57699 84813 71154 467982 334810 486128 382595 467339 138363 561868 424329 313234 364540 618152 214643 400254 145568 22278 104497 446760 402789 567758 613811 687926 67468 581407 154902 397738 589624 577500 191425 447029 87487 311552 83625 596426 516631 62423 563094 223962 675216 146827 311990 2327 178790 424730 136016 315556 184485
