24
0 1 1 1 1 1 1 1 1 1 1 1 1 1 1 1 1 1 1 1 1 1 0 1
1 0 1 1 1 1 1 1 1 1 1 1 1 1 1 1 1 1 1 1 1 1 1 1
1 1 0 1 1 1 1 1 1 1 1 1 1 1 1 1 1 1 1 1 1 1 1 1
1 1 1 0 1 1 1 1 1 1 1 1 1 1 1 1 1 1 1 1 1 0 1 1
1 1 1 1 0 1 1 1 1 1 1 1 1 1 1 1 1 1 1 1 1 1 1 1
1 1 1 1 1 0 1 1 1 1 1 1 1 1 1 1 1 1 1 1 1 1 1 1
1 1 1 1 1 1 0 1 1 1 1 1 1 1 1 1 1 1 1 1 1 1 1 1
1 1 1 1 1 1 1 0 1 1 1 1 1 1 1 1 1 1 1 1 1 1 1 1
1 1 1 1 1 1 1 1 0 1 1 1 1 1 1 1 1 1 1 1 1 1 1 1
1 1 1 1 1 1 1 1 1 0 1 1 1 1 1 1 1 1 1 1 1 1 1 1
1 1 1 1 1 1 1 1 1 1 0 1 0 1 1 1 1 1 1 1 1 0 1 1
1 1 1 1 1 1 1 1 1 1 1 0 1 1 1 1 1 1 1 1 1 1 1 1
1 1 1 1 1 1 1 1 1 1 0 1 0 1 1 1 1 1 1 1 1 1 1 1
1 1 1 1 1 1 1 1 1 1 1 1 1 0 1 1 1 1 1 1 1 1 0 1
1 1 1 1 1 1 1 1 1 1 1 1 1 1 0 1 1 1 1 1 1 1 1 1
1 1 1 1 1 1 1 1 1 1 1 1 1 1 1 0 1 1 1 1 1 1 1 1
1 1 1 1 1 1 1 1 1 1 1 1 1 1 1 1 0 1 1 1 1 1 1 1
1 1 1 1 1 1 1 1 1 1 1 1 1 1 1 1 1 0 1 1 1 1 1 1
1 1 1 1 1 1 1 1 1 1 1 1 1 1 1 1 1 1 0 1 1 1 1 1
1 1 1 1 1 1 1 1 1 1 1 1 1 1 1 1 1 1 1 0 1 1 1 1
1 1 1 1 1 1 1 1 1 1 1 1 1 1 1 1 1 1 1 1 0 1 1 0
1 1 1 0 1 1 1 1 1 1 0 1 1 1 1 1 1 1 1 1 1 0 1 1
0 1 1 1 1 1 1 1 1 1 1 1 1 0 1 1 1 1 1 1 1 1 0 1
1 1 1 1 1 1 1 1 1 1 1 1 1 1 1 1 1 1 1 1 0 1 1 0
43621 4522 53242 38798 70309 77449 43282 5369 4662 36818 28891 76319 67411 45079 28609 62428 80768 66495 54071 31256 80820 76997 9257 49242 52445 48091 90671 65520 63260 21103 37785 24648 38443 59591 44924 60538 30847 58556 83078 56819 80426 58195 23397 22330 16760 31192 37326 5008 40586 67657 44947 33814 76218 3499 80708 82672 26348 83326 26611 40285 10591 58132 38737 57864 77059 6017 88612 45968 53496 79210 2374 44749 5193 64117 92696 27755 76843 90249 44553 95813 85716 39775 18381 49969 79450 47828 75338 87978 16551 52746 10318 90017 92586 65698 61864 60844 46635 27726 10254 49297 23437 48277 93672 68344 43035 57733 82270 17937 31908 26851 42661 75287 84620 52591 66629 60334 72579 96796 37365 74766 98904 2602 33834 20461 89236 96449 97190 59285
81851 34655 12985 28400 74598 31458 97682 4550 81385 95204 41374 31647 75368 7022 6981 33561 28218 46865 21993 68747 52231 71300 76031 10404 80003 1164 36842 8769 7819 72530 17333 49499 73085 19008 97379 6167 28550 47817 38119 78875 2512 18233 66314 45743 36417 43621 58812 60359 37388 58939 88589 95099 83555 94665 95729 17178 31209 93010 76214 44825 72545 97728 5968 98789 86478 27267 77016 28954 98449 5918 26091 21501 55586 70534 77761 24800 16668 49364 91694 54821 40199 63790 3475 84785 64051 98346 19376 35302 88936 37677 58417 82792 43958 68634 42045 25941 78817 66751 19256 32485 48123 32893 89092 20610 98870 84937 46031 55850 2884 52263 77284 99332 65516 85355 184 82945 63787 85893 229 50447 92697 55008 33452 73529 99253 30945 97609 83738
81676 96497 68111 13149 66138 79442 21858 35120 42078 12914 99664 26013 1667 62847 41144 5496 26801 44317 87841 79227 6611 6973 4537 89078 58003 62749 96586 6138 4075 17527 7995 43390 69426 96804 58676 50726 34549 27416 87156 9781 28808 52344 29669 22906 55284 40305 68140 73604 297 11627 20626 83721 85902 22043 3673 5024 15248 13781 95565 21459 93946 68682 13452 50454 89512 59709 68452 75718 15663 35646 93968 82221 44180 77944 82674 82577 63369 57968 25581 71027 97055 30412 52017 28725 7450 14053 70252 4493 65068 18481 6338 77766 77138 60683 46096 97310 81217 64117 45265 81964 3612 89066 88682 19530 85477 44029 26877 85721 81918 46766 16419 30773 2240 57372 90811 93044 57416 70809 96547 22149 77713 44702 28099 9977 83079 23941 68449 17759
47504 39661 80476 38259 26810 33092 85443 18636 69176 5287 79163 78317 15153 79204 45519 25927 86697 67890 81560 44089 18766 17155 99687 86678 6639 35898 66676 78278 87371 85845 98084 11160 6371 92555 63468 76839 38425 93255 70826 54510 36330 9600 99418 62779 86875 71861 28512 10326 67297 71505 6691 61818 9474 17859 11016 87507 33065 76310 76327 90255 35083 80177 84299 38835 78030 30656 2709 79788 98271 47786 50551 9827 52152 32029 34459 76449 57578 72065 84357 14583 44814 6087 50544 88710 66580 73019 11544 76584 59624 28978 70075 96242 55786 87020 44403 98223 5624 67489 81186 51767 42851 25715 58650 67008 61027 2170 43982 39373 97929 81662 16941 69426 82009 21686 21865 88909 77636 33655 69429 59566 45848 56328 7169 83208 65888 1207 61660 51633
11986 57446 37630 41908 67182 44723 49667 43353 30457 65702 49805 73 57422 86390 91855 19977 75728 54296 21490 8378 2757 35631 26256 45493 58259 7478 41999 62066 30307 55230 92670 82465 18903 30218 98233 99921 49569 21729 80073 31588 59304 50106 95477 36789 27950 70089 42039 76821 17988 30750 62211 97612 86879 28254 88889 72127 30245 49075 61813 46842 33170 76515 16893 49819 17157 14079 97528 76076 80549 63792 58529 51366 39889 86390 27323 51065 13430 58061 81784 67789 74326 71320 45630 48817 39957 28302 58440 13323 22032 757 28087 49636 96457 16772 65985 82698 60158 2093 612 42273 99162 3817 5244 61638 77396 25562 98051 14827 13530 76968 62919 57808 72706 97744 9741 5135 25662 24217 69025 40876 70340 41775 56891 81985 38191 61783 22986 16888
48150 95034 30089 41515 16206 96367 4473 62791 96408 54384 81346 75065 84110 4709 8277 74560 81818 2424 84903 50480 30163 18797 85734 69915 20400 99644 19270 87445 56095 20165 98743 73380 77607 68524 62345 82074 40596 81834 17587 16085 37853 42805 65190 151 98107 71303 72776 8760 53802 16351 79466 12747 87248 78594 20240 58027 77560 87945 34784 65011 71699 8984 58566 62600 48538 75007 29921 82725 58573 18448 27794 79332 40670 26399 21205 70444 85633 13042 86707 69443 84898 56447 70300 44407 23836 80669 97011 12432 43047 45166 77636 35984 65400 98664 5960 67750 93297 73928 68784 92124 57715 82825 15616 37532 55181 9866 17940 93612 80099 81913 92727 49462 42879 97265 5958 96101 13091 81382 27759 88686 97659 34877 5634 56906 28272 44995 32498 81752
87012 64837 51625 15039 16523 54539 76319 26334 57801 81750 95402 22422 80775 63104 44083 42323 31530 29926 11768 2927 40830 70401 54208 66532 34124 25158 28033 52482 53912 53493 74438 78148 46946 63718 68335 97503 99106 87728 70787 50237 74102 27150 27632 492 65326 45660 50813 51357 43571 51387 53543 62738 9086 48630 55085 43826 78773 44422 83568 94674 66814 38572 1871 2525 48064 56051 91313 65461 29439 9119 56312 84120 59092 24250 19708 30521 81303 18009 92219 27254 1305 79067 571 84744 91838 24426 2206 68573 86912 41311 92382 52518 27158 79258 10045 28508 59889 79457 26118 58395 74774 80465 52851 56335 29844 44737 84456 57107 15560 1755 41106 62460 97448 57966 74314 35532 7442 3881 97528 68228 14579 66390 19909 53949 78251 33693 86695 75339
54049 48401 63890 65701 95105 58689 32428 66603 80319 29423 97694 61135 33524 50195 15793 54229 620 66924 84863 22684 60714 71648 66428 9207 69054 16343 38304 32667 15578 70165 14189 33729 84472 8822 46788 14684 18220 39897 69016 50172 58779 10877 73773 82971 81440 58430 57946 40413 54447 24795 27514 80910 21474 76518 75105 87259 22376 9351 27559 43848 91152 63838 33497 66355 7696 5803 9321 16947 23858 33311 32214 13429 44299 22505 2678 37395 92356 86202 982 55606 32296 26280 14819 647 77053 96343 26376 57793 38194 12808 58532 15170 30852 85225 58734 78838 3499 29827 928 35895 15382 54678 59977 79204 20351 14114 47909 56085 78174 39250 75682 82352 97576 27277 56187 67325 54450 51940 79268 30087 16449 41776 54298 55316 55279 51539 12867 29179
15200 40379 81964 54655 29310 43503 21066 56490 76964 40929 26365 63423 96845 43238 57560 68856 25297 36518 53774 3008 56582 15590 52684 14744 13880 58268 37555 65392 86465 16452 30730 68618 36883 73040 76463 94725 32701 38822 35548 82286 71790 78019 19506 32850 28283 28849 65913 91126 91804 5203 64863 15300 34299 80237 22124 25430 73609 44133 6698 77513 68640 44191 41119 75570 95093 12870 63076 9787 1364 40816 5498 48566 81034 24371 67178 71668 40688 58438 23106 3560 69378 32358 76406 7454 43512 54083 21453 75117 85063 77887 87139 25598 9124 1841 79912 23900 98670 49526 22951 647 35135 58313 72814 33562 98269 23045 52540 86020 44530 16561 98776 23272 31914 83526 91425 83211 94653 18472 26139 25335 14312 64388 36805 26336 6462 97585 97824 64859
15091 50964 20038 52474 10921 75572 72065 21191 38569 61086 13242 2257 33292 3442 48882 25312 5552 71167 69191 96869 28180 39233 99386 10268 6312 68257 3999 75170 14758 26264 48217 35029 63960 50084 5012 54607 70186 83344 58494 23538 28956 96946 4306 30133 94970 72129 89968 95614 52162 92961 56470 48962 84236 18808 14801 65403 61212 2148 76030 37535 28089 60219 11793 84878 86712 4098 43240 25839 1756 61395 72103 18531 51570 7060 15631 77024 1242 47949 30501 44256 69248 54879 48785 36209 46698 7210 35452 95541 99977 90569 473 22425 70151 9899 20335 72140 65285 35857 39769 70695 17941 59598 97850 62908 27872 2642 35812 16605 85973 6579 16779 1779 23138 2556 97160 35204 80890 90308 72565 39623 66463 24912 88413 71917 28603 83351 15489 85051
80093 99156 39871 44034 86240 99982 2558 93904 93604 50587 13791 45426 84285 76757 82611 75305 60126 72867 45860 68451 28578 32162 43456 35503 83383 32814 85086 15400 14107 2127 31658 7366 87972 23072 80422 10275 60669 79446 88779 94456 97366 2176 12848 39948 64439 79045 67900 27715 27164 25514 66210 93114 63810 80069 24116 73864 68722 96197 15167 24501 40979 56919 92673 39605 7828 76553 87831 57964 32836 96365 54765 95640 25274 74248 6226 25055 16617 51100 40924 61877 13159 38391 35982 92045 73966 94627 91564 39757 48587 28413 56106 18232 67912 25791 15459 88367 67541 69917 80129 61596 94813 57323 94672 90094 39151 64601 43658 52357 49618 3538 29794 1691 67147 91221 24223 69037 93365 72102 86002 25722 56576 38432 35987 30597 42121 1759 64727 22216
45353 47462 55876 9871 57961 51063 84015 98494 95963 70135 72491 69319 3172 16079 13087 88871 55808 42801 12619 40632 41573 96587 10500 59458 68162 20144 83364 21670 439 19041 4859 61463 7119 1940 85166 67245 94232 19197 55585 21242 89471 24361 48072 10213 88393 97083 90344 62579 91606 48121 7268 30508 43340 34335 74923 10833 21466 96199 3118 389 83423 82840 89818 20080 81764 62407 10706 47811 28543 47297 59895 45848 1745 47270 99932 95894 98599 31996 68407 31768 93963 15013 19247 43704 15165 13555 17861 80466 58840 55382 2186 98861 8820 31415 81714 41116 82350 97477 8068 96625 47360 21781 98865 81613 15507 25194 42756 43445 76499 68211 4995 31469 18725 76230 28524 51044 25369 21900 32652 79343 97841 4842 11069 94907 77614 67532 77202 89612
52727 96376 47342 97914 21847 48906 79239 57039 42793 77119 33354 30579 84833 33799 7073 88456 26100 69261 62178 66287 66879 10553 87143 49295 90237 48648 67573 55824 95241 97190 31124 20437 58518 26104 74478 50805 56009 57019 54214 83018 6341 2675 88503 55499 42196 46216 56902 83509 290 36526 4183 27111 85980 51359 44766 52435 48006 32339 64501 5189 84748 24223 25453 89861 7792 87611 73427 82332 56902 91002 31105 17952 24186 39149 26955 80708 67378 30009 6199 84658 97124 34728 2997 53261 27669 30376 1704 83734 80897 82664 81383 75015 21641 96395 25538 29638 5279 25058 57229 84592 86790 15513 73616 7847 79972 83399 41328 36119 55080 23998 34232 90414 34293 13731 59067 86298 41380 94628 46400 41132 95487 88863 25844 17465 32227 8014 77709 57392
57979 82100 68910 21590 64559 43635 36807 40205 19293 17613 78118 75510 86053 27631 94946 54149 78779 29113 98784 72727 64695 64799 90252 78751 99429 34689 9056 67144 32463 18292 94692 18568 44309 43846 69517 24847 21180 28036 7844 83716 14440 93514 2493 76490 65878 8147 11871 44104 54541 74713 2659 78430 87021 63545 17651 36067 18802 72512 24396 29918 53441 29079 4886 60951 5031 82024 21698 5120 32002 19136 3087 71714 52266 89277 93338 64024 79771 88648 73863 26078 98313 58883 61606 21821 92528 331 46199 90055 97840 53857 19570 41224 15355 5448 49051 64475 83076 35568 49493 85277 46045 39685 94265 41363 66021 80350 78680 73597 29178 66832 89880 63445 41779 28259 36139 21012 82347 49742 32755 98223 40828 8424 3299 2208 77207 84937 57635 73527
81030 18780 53980 57042 99601 71303 63685 56209 35367 95902 51952 41721 51216 49930 28233 37828 59971 28177 17106 15578 50361 77051 82091 94766 91995 38449 22801 70493 72453 29647 93897 7372 87659 78224 57021 63847 72350 1960 17374 99674 85186 91901 25873 56273 88176 62211 73169 16747 93881 85492 47493 90056 73824 42817 73508 51457 68678 39134 16437 53953 85611 42559 74522 83641 67480 78369 89444 98366 18084 78002 96892 24221 95852 9203 78355 70933 99091 71296 60179 27899 38835 35135 80662 99181 4034 87530 94106 77941 62899 78721 57028 53731 34289 84117 31665 42753 76635 34169 10261 95414 67099 49647 91000 35893 12953 54957 12534 63293 20940 6794 92987 13198 52424 58859 67189 24755 15576 30767 23696 30021 71658 22005 91783 7696 1321 82942 16187 6818
48708 34359 15535 57039 76803 11652 55215 33328 20117 17058 92098 55843 26297 51896 54299 70153 15656 20644 71351 67370 66736 54311 94245 42778 8443 89855 50465 13486 90149 21309 92919 46101 27843 88103 41656 87096 53014 49883 57799 65025 81745 54702 27235 56508 19555 89455 19112 30801 25489 39284 46158 61098 95946 67802 81195 27368 5090 84012 49087 58036 61957 4390 88502 27913 66393 9719 33871 29920 25797 49598 43383 46761 1467 89612 5720 30988 53698 88542 20752 64541 80254 10650 45919 34795 8017 97697 80425 82406 76465 52356 7625 46648 57923 94439 85242 49514 17561 69276 63660 30441 71487 98353 3289 65956 88918 89698 45870 74080 27517 77648 7245 5241 90629 48215 66385 66194 94723 4290 99427 11921 71331 2968 11896 21282 15903 28911 72665 79276
43226 40543 15584 22601 65677 62125 53189 83076 35454 9304 79654 45296 58294 25298 18215 52510 24984 99323 34944 73953 51741 76081 5995 34327 19440 76983 77758 63801 85703 21188 99695 79391 57469 70278 58517 66510 10750 84788 47144 17890 27945 87557 84887 50022 80873 22768 91520 86101 90444 64609 65868 38505 9363 71925 91531 70341 35693 65312 13573 44216 50654 37205 36232 95306 39285 19844 32071 13777 60668 40377 27994 97662 69577 34683 2196 7671 42581 5170 35712 52804 26459 37224 85589 66687 83594 25648 78885 24861 77980 9026 1358 13225 30628 118 53427 66929 78736 51538 97279 750 2206 21680 28143 17896 10751 79741 98319 63775 37276 57522 15921 2047 80842 9892 35426 94010 15474 60558 38155 30138 74774 86153 41382 85368 60528 73593 55117 75251
19038 20637 85599 46667 77909 15745 33830 39245 39705 60309 33403 9624 88853 75758 7713 46925 54659 46450 35077 84839 12468 76064 86933 709 16752 1415 84160 48273 87074 4090 61663 85052 7627 41150 7893 52162 58781 77329 21109 25763 14857 69780 78740 27740 1899 25082 53812 48098 25095 15140 23489 28282 49242 35963 91007 36079 17326 1902 50159 24920 29171 82884 80772 59477 70689 65720 8960 97849 37720 29258 87759 42643 33346 1099 83420 14976 23110 84610 96297 21110 98339 27921 95311 15416 95389 60240 23686 75328 52320 25265 91727 26826 57060 10402 83972 93230 43035 42440 37826 15877 89938 61662 28716 86810 25679 18836 79348 81779 60396 99526 54061 39137 91577 61215 80250 29681 25057 14211 49083 43305 98802 6184 14452 45279 51761 12204 1681 51317
28302 19846 26216 68195 66877 81026 31788 76453 31825 82192 26368 12762 93967 4836 42033 31700 13703 51680 30877 37499 27022 36102 24493 5064 39024 16025 12430 61922 73101 61526 6106 37484 12437 98363 30071 57719 82965 86089 64584 63960 8700 51905 59495 61708 52512 16142 62982 53759 54386 41641 29394 10697 29599 30618 20645 56546 28040 16164 96089 52051 76348 42878 50851 45708 9276 72168 47062 87030 8013 75778 73255 29872 66748 42058 65094 38612 75512 29960 42574 22103 72575 58903 48736 50111 877 92632 89129 9282 37928 28406 2600 89409 5902 80637 77961 31497 62363 5927 86130 21629 65060 8944 47029 15643 54586 84636 55856 96914 27330 61937 55201 21630 44130 42604 18987 56622 42031 73529 52983 34378 11360 25000 17603 6149 82619 38941 50103 50143
70063 29825 19010 55802 50265 11823 73845 18130 66903 44450 44479 19291 75071 66302 32267 1825 67975 78893 79731 98740 17076 42089 82701 67922 97689 98685 93785 50136 36413 55925 83059 7670 31008 78288 31506 20793 41264 92160 74261 29410 20666 91243 9054 50868 80000 29246 20453 7226 77442 46634 65681 77808 7797 13893 62595 67477 40770 24742 73903 54249 67338 22528 99742 68284 66991 84434 3651 10234 62990 30865 51985 48702 80319 88030 10696 7005 71960 73641 79933 15512 99585 44702 25388 11017 81007 552 30066 64820 92281 93028 9828 40478 30894 41708 32390 90781 17178 22049 82678 49930 91314 87920 46207 32343 66597 68439 39046 42406 14444 84402 51523 81643 89420 60124 52477 16095 35209 83072 77151 83786 72901 12952 8357 13929 76631 96076 80822 78701
97815 26862 11493 20576 44608 21553 17306 10140 1493 24481 82721 94015 58388 43379 58767 70383 78363 26538 57900 95560 32527 17935 74794 67962 56464 57320 74178 55395 93469 71996 74242 1779 76035 81123 20363 30215 68818 50341 59023 50941 77659 45964 474 9467 56580 57877 2497 41477 10118 4812 92918 91221 44287 39963 55005 35257 12713 12136 31617 38193 11100 88822 88296 16799 48050 69597 27234 74338 33879 90789 5120 6602 63682 92134 81847 3566 27881 39415 85386 26409 14645 9226 71526 33444 81812 60750 52389 86231 46428 43710 21899 38722 84588 7072 98383 51003 64748 8591 65661 10696 3609 62704 1562 68587 94676 60728 65343 65799 31370 92235 97367 18170 96806 37508 5342 44384 87435 63737 48821 39386 7225 53593 63267 12046 72296 83611 74111 5941
70228 83957 63207 2282 60178 23583 70742 56008 66951 51937 72152 29692 89257 48992 58465 94977 49908 87017 11769 80017 19882 48180 75773 73970 19737 78051 70727 29609 14999 94428 30260 94688 23173 35929 18952 79387 29506 97953 35633 99051 99850 9764 6384 59031 63851 76633 47286 10051 75869 64063 50115 69313 52691 34174 93806 88737 81847 50402 13698 33453 63514 97280 8302 26436 90494 38861 39384 1110 71997 56274 91062 3077 10274 26198 59027 91759 62007 16200 25448 37468 76061 7545 35591 21375 14120 35885 38688 75765 31338 23018 21180 96988 72043 63840 32068 62513 70799 19750 62409 42913 66900 26811 17446 27784 93403 26177 93821 1164 96766 45378 22702 67973 45148 28439 6898 4013 84980 10167 91277 32876 1142 64235 73191 13986 36290 3156 51903 62837
44388 64158 94757 17687 63656 8735 6578 47469 20415 15449 11952 70804 40693 14150 72105 51690 90057 12567 3506 57161 9711 31085 51099 60486 31131 61749 48012 30432 9369 42415 43406 25524 48724 27925 30131 49970 13558 59224 44736 49457 8030 8134 4469 17156 97728 4420 13408 32001 77458 85768 294 16800 60056 39170 45893 78391 86163 76185 67396 83881 71821 33879 10640 74316 39403 979 16578 3344 50519 77294 2658 84124 16414 40324 91320 10268 57579 36696 29947 97216 32306 34574 56880 51754 21417 72309 44259 93980 52376 3836 68872 91714 97980 99542 32262 49982 94421 529 95801 68317 15163 84202 94732 77159 46695 56864 55310 28769 49432 89457 53442 16329 1881 65473 73551 89273 6185 82471 3364 68047 28292 58804 31869 68902 52788 54191 65539 89791
97556 15711 5850 83582 91620 74257 17727 3507 58814 9421 82161 96517 12487 833 93906 63080 36801 28045 16315 4555 32728 87203 8894 74813 5637 89656 53696 1513 51960 93036 51518 87937 89312 50266 11030 88304 11243 48818 16323 74373 50306 83497 66693 92707 70878 35435 50697 80695 69690 40907 2237 2477 57582 41055 67317 9865 38236 93939 6553 51147 29989 12341 71827 74854 31071 86517 79735 21316 52529 9509 90853 39042 4783 18087 17285 17156 48812 31545 73925 6419 62635 43630 36284 28815 81607 15919 35597 81733 34435 16290 83586 63138 63520 41095 2721 35115 41565 78426 20387 46079 28977 47315 72149 79087 84829 88115 51835 74693 29058 10991 51440 97336 60763 19490 27594 92987 73116 21221 97890 94761 50106 5667 58445 3770 89666 4400 82129 92456
245818 463380 164378 740692 45980 257194 693690 741550 276448 61652 389420 517757 235601 700138 548696 79447 797148 302369 274059 820424 512991 234792 867654 602594 217709 377174 261171 576942 177015 338191 974925 306354 380716 640857 383639 560743 960551 252806 510175 717180 532035 444281 661033 521372 793120 873652 317658 338673 14159 590839 797689 643908 647361 500627 239470 702660 17352 392870 307330 465814 788443 345955 341994 327341 215002 813739 473618 166280 313978 215268 353641 83423 518354 83235 87239 783868 139370 557672 870023 318966 390430 452802 266297 481161 807537 641618 560528 662130 16675 525030 187422 938286 762571 623582 831990 32505 386682 141511 156505 727487 442493 873266 1033017 415897 373215 404734 207386 530795 146925 747231 45689 164785 323912 956774 316181 271342 604513 554405 100529 247176 395683 588460 45287 192177 716396 768777 346992 618740
