24
0 0 1 1 1 1 1 1 1 1 1 1 1 1 1 1 1 1 1 1 1 1 1 1
0 0 1 1 1 1 1 1 1 1 1 1 1 0 1 1 1 1 1 1 1 1 0 1
1 1 0 1 1 1 1 1 1 1 1 1 1 1 1 1 1 1 1 1 1 1 1 1
1 1 1 0 1 1 1 1 1 1 1 1 1 1 1 1 1 1 1 1 1 1 1 0
1 1 1 1 0 1 1 1 1 1 1 1 1 1 1 1 1 1 1 1 1 1 1 1
1 1 1 1 1 0 1 1 1 1 1 1 1 1 1 1 1 1 1 1 1 1 1 1
1 1 1 1 1 1 0 1 1 1 1 1 1 1 1 1 1 1 1 1 1 1 1 1
1 1 1 1 1 1 1 0 1 1 1 1 1 1 1 1 1 1 1 1 1 1 0 1
1 1 1 1 1 1 1 1 0 0 1 1 1 1 1 1 1 1 1 1 1 1 1 1
1 1 1 1 1 1 1 1 0 0 1 1 1 1 1 1 1 1 1 1 1 1 1 1
1 1 1 1 1 1 1 1 1 1 0 1 1 1 0 1 1 1 1 1 1 1 1 1
1 1 1 1 1 1 1 1 1 1 1 0 0 1 0 1 1 1 1 1 1 1 1 1
1 1 1 1 1 1 1 1 1 1 1 0 0 1 1 1 1 1 1 1 1 1 1 0
1 0 1 1 1 1 1 1 1 1 1 1 1 0 1 1 1 1 1 1 1 1 1 1
1 1 1 1 1 1 1 1 1 1 0 0 1 1 0 1 1 1 1 1 1 1 1 1
1 1 1 1 1 1 1 1 1 1 1 1 1 1 1 0 1 1 1 1 1 1 1 1
1 1 1 1 1 1 1 1 1 1 1 1 1 1 1 1 0 1 1 1 1 1 1 0
1 1 1 1 1 1 1 1 1 1 1 1 1 1 1 1 1 0 1 1 1 1 1 1
1 1 1 1 1 1 1 1 1 1 1 1 1 1 1 1 1 1 0 1 0 1 1 1
1 1 1 1 1 1 1 1 1 1 1 1 1 1 1 1 1 1 1 0 1 1 1 1
1 1 1 1 1 1 1 1 1 1 1 1 1 1 1 1 1 1 0 1 0 1 1 1
1 1 1 1 1 1 1 1 1 1 1 1 1 1 1 1 1 1 1 1 1 0 0 1
1 0 1 1 1 1 1 0 1 1 1 1 1 1 1 1 1 1 1 1 1 0 0 1
1 1 1 0 1 1 1 1 1 1 1 1 0 1 1 1 0 1 1 1 1 1 1 0
24338 77023 83437 23502 64757 64964 10433 5386 29537 91714 71725 32991 67339 74042 24004 61901 72535 99942 17868 97533 90177 5436 75688 52469 29592 94687 66786 19924 1009 25996 38515 45398 25867 18966 95104 12739 75714 19863 79823 30865 95573 28111 55307 70244 98133 65190 92643 78601 51149 9593 85817 90582 68220 81275 25862 75000 91941 58320 8219 88990 25613 11081 40341 63250 95166 5373 40509 52663 30720 87345 24445 35556 75329 65167 37147 92921 47019 13147 2807 72373 65811 16811 51877 43950 16326 56712 85664 43852 5207 9739 11115 90177 40172 47138 47780 75417 15108 79430 11089 71593 55207 61848 63843 74225 36283 46099 60548 37114 5206 18484 16248 18087 3088 42892 69780 26865 70863 79552 9299 50789 48580 55563 45166 2029 20747 31993 10527 90434
99999 81995 31189 63629 80749 33317 63035 73397 4758 1484 24925 39654 94862 81433 8444 33733 78652 59191 74818 71221 8240 29240 7743 51729 74618 8972 72071 65824 47247 26678 17790 89148 83182 87822 9074 90965 90631 62775 60143 97423 54543 88698 4900 87085 34858 22038 79000 98337 49749 80945 56864 34732 8718 5795 73674 65355 87796 14024 9833 74023 32109 46814 35370 46000 86577 63900 1470 83615 61856 15365 44790 20283 61228 90064 23341 97269 84421 50169 65484 46323 77346 63689 87446 87700 69769 16004 32986 62345 47809 14252 11210 94043 32094 26670 11821 89021 29434 63130 81757 31550 73163 48194 13262 74058 50355 44674 44113 45647 34765 2557 21391 46714 58388 9994 19132 23235 52150 20775 80952 17847 19332 51320 73121 227 62525 14140 45163 19205
36166 88590 74963 66783 68154 73932 20546 53235 71840 86286 63196 77857 36370 71200 35873 17790 84528 95239 46318 1423 94228 28882 63028 58107 68805 78355 22997 73194 7749 64228 19775 76448 19568 69631 41637 34769 44439 58862 77979 2206 13335 33380 27375 13452 7499 83741 66211 83483 79285 41874 65684 48400 22206 27680 80480 80108 79550 56165 29860 59624 91580 95750 95838 50049 64095 72528 69837 54680 17226 88219 56317 62470 30322 94064 4279 74907 84552 90984 22941 39299 41895 82990 74503 89251 18654 63130 94317 7324 86902 93762 11705 62875 22320 58510 97552 40840 71585 20266 86137 59984 33487 58318 77951 48058 37106 96691 18394 24045 79250 5024 61530 15683 21660 83902 66683 25534 58309 84869 96830 28760 27448 38375 39014 56055 58189 41293 86888 66557
90973 31688 78744 26829 27978 73574 33134 69592 88019 51468 8232 3138 33205 53462 2733 10075 79255 70237 54562 44326 37052 45394 77279 36842 34778 52404 93850 79535 18485 38625 6215 56615 8605 12030 70904 86287 16869 54445 54329 98535 61670 49819 73293 86259 67479 89888 47392 44043 59326 19541 82413 91810 76059 62704 75595 70435 96602 40500 18201 81601 10011 78685 36309 14144 61110 10671 77699 16399 37749 50469 25180 27849 23607 65901 23404 1021 89538 13479 91433 35733 61542 78261 96530 60507 25481 29838 70016 51976 14325 89848 85343 79803 53893 76129 97458 42143 19677 60829 72352 47118 44453 54970 50835 21141 8618 36873 6959 73890 46861 38968 69954 24476 57961 75891 517 67691 36323 38388 36467 10324 53988 54405 26 12988 80416 55455 33363 92332
60266 98908 60340 93973 39879 15756 16083 19395 51672 67704 27216 36219 40546 13110 19 57057 40815 79042 92102 68313 97546 46698 13686 58514 23485 63867 55579 98017 72066 69041 30612 47796 47170 89137 76877 40870 83776 79031 91105 27804 81383 13211 47557 63786 63453 44974 47470 52070 97569 8418 25503 12369 34538 12281 20478 65292 95522 89903 41917 74561 99212 73251 26513 35098 99232 61441 32023 93545 98524 71405 41855 92397 16724 84840 79926 37931 94883 54411 91679 73176 75991 33205 39058 39761 58304 38017 37380 80764 60301 47926 40815 87189 46490 42883 83861 38393 92863 90938 34309 32180 69377 85024 96235 8891 97192 79413 6444 55621 87827 93072 93656 86387 86648 89235 57361 86733 43320 70858 70094 8116 59712 55243 4523 38639 22698 46039 94902 3145
56609 41878 32572 69378 24903 64794 62542 27283 99162 83715 13950 99210 72023 86117 74414 93871 76814 70753 19161 89518 11407 76111 72924 81973 2525 94530 71230 97590 46537 45391 20235 30897 71131 4130 44988 69284 51100 99931 95937 89747 75341 46029 78134 1758 48124 96760 42544 62344 44666 75214 73843 57985 7857 280 10077 22304 5767 22215 56573 26193 89281 84207 63382 38219 96832 3114 70698 2412 33912 47657 16281 31847 29090 62152 59251 83911 96386 70402 63067 66450 15025 20181 48853 22861 48670 54258 86064 76735 28327 47350 91366 69838 98292 15006 54037 19035 93770 18467 82431 9932 12048 46848 39697 6619 96808 31287 6371 50033 70716 39362 37990 25044 84456 68039 13537 85687 8126 4925 73164 45039 42555 33098 28968 67372 41994 12454 78483 64273
23724 72579 67609 83768 43089 98685 6716 76893 27517 52242 61217 60605 31968 6684 6073 47146 40774 45628 40001 80904 13945 76216 36035 15651 27516 14398 59269 37774 7002 14738 47535 51734 28256 61184 29282 27394 1277 54501 18320 12436 78968 98436 38641 72774 33951 15218 86617 67584 76523 50639 6002 67749 6157 22069 31280 53488 41549 59338 32427 80299 70899 77384 98361 46357 68835 619 20127 24241 30374 42783 37987 55441 35710 46712 31998 77556 12939 98837 95853 47751 8239 98541 33895 93377 58109 57612 8990 52014 70856 30411 37823 81839 31608 71126 99494 13000 30293 43412 54269 6713 30609 33946 23099 36778 37052 65772 91326 66765 64057 54424 7506 91563 58497 84018 82563 90392 54334 4835 86266 49741 80232 10053 74959 4382 85075 66214 5808 62063
31415 76317 98039 72723 22048 59202 82015 44441 88603 75500 67302 46112 46983 15316 81351 7159 42971 72103 65541 59869 4106 52890 30177 44645 36671 42450 85685 60314 35231 54079 72000 19305 77850 88552 54682 92680 90090 78116 30859 40988 76999 36007 99015 86091 12249 79786 76831 32162 61184 47932 8417 53960 66515 57220 11439 88117 47449 60546 12328 28551 79648 66768 22356 30269 13837 72434 58652 78322 24360 31716 45457 7940 15969 97034 24142 37846 51223 33009 60905 83115 57004 72237 16411 78150 40634 41508 89002 82296 79966 35442 57769 14602 36860 80435 72522 18861 32374 73201 85240 65770 77501 1988 5193 86770 80702 98094 80635 8749 13723 86129 61925 42273 48256 81104 62481 35395 17520 65009 22051 17468 88157 82401 54548 16462 96589 32761 5345 28405
33991 68620 11978 86178 63771 15226 83072 81562 84013 20710 96158 35113 19447 96291 33357 71812 10274 86822 22259 42558 16140 9801 25539 32267 90678 63719 76767 39899 33197 65905 32027 81098 67095 10788 99411 48600 27703 15258 13650 48541 91418 49689 66057 71922 12415 82688 99431 87270 75956 47391 62090 80093 30333 67119 15714 68644 50003 74593 30618 65406 23438 7409 35707 14064 32050 74732 71732 80181 29938 31604 78499 1460 13845 90844 48721 54593 71936 35036 43052 68796 18588 101 11956 1344 55938 66632 11592 82098 94310 80324 54537 72016 12940 21290 2710 8329 55792 73996 27108 36250 31338 99719 96482 1199 92075 975 28055 27424 14170 84592 49915 16053 11116 54780 82074 86591 76414 25127 32203 37847 82897 8523 75648 89157 30384 87502 49539 81206
93242 64747 24590 57101 76284 69757 86825 65578 8404 37069 53620 67819 63163 56306 30451 10665 31328 16535 60068 55447 11484 45331 39270 77717 2073 83925 95584 76302 23601 14613 55446 96888 38221 14703 31691 352 39429 85513 73839 40916 6629 85023 50054 99517 8681 13413 32715 78880 97597 37031 35070 74924 74456 12562 58674 5052 71351 86523 23287 19652 93221 27507 81117 28037 6301 11675 17156 87696 11668 62476 10773 57498 66324 81236 44561 66165 75127 62962 63040 13575 19880 73309 53460 19532 71796 59217 54443 46843 85474 54147 65617 37757 76640 55775 22101 32289 76720 41676 9775 71016 62107 68655 43817 8323 24023 32963 6768 60953 22047 45115 58575 62154 76302 84732 22305 11183 3699 65727 39313 52618 65299 29437 11234 41021 32963 54903 15540 69338
29551 46148 39494 51838 98764 72602 23547 42921 79558 99309 35869 10229 48230 12861 45384 71290 37620 19868 82044 85576 69014 1791 74131 22341 27671 45600 91202 13079 67632 12908 1741 67314 30251 13497 94951 78251 49745 93470 71062 63563 92613 39788 57670 94291 39638 43097 7486 93485 94402 7681 95313 78479 89622 77074 99851 46198 55118 62451 48005 73608 41151 23997 71206 79656 79879 67033 92786 21765 1185 64882 93801 80685 66196 89895 56369 74555 40439 84308 20680 25695 30406 30499 38557 23392 70767 33004 81145 53117 70062 93224 95006 32932 36958 28564 97530 16682 53712 88604 4190 59089 7963 79238 4211 72528 96317 42929 67848 33636 61197 458 79762 53967 61784 93302 65515 83003 12246 3477 83675 71477 36821 67691 84836 1989 19165 2731 14059 34676
38418 81364 98812 15101 94302 8616 69449 24325 50737 66682 14137 7382 5342 85064 64860 26872 50468 7647 36839 73548 76327 5771 60751 1916 87861 69199 79560 71850 43688 5134 91302 83493 84062 29319 68869 18406 55810 38509 66949 10686 61648 27689 68998 48119 70909 21402 58969 6264 19644 58345 70730 84134 32610 85741 66083 88343 82817 69420 46374 30444 3929 60637 39223 4878 907 40399 84711 13961 93683 31629 5830 79841 94060 21756 3456 31996 45556 12861 65091 16669 20675 82105 46556 72454 88290 84502 13386 34899 69250 53814 15940 56435 97661 15792 51811 79374 15743 84524 51242 64499 98921 9847 55086 93383 42777 75991 79223 85832 77517 73139 91511 88225 99975 66226 70519 17423 71962 11528 22740 52767 69613 82891 12257 59858 67738 12138 14904 37745
29169 17878 80512 33656 85781 79227 39869 70094 31977 63211 78569 88761 41056 39808 62840 28698 66819 1263 67153 63844 72668 69964 5557 62167 4446 65833 74367 81405 42340 72791 76340 26988 25246 97851 17805 39121 3810 10323 2538 88055 90140 80793 71894 37163 11854 59617 24463 10737 6530 38138 14490 8157 54764 66906 10206 43586 99362 39105 94263 33244 61729 70238 90855 12361 11145 11100 41679 87820 23434 45445 28708 63583 24102 85408 37203 7014 38110 25720 52542 90273 8885 53740 90752 67902 81855 35337 41848 87312 94205 40921 71144 69939 95444 87343 94620 91509 225 18478 43215 97415 95174 84410 48872 93727 20618 8936 15630 56364 51301 72891 74181 93211 10593 66624 120 37024 78952 4546 21750 79316 69745 19277 45330 87010 99984 69478 46911 2898
34562 39247 27834 38215 94532 15030 87576 49788 32728 42664 6555 14482 57216 34435 26906 69578 43551 86652 41714 16939 4228 39719 17446 76962 20134 74052 59303 22197 81360 38597 82413 73409 36735 58645 64545 2218 82753 87051 1556 34369 13432 33972 50782 17929 69037 70613 20112 76929 55254 23688 49974 60189 58071 66886 81563 32234 83699 29987 82428 50338 66617 34929 14492 75522 59055 9684 59228 87193 78894 23838 77192 83819 75526 5565 59067 67407 41384 14857 15462 97756 14802 66987 74822 47665 4483 71292 73844 4661 28460 23494 50832 99998 10623 79907 68976 7368 64612 79648 82680 13803 55817 86730 31200 76111 40040 7595 30869 64342 74664 19857 33802 59382 57272 16628 64489 63012 75723 51315 40031 31839 78362 35461 14224 66810 29418 97118 57014 88065
29174 43160 78002 23970 59017 5256 79225 19104 37812 98560 42143 42974 20781 32000 578 45830 48027 32333 68761 36141 87828 54532 68364 36145 90857 69942 32205 74377 19607 89638 15019 9835 4510 44787 13011 2596 92287 67885 38586 32800 64721 26533 22081 33093 67382 88747 65226 29637 98375 81572 45809 17676 88313 51 86503 10504 8171 16827 68823 44623 88099 66114 5161 8861 2141 28208 947 74508 58315 45996 72357 52466 97089 46955 3489 86582 17366 92876 73426 10917 42606 11934 5745 87137 35355 72963 97778 76181 12581 72185 46232 99572 96336 18301 94895 13820 44300 34841 4124 55805 60171 16702 29976 32666 86419 79670 55266 78008 71711 65187 2018 61217 45216 34925 11650 24083 63477 18507 14682 59775 32218 83024 439 27349 20934 6984 73361 13986
68686 56146 72471 83221 90199 22225 12729 64137 10833 30395 12076 52189 74498 3964 92000 47097 66559 36984 31370 52632 28432 58230 36037 94922 33622 74344 10764 57676 55507 11073 20668 19018 31077 15866 4754 42164 52124 12890 69291 76683 15912 18807 62145 35598 33787 84760 86762 54490 947 84047 58755 46504 79129 45245 53713 55090 62839 26284 4457 18925 18910 4730 3634 86727 6389 25274 93447 51750 37309 91481 46090 12561 69011 25039 2850 99187 58304 23497 81466 38876 31901 33203 28900 39295 25715 79463 2257 43228 99161 58081 19638 1212 3581 7395 12207 35308 85147 92508 71044 99502 59612 36238 41146 10351 40188 35844 50144 53748 54365 45315 58338 79868 46132 11793 89024 45813 43316 72532 16964 53575 92961 2858 13612 61502 27707 39448 35623 57029
92351 61688 8143 2381 78792 29598 19782 86956 8218 8536 18352 79922 58714 60254 22365 10354 89198 59332 89918 12355 62556 17356 21228 22141 36028 56559 59142 72364 31766 80193 20708 40637 86939 413 53774 72705 43205 99099 94288 3683 52162 83217 75225 79343 16506 56132 94059 98468 87903 2849 31305 14748 98090 58956 46079 78749 39869 76811 38266 30559 7655 74553 30499 46247 4722 6721 39531 7069 49306 83635 67904 99511 40942 35928 31309 53685 74914 31013 75585 81863 54457 77148 9830 49980 63433 56516 61014 4359 54476 96250 68570 84186 86592 28765 20991 50908 12649 6618 86608 67961 52232 92948 39853 90396 127 84608 17820 46620 49599 73457 52400 22400 77774 23297 83424 45367 85777 56717 2305 80900 20826 39859 73242 97792 23175 91785 6524 71673
31303 88868 45233 70536 39155 87243 4455 90835 54360 69575 11866 37163 13450 33445 87011 4155 70172 45104 60484 70332 54343 58266 27036 31580 2268 70288 15185 26085 19930 4661 21024 84860 23277 92584 24640 96344 24478 24538 15094 79633 18501 18403 52536 91357 9317 6150 6380 14719 48376 97512 96842 42783 58299 25293 14676 70924 88542 95741 6356 11259 35218 63985 68240 72770 25918 36607 15989 37171 62814 90263 77518 88773 76492 40684 63480 98987 53200 17318 20327 33620 53028 66723 74695 99980 48648 4165 88645 78796 94701 41051 15297 26179 14847 83514 55961 34475 57635 81659 67483 98748 95655 55656 37915 56749 43762 27370 94362 60676 2387 26059 94844 5090 10925 59130 4228 15874 31470 2745 30356 42860 95007 69467 60997 72864 58031 59609 15562 30107
782 4636 9105 54647 53408 75835 51192 46910 4720 15000 99527 33612 43866 322 47187 1809 40662 73989 10707 78313 69367 25941 59572 46969 15062 21733 14846 31636 54749 94374 44603 26035 79312 31155 5385 76494 61767 92463 20669 89401 13390 95263 57279 15111 86311 39163 71708 6783 24459 15999 60138 62759 22583 71214 39025 1674 79111 86894 38894 85354 7964 95434 77503 18963 77676 68532 18559 22395 24632 28341 76864 28653 92041 33861 76072 68592 21606 4248 66739 64162 41870 75520 17320 10914 9385 45993 7875 33492 80963 573 10092 70338 25733 77041 11274 20874 16775 74061 94606 39478 45299 73688 45187 49068 64921 55589 41683 56951 27077 41891 92299 84868 63367 23649 27879 91004 11712 46556 94927 77941 3301 50043 16013 77028 61478 52864 73085 39941
90940 36851 8374 22221 3506 99773 23722 65363 8231 88301 33636 79199 16830 7855 32477 85703 44516 66336 98347 19209 53223 88666 75239 21365 32982 33575 71629 76800 79134 94755 23827 95526 72099 44368 42178 70909 44629 12650 19781 98932 65890 19147 35315 99644 72578 82107 62573 47601 34626 6796 70662 72887 4101 11485 25562 95436 87372 26240 61609 33847 91086 94839 98322 67492 59019 37302 7065 55091 72104 32028 33871 22463 90745 76827 68016 19834 11790 96253 27489 41363 72254 20053 10561 31679 94258 16174 77656 51034 41592 30451 30782 99612 41403 31192 42149 73852 87464 43665 79319 74992 64952 68622 49222 69084 2700 44384 98396 25297 30052 36864 98729 13491 73524 67422 20676 70715 69459 69103 56427 80137 36997 12239 81464 93702 35175 25068 43941 51615
34601 60927 43944 37849 63702 15372 75969 86750 74414 68878 4857 31024 53120 72816 54380 647 31528 85747 80072 9041 39154 28682 97213 51874 34283 95591 66804 90100 865 65424 10731 62103 4678 86292 18879 29481 2938 17329 7559 29356 31912 48669 58246 35279 94110 8814 17159 96922 64409 70528 61116 13834 94130 86660 8859 64135 83646 87424 79131 23878 58189 75523 16968 32442 88904 48666 24845 56393 75613 27751 3596 76572 53451 80918 40971 47418 77565 17772 58479 71240 66434 75856 41015 6385 13705 90674 42544 82314 25166 17301 95427 78221 60701 9206 54348 92035 73218 44484 26020 25998 10379 73109 15766 98895 28711 70813 40898 21846 85001 65839 34648 37771 81423 12062 17714 221 99264 96823 85719 80308 72075 29218 49364 36518 81474 47077 41447 16047
93075 3068 32734 43650 39900 84830 71738 45343 16503 15832 68520 23463 9477 98491 76159 68590 86175 82695 11388 91808 20862 66758 87926 82962 93002 3353 92204 3449 95175 35026 73331 56805 75529 39629 44936 3036 67303 16235 75960 25276 86150 27619 69503 75140 94034 49919 37274 39858 83470 62023 44288 78450 58533 81767 53007 60429 40555 95860 72210 43402 20471 95682 13028 5510 79555 83133 73403 31409 40240 68795 58946 24778 27829 87961 38842 68109 27382 68032 35281 19117 4890 74973 97103 70726 16485 85350 95901 30984 55796 62296 54518 20498 4830 34733 58340 35316 24849 13827 22927 99593 95834 31853 83470 26428 51726 46350 79021 19959 79027 7639 76039 61290 96915 93897 43767 7769 7006 55560 95408 33559 80587 36018 46785 78894 51862 67734 43982 22414
19226 19643 15664 71612 77529 98968 62816 52798 8457 28161 86071 69751 70185 34414 20548 39255 64082 76953 41430 45862 71034 88443 41556 30676 14641 85817 79450 51676 17323 4399 5653 33486 14854 38700 22128 99565 18231 35800 27813 93528 56626 38027 39122 78994 70717 58405 39693 19102 5833 94669 58713 4540 13171 21981 72781 87140 96622 34285 61335 17868 38597 8510 53622 31271 99514 52276 59258 74150 89075 75866 75745 28169 15634 11243 40475 235 15775 44449 48786 68215 39164 30899 70927 25005 43042 83733 25763 87069 47489 83851 93794 90000 88090 9543 83301 46332 20279 93612 44874 52442 3232 34470 49867 69380 1423 71244 28447 41697 32858 15593 26142 29545 83055 56496 21389 7950 47030 46519 75521 72696 11215 45712 92368 17234 18428 7424 19026 18112
81726 82754 74502 50764 82187 90214 17872 52573 23567 70481 73128 54991 81569 11170 32586 11132 92338 74928 80398 61455 69762 56717 23737 59132 86194 54286 89316 30512 22072 31939 74792 7721 37322 6208 60126 65692 76443 72971 22622 18925 98306 97090 98096 92699 35092 13149 76335 26040 37637 9713 61431 70046 109 27275 54941 79576 92130 55408 78160 22142 59043 42255 29726 65211 60718 76533 91721 79580 41498 46724 3592 43117 28834 18718 80106 6044 98442 50175 41001 73283 91448 17552 24576 59556 7465 52888 46566 38477 8194 56430 7191 52315 22181 32712 57547 43074 76611 33234 6363 21753 11780 43132 3165 29032 23858 94479 32610 38274 9721 18212 90171 71300 23487 82438 86693 26861 34945 21274 2087 17961 56864 73934 72940 39744 33564 57118 40125 72969
613532 331101 395740 290649 899004 574583 490522 196679 800141 773602 609055 114304 82177 431133 331600 70662 26615 479835 20484 434051 464176 797631 267566 784682 324084 901583 517702 284581 394582 644910 268393 38378 154720 327121 739381 620860 320942 615350 659784 695931 396635 119667 448636 544498 415378 613590 457660 224261 407130 664846 513360 412485 149144 12980 379073 286698 557329 885463 213952 679014 619388 690928 3652 507581 621191 33850 466030 845870 12233 894905 234254 763801 414355 245795 497305 588032 824892 145533 629511 488317 554916 717296 779865 240636 521209 209815 1057544 900614 538114 806782 648433 31139 739184 314684 630182 655811 390180 128356 5781 50999 566304 64891 724822 422807 393319 432923 40240 11989 228352 759573 267729 613223 428159 632134 249622 805376 203738 307986 695204 623954 695241 453767 592099 274307 435766 774251 18912 189812
