24
0 1 1 1 0 1 1 1 1 1 1 1 1 1 1 1 1 1 1 1 1 0 1 0
1 0 1 1 1 1 0 1 1 1 1 1 0 0 1 1 1 1 1 1 1 1 1 0
1 1 0 1 1 1 1 1 1 1 1 1 1 1 1 0 1 1 1 1 1 1 1 1
1 1 1 0 1 1 1 1 1 1 0 1 1 1 1 1 1 1 1 1 1 1 1 1
0 1 1 1 0 1 1 1 1 1 0 1 1 1 1 1 1 1 1 1 1 1 1 1
1 1 1 1 1 0 1 1 1 1 1 1 1 1 1 1 1 1 1 1 1 1 1 1
1 0 1 1 1 1 0 1 1 1 1 1 1 1 1 1 1 1 1 1 1 1 1 1
1 1 1 1 1 1 1 0 1 1 1 1 1 1 1 1 1 1 1 1 1 1 1 1
1 1 1 1 1 1 1 1 0 1 1 1 1 1 1 1 1 1 1 1 1 1 1 0
1 1 1 1 1 1 1 1 1 0 1 1 1 1 0 1 1 1 1 1 1 0 1 1
1 1 1 0 0 1 1 1 1 1 0 1 1 1 1 1 0 1 1 1 1 1 1 1
1 1 1 1 1 1 1 1 1 1 1 0 1 1 1 1 1 1 1 1 1 1 1 1
1 0 1 1 1 1 1 1 1 1 1 1 0 1 0 1 1 1 1 0 1 1 1 1
1 0 1 1 1 1 1 1 1 1 1 1 1 0 1 0 0 1 1 1 1 1 1 1
1 1 1 1 1 1 1 1 1 0 1 1 0 1 0 1 1 1 1 1 1 0 1 1
1 1 0 1 1 1 1 1 1 1 1 1 1 0 1 0 1 1 1 1 1 1 1 1
1 1 1 1 1 1 1 1 1 1 0 1 1 0 1 1 0 1 1 1 1 1 1 1
1 1 1 1 1 1 1 1 1 1 1 1 1 1 1 1 1 0 1 1 1 1 1 1
1 1 1 1 1 1 1 1 1 1 1 1 1 1 1 1 1 1 0 1 1 1 1 1
1 1 1 1 1 1 1 1 1 1 1 1 0 1 1 1 1 1 1 0 1 1 1 1
1 1 1 1 1 1 1 1 1 1 1 1 1 1 1 1 1 1 1 1 0 1 1 1
0 1 1 1 1 1 1 1 1 0 1 1 1 1 0 1 1 1 1 1 1 0 1 1
1 1 1 1 1 1 1 1 1 1 1 1 1 1 1 1 1 1 1 1 1 1 0 1
0 0 1 1 1 1 1 1 0 1 1 1 1 1 1 1 1 1 1 1 1 1 1 0
85180 90287 16560 43602 67488 27015 13955 98648 77166 92907 67503 10271 88784 37679 48629 68222 16196 11034 10677 42168 80660 78942 5930 76940 25194 27305 63661 25058 13500 82273 21609 66302 59695 83575 405 87562 77290 50667 98959 72098 21174 21657 65718 70880 83031 36464 10638 73225 29047 25211 17330 26039 37967 2642 25290 57872 60745 26800 56884 31173 25013 43730 80663 74784 51993 80300 82338 36492 828 9279 70945 55961 82427 67357 92225 68389 3343 64901 89225 6484 11678 69647 15055 69571 45884 1030 15224 52213 88530 44676 19842 20251 67355 39323 89957 90305 89375 74983 64632 67753 19090 21446 40017 30241 96901 80865 28489 97621 95453 8631 86098 65976 40182 16921 48082 62615 91887 22410 97145 26918 51520 49699 20109 54385 56468 35025 31223 74611
26254 7799 48277 65793 1739 70010 28690 57746 58827 86633 66040 90571 70265 80909 18096 29936 3036 51951 31908 15400 17686 44692 21205 89318 35100 40939 94286 12103 34769 70567 97478 25409 70669 93094 76000 22854 83945 29328 16568 76792 92451 74344 85037 33876 29084 86965 6734 54201 85309 29044 27914 91688 58126 70080 37156 52347 37603 78430 67263 10299 56866 86515 85180 10307 54963 34453 2703 93434 81844 51258 29052 24631 79140 98466 44490 53554 36271 66362 63461 78657 59355 79022 88826 37943 30021 70786 60994 44909 55975 42822 69634 24761 36932 34219 72460 46051 18683 26395 61502 75774 49851 11807 37310 34720 20748 36801 49290 50765 19922 21278 67216 55851 38723 7515 72954 31129 46073 43521 11666 14436 39126 14302 94024 50819 24416 88752 8586 80447
60496 77451 22228 19397 56353 91043 53721 60253 47134 17318 85581 30187 43653 57297 17792 4672 9199 96886 42511 38730 40344 75695 35191 38442 44126 97107 84487 22880 33640 90335 42043 29041 47125 17594 21750 58408 53666 54580 91579 19576 52144 23215 22861 41889 37207 67625 22610 53652 60926 65815 47711 36546 433 52117 25208 51875 2464 45573 10090 71626 18164 99837 94805 14136 55597 68755 24829 24891 40631 16508 83219 4464 34218 38587 80040 59183 81666 37914 11709 96497 58670 25517 57785 55530 15933 88234 80672 71350 2334 60798 89208 69053 78764 85375 69509 78544 37704 14788 831 19394 73536 44754 76707 65579 42474 64391 97904 16250 45557 24763 66400 73897 4496 90751 26385 78493 20291 36974 41405 15673 84764 72954 91669 22184 36337 75732 29239 16496
4936 97670 78126 62342 63713 48388 39200 48777 85651 25502 57842 99651 11436 9295 17793 21205 97858 35899 3272 11980 56576 82423 25193 83059 92266 40140 80095 88728 32141 47112 85059 18484 54074 28241 50772 54241 38432 43688 43784 41669 77987 71133 52244 83791 43698 49882 63335 20618 19314 5485 4384 84214 73576 76729 88228 51826 2642 57197 38081 11219 8605 64460 27538 80733 17109 73178 4839 66896 84312 56550 7661 21772 26213 65208 13617 15182 6618 69114 18719 77742 48705 43889 94987 26721 1231 33111 97410 67862 71761 8200 11000 28892 70149 32735 32996 31966 22133 87952 64202 85900 37051 49809 39751 50997 83892 54621 53978 61629 29209 48483 18679 14927 65244 48358 54485 43514 424 81127 18634 63969 52292 18424 15506 69391 45656 281 73694 94951
32730 48002 33266 11291 40331 63083 82238 41788 62184 61701 98358 23969 1778 60416 8740 68036 57728 39566 33440 87394 52108 52426 25628 29856 34050 14897 20016 60790 44875 60369 65179 71235 64800 63068 7478 3619 30681 45861 178 46592 79643 82975 23154 50542 61681 39372 65715 66711 8205 52817 56454 12727 53967 98803 27865 16131 53475 72195 79191 85600 29352 34878 73577 78077 38620 96331 82664 11537 49471 38065 38605 30676 77158 21546 8819 45572 17256 8548 64379 26209 50856 16696 72242 95006 26730 74856 44459 21935 96840 57689 10025 26640 93438 88390 4075 95820 59231 94773 95209 86120 11434 83263 2608 50757 4967 90487 9342 51758 31609 71657 31327 28401 83319 62799 14289 49612 5247 14796 63918 88275 90924 49974 10333 97428 44262 76606 75599 13682
42006 72210 10949 88224 64272 56128 64753 50194 1587 46363 78392 80117 1592 8790 98183 7642 58855 97249 78050 36629 71473 83808 11205 46857 62008 70317 54559 15417 61905 7044 74464 32528 1323 21597 45449 53748 66881 30237 73269 67210 39328 52111 39709 76185 56356 5669 83825 60350 67908 25473 55991 74105 31610 71797 37791 75014 26394 44611 25852 40624 48339 77902 1167 63270 13135 28619 75072 12544 99213 20693 95042 79028 54159 91089 68106 37373 70612 90 26363 59095 38198 76032 82905 35261 83266 36132 74432 29089 3245 66334 43910 11764 25665 91398 57632 95230 60178 95438 4517 19603 88794 93173 4275 19862 72350 73635 51807 42761 58699 24849 30115 32989 78507 38241 81553 88079 10875 22129 18965 26434 95041 68196 18380 65286 14564 68700 22871 96430
68139 68977 40811 41735 35534 58780 26187 34594 35723 30304 14094 41856 30981 72510 59804 24580 13915 55396 55515 16695 88711 81715 45083 2256 472 15476 63087 2134 17394 43017 53177 51879 29165 3086 35741 77330 38109 62561 7557 49152 11944 34770 32304 15101 38117 29202 91111 3649 58573 98496 306 29856 82516 67429 34539 87585 52205 61066 15281 40030 41411 89378 11352 69140 94440 63544 97181 55672 8201 72883 64945 74010 29867 59935 42431 40202 16484 55292 35555 22655 80105 59648 9485 72364 85653 53372 26886 47607 23990 87912 51567 96361 65871 18648 85105 82169 5671 84988 17423 51666 23015 78625 69481 73019 85454 3800 34271 24303 66536 54389 15678 88829 85013 85510 45262 63223 97277 24028 62840 23628 88319 76677 51662 61843 32969 50088 48201 4923
76756 12261 91394 61782 66392 74488 63458 38190 82747 80252 28539 44974 88945 31027 73613 35603 75923 52978 51304 15330 66431 90528 64891 91981 28343 80941 16457 58519 33486 38795 29782 95169 26415 49478 24711 80469 2575 13119 23016 19277 1438 36616 67026 99651 86542 40149 81992 16022 68376 81285 94144 12928 79767 76123 65875 74654 84838 12000 90639 58041 38583 59224 6386 91889 98286 33604 89264 93234 40932 12721 25083 26479 94799 73114 77534 95745 75760 25743 4198 22955 65031 23370 45338 16152 37807 3292 73269 81987 92860 7330 85849 6945 92757 10440 14116 97127 20910 53779 35702 6235 54596 43430 31484 85447 55601 92049 88947 94017 58229 65969 92776 24098 94980 98698 74725 20096 79738 38913 83688 37017 78828 50142 93172 20450 28984 56261 34853 92420
80311 76433 42416 76222 62302 66833 3209 38408 27371 80232 84802 3609 10427 14004 9153 79920 50351 60748 48271 5812 8172 91492 92921 35885 3343 68469 25187 61497 47050 2366 83688 32866 34653 4302 14690 7509 9758 94856 23815 25691 16878 26272 46336 31276 9140 96246 74022 9211 6239 28911 92593 38182 49699 78545 47844 72072 46191 91623 85553 34938 74812 14334 44604 68684 61286 62147 5053 30823 43714 68100 25604 51119 23263 84198 10193 24611 91802 26878 77334 29912 82744 32804 86145 13402 3893 28269 24680 66552 85765 14587 48785 49400 49941 87607 66637 72635 73830 58421 50485 10340 46503 7446 24458 13762 18024 20192 54116 97441 26790 45631 54602 13010 58890 20470 88320 2055 6544 96105 23551 39178 73954 82795 40798 22159 11495 38402 902 31583
46136 66168 9116 71001 4698 71825 7320 34517 97934 13975 31863 47027 91730 95999 64467 67584 9349 3599 92492 18809 69709 98655 60862 71432 84054 56887 4188 69576 96543 88728 14161 99782 32599 71888 44991 21611 3395 77854 50702 31674 55973 75891 59177 59690 46253 24743 78214 86965 54202 7540 44393 21080 55603 64697 23164 7706 97959 51279 26027 35085 74897 94286 47551 21861 53044 80803 24438 83634 49682 21531 30341 60926 2883 30715 60023 95474 16931 80160 69948 49099 15839 55438 28061 59447 69984 73416 96036 21842 41343 64948 64321 58852 87331 80623 98087 6434 24243 91348 1044 1417 52175 11645 30742 82180 98784 25385 42794 15995 19168 42411 55846 21889 62879 88673 78342 32281 17734 3963 5247 82191 40515 61358 30627 57224 26546 14133 79536 34426
91224 61145 99448 35670 86359 95712 66543 12351 32271 87188 39529 36753 14921 47005 89363 68297 73651 59378 50516 33930 8827 48637 85040 37681 23518 10608 78947 54572 8629 84863 8536 62891 10728 81631 29695 64124 8240 1495 99573 53913 89787 98902 75473 21226 81992 19552 91700 6038 6373 27706 45708 35713 88777 64215 64438 2063 89100 78962 7263 72380 57644 32593 99030 16678 46898 34784 54175 33503 39089 12395 44131 3421 20872 37291 79630 88522 89674 16613 62303 6272 96258 73069 9491 94757 38571 85186 59086 10022 53295 42937 6542 51656 47691 64138 64256 80957 5657 39137 5581 41682 18702 10111 37409 1754 54711 74478 25181 64093 10620 46712 71366 32213 41817 12502 45027 49799 34004 1047 92785 74331 11447 55443 59946 45531 85623 40217 73289 9194
73333 45419 88268 71960 32902 91035 46201 52693 38915 14522 81671 6016 59193 62889 6001 78071 28957 85768 59816 16754 38808 33962 75002 31394 24244 42958 40019 63352 68720 93208 36417 67270 62078 83299 19369 386 98312 78687 91726 90753 15523 59049 25217 9996 81785 7721 71484 94315 21158 57079 28642 48253 83127 71647 40117 91578 99199 56738 87452 4921 17238 23072 29724 6863 47737 23629 62235 81693 8691 70424 80523 23540 96787 7113 35694 4962 64771 17417 99378 94371 71092 66297 27415 14487 18473 90831 38316 28565 59044 81317 36742 54975 53565 14078 65963 90419 70323 50714 65512 17141 8395 69470 28785 77832 69019 34709 41372 18716 52281 3505 18698 33594 36118 4224 75585 25395 58860 29106 22218 98890 10489 93685 61093 20022 62128 79244 46479 25028
13669 33509 4680 6610 87604 78177 67247 26321 3082 53237 49206 31760 71912 36168 63401 60707 21347 79902 72259 49353 62906 84328 28446 62217 1354 60483 60878 3045 44801 52049 84311 69476 16439 12509 53332 64332 27847 67605 32011 18896 52244 60494 77736 31735 54721 4812 64326 34350 5740 72418 28283 47817 65256 49720 53906 56405 6041 55355 76962 13048 54239 49711 23793 50139 20566 61311 77772 22300 89264 5796 8029 30438 66244 22883 44710 72700 44568 70205 72474 55134 44370 71748 9226 55699 64702 62432 22199 77771 85672 40126 56922 2742 92171 92261 85457 38115 12361 67667 8837 92614 19002 17070 80983 47561 58999 15725 7682 37399 20349 9226 92265 46735 27367 88446 69369 12806 22852 9859 71041 74042 66018 77986 22194 48736 91905 15078 78713 1717
1746 6281 48191 39191 40102 93954 16296 5162 11346 33285 35662 91896 77070 44678 46101 12225 10360 5160 44816 79915 39195 12781 18929 27261 7968 42856 79258 94340 83008 20602 17006 70884 42954 95429 85344 32093 76949 84843 65447 11281 75177 63240 45425 85362 15146 6878 64481 8378 8639 68060 20098 97335 48879 21688 94986 50998 77344 3711 31913 52877 98015 8503 20464 33529 91960 50462 39876 9120 93027 7461 22355 24142 87468 24082 6061 67694 64349 58359 23089 41798 84610 69680 89358 39278 85608 45837 94975 79324 30231 45394 87342 42335 74615 67928 263 15291 83668 99007 81040 96784 11135 38312 38447 12858 56327 13032 91561 83243 61102 29957 78532 75517 24882 59989 77287 14018 50448 72559 79878 65766 3713 38633 42947 17981 22254 17868 4259 11908
35450 89906 13751 52216 29451 10889 49759 72196 30600 22498 62365 67691 53048 85663 15342 11835 74974 82308 43361 53070 14249 82347 6878 87214 63886 76469 89459 95213 68516 97642 34097 11197 50957 31574 98291 49157 33383 26021 94227 84288 36186 43839 87395 62679 70561 94508 29257 21473 17189 15691 70399 51377 98003 73880 61408 78805 65627 78892 72546 1914 46826 24921 92337 67986 98313 67690 37222 73536 58734 88906 91474 85636 64291 18279 48582 10836 74959 79123 61261 21004 46099 46201 61527 5267 68338 88543 71867 12705 23675 6696 60661 48382 26138 40172 70981 80619 81967 94349 56080 6019 75972 32604 60970 98941 1897 37303 2272 9540 45972 67591 39569 41761 85636 12251 93100 82665 5205 96256 45078 95754 69741 60707 80409 92215 68162 49874 67249 34169
94947 49693 6432 20095 6322 55114 24574 7969 13893 85302 60917 48081 20330 56550 12933 50690 54435 56698 25619 77196 75670 33900 61427 92625 65790 77929 54197 296 80104 53339 58079 66112 73828 64610 19017 65802 40078 26097 96472 34684 15557 4794 99317 92660 49898 70616 57019 32301 65007 16728 83088 86550 24174 90412 17015 23523 57176 78550 80679 48934 54505 20146 73402 1892 51149 71212 86695 61932 78453 25171 3818 43486 95589 9979 92652 29783 49608 43091 67399 14931 40399 89979 38362 33589 74368 35415 1986 89983 58230 33965 8881 64374 9850 10332 88068 99748 45923 4923 75989 13475 89919 50201 31259 85519 57097 68353 65135 96106 27208 31327 34518 87251 54781 82025 39433 7558 68428 38548 61280 41734 628 42362 70675 46625 90325 94366 39643 44520
73588 63472 40690 54488 69145 2521 89069 32788 13184 80247 5156 27476 1886 92368 1818 66099 98427 9454 10121 74918 30924 26659 21181 53711 83050 13639 48778 4567 9930 33056 80144 51629 43796 4007 82239 87571 9240 97813 33867 26862 15663 25414 54488 28833 82023 63226 8328 19243 13161 60127 13636 43619 55024 66418 68658 73797 40475 29331 12752 47056 56037 65188 96762 87515 50419 62492 63476 5852 83788 78424 50243 74096 44017 31320 42601 56329 76850 66020 29885 47794 29788 74234 23482 74828 13531 36076 59778 67892 78004 53196 37096 93769 62190 65110 67925 87645 87893 18898 27486 72366 1037 16807 1067 59219 86399 49823 17040 36517 10342 99247 28029 74718 34705 93476 97468 73627 3794 95662 6512 59203 77223 56953 94768 16495 18559 48199 40569 5485
6011 38253 27010 22347 37578 95360 70331 40251 3404 45204 45304 91357 53532 47499 55617 75233 71209 46086 22510 7022 63035 68759 79493 77956 99838 48941 54227 33490 28611 2741 76796 48645 41294 11225 39998 50183 30360 88925 14727 91551 96694 21746 45305 82865 37955 3052 48271 68345 69976 4668 35783 46121 44814 5771 84985 49393 37356 78863 13108 47750 37534 46056 66763 94203 43852 96446 72409 93865 16094 77013 9848 325 67216 75828 50370 11724 8954 25138 28299 41380 3505 80759 86491 8961 70165 18658 64012 13801 551 57455 68871 98150 68529 18786 91286 84967 16407 5226 19281 27463 27024 31847 52111 39215 13405 27693 53463 99496 87766 32855 88804 32423 13620 77022 94603 57067 3245 92828 51201 28792 97787 9696 58788 16792 64045 96750 18315 3743
27713 73538 18287 50889 34242 49003 51765 58228 46219 21025 74871 74025 7119 69863 7871 55234 32270 85503 70855 25838 85337 34673 72190 79648 96278 17359 82475 37215 85923 91094 65847 42201 29150 97188 99263 1302 42745 51556 86413 30709 38993 67474 46116 98975 762 15862 49443 16368 59351 913 83751 81989 64125 44967 54846 6914 74067 61654 38153 86043 47437 70027 71559 89713 47776 34647 58485 25689 8994 46114 66658 54133 57941 6942 47262 86777 94898 33997 75721 7097 69323 23206 15924 37631 16610 61795 83991 83035 16952 67658 57637 49089 98360 65557 46658 1347 53372 68034 66628 19703 64728 78694 55530 31691 87292 20615 1623 49124 36211 50317 86754 74163 18729 32670 90127 38902 43983 70287 914 274 50943 86167 42626 78804 9756 89358 51034 99940
4396 42044 97142 16001 16636 66318 61895 80379 15675 45393 29541 81055 67079 80096 71537 90841 54644 22185 77989 9142 4373 92472 37427 5810 48478 59566 5680 85923 71608 68367 91023 16120 86571 98276 70640 99876 17884 6249 46569 5989 7015 62033 32806 57513 34628 83371 77953 96522 81106 16199 7802 51561 1074 78462 75658 77641 99245 34847 91664 845 75071 73210 3382 95415 64427 86272 34248 78350 63550 50936 21186 76437 7163 98696 77355 16918 37758 33688 32512 92834 14973 43558 23217 75729 60942 20417 9324 4507 32667 85600 76523 81980 34527 40613 9062 13410 49508 87401 96855 93716 70473 14968 24984 86436 55194 88003 78454 3823 15770 67928 98781 91103 26422 58467 79135 31695 53594 54023 61385 52179 24417 59164 53643 52055 34088 83268 30982 48044
99746 3875 2265 52748 26422 35667 50697 63389 13831 3774 85325 29923 31206 15487 19243 97299 62723 19490 11222 23723 62088 80147 50283 72996 54999 56552 53927 83273 2248 7578 41780 27542 36755 25910 89934 80591 40719 99027 79076 56458 88627 26652 6238 74130 8562 1081 60773 39282 58854 51666 39922 22671 70921 9251 8351 92464 65836 85346 57804 87734 44109 55045 32505 32906 83496 30973 81246 68818 80593 9299 94893 26435 62840 43804 17089 50081 34949 80662 66090 98458 69861 46086 48640 87271 67596 18243 34342 49648 36365 92917 20010 46514 696 31781 44371 58728 42173 47587 11246 97692 69889 67031 70129 15676 64846 67397 35598 27819 12059 9771 69336 5911 44130 76321 54777 31192 54824 96463 65504 98318 45047 61740 38993 56628 70727 4066 8151 8676
9463 37025 34120 86474 97995 26024 77162 11713 28980 17721 5954 20919 84971 89253 39105 23248 86005 65681 22239 81659 51779 28852 81537 3340 9099 15017 76891 15365 44516 1075 71920 70409 55815 53783 82671 93896 52932 56909 6092 76438 81375 41452 40259 70362 57642 74091 21512 31266 17972 64197 48034 27317 24103 27915 58291 88300 33473 84178 88197 51578 81324 51381 86523 96578 65402 27998 89984 86409 1653 2827 66004 17605 2254 12094 28033 56811 69754 55784 52362 75698 39269 1355 65526 63975 24305 37259 60246 8545 79126 6375 93156 43120 21824 96486 35029 2719 97388 46380 14887 38688 52389 51774 68801 31800 57777 29003 74492 31239 19264 20995 20725 13849 47243 27650 93787 6595 22204 99207 21436 43699 92591 55648 54984 22984 99087 26401 38197 39379
86792 88328 55204 70072 80927 72868 34911 39885 38405 90302 30297 971 14230 42765 6226 90543 31161 49401 76885 23486 28637 18821 57861 24982 88483 64950 82268 28021 3875 95784 44687 93891 99045 70629 23577 88274 42651 46391 51566 81245 32982 29314 440 22312 42980 75314 60047 92942 76552 79893 41743 17250 14533 21204 2515 54690 42900 33628 80003 72865 76451 92228 33617 94820 77166 18408 67045 40564 85187 22000 50164 72598 82373 92107 30008 58538 59390 64591 90948 94350 47541 60574 48474 74982 51235 30419 35782 44948 90706 68029 39399 86791 99786 39499 56788 81604 19233 15544 6176 82407 17855 2548 32527 32603 99930 28989 30059 29338 21470 90657 13417 82195 95522 86236 73010 11710 56436 60421 2208 1230 45613 13732 86056 37029 84920 6927 32670 40136
45465 85767 35328 26346 15664 6757 81807 95536 38296 52914 25228 34397 43326 72910 57131 82174 58379 72972 10503 5839 296 6999 51590 28794 60099 90778 87442 71972 93676 11983 87751 27423 57019 74985 24424 22612 74384 76290 75446 63530 21745 26893 12859 24687 51333 613 71568 35360 88850 11078 16185 33321 155 43989 8764 9618 1998 16341 52085 11280 78778 58911 87563 35661 61089 7978 6372 26806 52355 77771 4767 60146 91125 80372 57881 93195 42979 41107 37845 70166 14345 29143 19158 92615 59799 3578 64289 27829 55399 59104 58086 72921 48890 80129 10434 18865 92355 68022 12630 37060 55005 37254 94194 91632 82365 72122 49551 55001 40518 83662 36804 17567 54470 884 33049 12710 99054 61503 72256 71487 91769 79243 82588 99024 69184 29087 97738 16214
712963 689638 101994 575418 547939 305422 540836 281281 105204 153733 446060 492204 455439 384835 321264 390933 384229 529466 556641 367932 373328 206294 571800 820450 337819 305667 495551 420534 104942 29663 49627 314382 295134 474129 603076 935 405980 125910 422957 393708 522202 214431 501649 268825 6713 488741 574991 173124 347065 141962 171591 482155 254025 364296 496854 23257 186618 99112 904481 211326 652150 221816 706590 865852 829049 300440 620813 514186 309452 2740 314611 380921 368307 450401 163435 423450 556336 6207 524260 711525 440340 417898 66172 180499 421865 10806 275099 49219 570352 691490 237164 586520 175472 663877 15044 182212 626001 123981 430297 299047 303788 36657 196676 763536 674196 70142 478875 605678 455239 443602 628141 173643 81616 346559 35161 441176 307962 742757 270024 397692 747896 195769 493165 687563 489213 417089 207648 414828
