24
0 1 1 1 1 1 1 1 1 1 1 1 1 1 1 1 1 0 1 1 1 1 1 1
1 0 1 1 1 1 0 1 1 1 1 0 0 1 1 1 1 1 1 1 1 1 1 1
1 1 0 1 1 1 1 1 1 1 1 1 1 1 1 1 1 1 1 1 1 1 1 1
1 1 1 0 1 1 1 1 1 1 1 1 1 1 0 1 1 1 1 1 1 1 1 1
1 1 1 1 0 1 1 0 1 1 1 1 1 1 1 0 1 0 1 1 1 1 1 1
1 1 1 1 1 0 1 1 1 1 1 1 1 1 1 1 1 1 1 1 1 1 1 1
1 0 1 1 1 1 0 1 1 1 1 1 1 1 1 1 0 1 1 1 1 1 1 1
1 1 1 1 0 1 1 0 1 1 1 1 1 1 1 1 0 1 1 1 1 0 1 1
1 1 1 1 1 1 1 1 0 1 1 1 1 1 1 1 1 1 1 0 1 1 1 1
1 1 1 1 1 1 1 1 1 0 1 1 1 1 0 1 1 1 1 1 0 1 1 1
1 1 1 1 1 1 1 1 1 1 0 1 1 1 1 1 1 1 1 1 1 1 1 1
1 0 1 1 1 1 1 1 1 1 1 0 1 1 1 1 1 1 1 1 1 1 1 1
1 0 1 1 1 1 1 1 1 1 1 1 0 1 1 1 1 1 1 1 1 1 1 1
1 1 1 1 1 1 1 1 1 1 1 1 1 0 1 1 1 1 1 1 1 1 1 1
1 1 1 0 1 1 1 1 1 0 1 1 1 1 0 1 1 1 1 1 1 1 1 1
1 1 1 1 0 1 1 1 1 1 1 1 1 1 1 0 1 1 1 1 1 1 1 1
1 1 1 1 1 1 0 0 1 1 1 1 1 1 1 1 0 1 1 0 1 1 1 1
0 1 1 1 0 1 1 1 1 1 1 1 1 1 1 1 1 0 1 1 1 1 0 1
1 1 1 1 1 1 1 1 1 1 1 1 1 1 1 1 1 1 0 1 1 1 1 1
1 1 1 1 1 1 1 1 0 1 1 1 1 1 1 1 0 1 1 0 1 1 1 1
1 1 1 1 1 1 1 1 1 0 1 1 1 1 1 1 1 1 1 1 0 1 1 1
1 1 1 1 1 1 1 0 1 1 1 1 1 1 1 1 1 1 1 1 1 0 0 0
1 1 1 1 1 1 1 1 1 1 1 1 1 1 1 1 1 0 1 1 1 0 0 1
1 1 1 1 1 1 1 1 1 1 1 1 1 1 1 1 1 1 1 1 1 0 1 0
88408 58232 14046 80410 22755 50333 85199 51845 31134 18229 20558 73531 95447 62069 32702 55566 37441 46062 53077 19913 41096 24513 69597 29376 78719 22917 69072 88575 10122 93709 59749 15231 29466 80168 37991 54428 26513 7061 47036 34753 7165 6697 45342 38865 63057 38082 6923 86281 54664 74105 77885 66137 79440 44532 8630 47939 41007 29742 57857 8212 31816 84995 40272 11983 19541 92811 73726 92590 96153 32341 91172 59202 64546 77980 86178 56302 3307 24900 42324 40488 29508 19000 42132 18222 18745 35913 48642 25138 40550 26866 76585 11128 48258 85153 91245 68723 96090 72548 67975 91360 96788 83898 74972 23931 22401 52864 44296 95484 10957 45013 56859 66995 27959 82592 66723 96012 42859 25485 34804 19659 21596 98471 40037 51760 58365 4174 26986 74170
90965 45666 54089 60852 96974 83981 74679 96447 30115 14504 13009 74324 89316 71167 30121 21627 80779 671 37747 54363 64297 43302 56141 8740 68148 95541 1008 28041 8797 58985 82470 80435 34309 32312 94714 37376 23504 46041 2896 40768 90771 68730 91299 21527 956 16128 98328 85268 50474 16756 40967 53370 27098 33772 24737 66160 62687 12949 2946 60383 17446 88094 24431 85722 89217 41440 29557 9961 41991 66848 60519 64945 98869 36415 39565 99866 82075 17427 3016 58441 59157 35588 56438 45791 98177 79570 68737 33189 74639 41590 34712 9806 49595 47557 54866 64446 82775 73486 28498 80419 66181 56602 81242 12588 43711 21328 89216 57862 81563 30174 43839 72358 22141 54909 72366 90276 26089 70828 79244 22748 22885 87932 6098 19319 95526 49906 79498 75842
52085 97614 64220 10564 18689 34019 68886 13198 18020 15842 70023 94190 41249 78250 34690 46595 66072 2637 71940 29975 95784 17138 85857 261 35971 7793 98207 12850 17166 86914 801 77932 9017 73506 76358 59380 4555 37295 21613 56015 65445 40070 4985 28035 98192 98963 95579 70776 91839 3172 91585 33190 17106 92153 47633 3427 8687 40401 71937 93098 47873 81075 43148 62096 21894 45736 23531 13837 39562 21762 62921 6728 81164 46829 67017 91788 94702 37099 1620 74911 48833 21517 17719 83456 71994 15611 50452 78257 4927 63265 67840 25334 84325 37178 28422 7465 44812 95250 71455 23635 39299 73372 97945 96938 33947 5078 46059 93785 59661 31906 94470 9281 30370 5914 3559 77557 97247 79719 87705 50104 84522 92039 60296 21149 2314 69687 59005 48933
28642 10785 21078 98451 47698 39076 32994 52755 47705 51350 23521 78855 81404 77854 62255 86091 97908 93100 43521 53565 49684 6715 30758 49463 80765 75893 26485 63270 92478 62750 78090 30352 1974 60182 95116 52085 42756 35763 62639 55446 83895 17571 1351 88063 33184 91510 3272 41096 81671 12186 15541 92352 76793 2885 70897 26155 66888 74853 17024 66518 8284 12701 11532 89731 61855 28286 19085 84609 35540 9369 33308 87214 78989 69090 8342 62740 37464 1633 52921 55440 7327 67613 71034 23800 63891 83279 74693 49589 55979 39775 23332 50226 58869 57775 47640 96400 2595 60332 98660 50364 944 23973 34496 17823 51660 15406 66367 61239 5854 22798 21014 6603 59444 35612 29081 18090 49436 73089 17915 7942 60904 23153 99265 82401 9753 50066 29498 94278
58270 10964 78706 23330 76049 75152 3955 19854 82738 67366 93063 5683 23239 70505 22609 28232 37726 1878 57236 44984 48583 20327 85689 19598 14347 41287 95604 11105 25146 97099 69815 56170 6462 51575 60406 86033 85369 97886 97562 99809 76264 32845 70816 86621 88655 76207 98044 37768 15535 519 82571 86069 63464 21731 6168 7035 97692 35101 88779 84817 6695 51941 47027 78892 66957 36967 26280 54712 54222 49454 64012 43462 63194 95074 47033 38336 62706 60315 91346 37705 76538 68685 87850 93305 20071 7397 8465 77728 41330 58175 58246 20574 82083 13363 8449 27037 54764 95827 51998 70969 12035 50701 63965 67851 60139 64073 42120 8365 50293 47704 63469 13500 12120 187 46108 67238 61850 94389 32034 10947 78143 56943 62236 18384 20597 18469 37856 13406
94148 88178 34173 77925 75897 66769 95218 74362 51372 22496 43695 67407 57838 82185 8910 86553 91162 97847 87714 75787 16177 9112 65901 64549 38697 41514 5711 30021 78547 30788 22501 88595 96780 83912 90836 98500 45072 49977 17904 84091 34338 53902 56526 64831 47289 23136 64397 69303 85163 82827 51641 94107 48639 79187 46674 22785 96745 76329 43996 59821 89718 87973 52915 63514 248 10703 28388 20659 68288 88473 40302 97262 12314 7536 94546 42377 59375 32590 40899 31386 71442 19645 90288 72643 7492 38350 79906 49944 75001 62743 70072 20024 65612 81425 37254 91699 21122 26483 73338 14726 83744 17068 57815 67932 82238 14298 5459 74689 97072 2504 30684 63619 19406 26992 96143 74200 72040 66168 79797 78457 90945 92036 70188 99195 66547 17451 89469 52678
90635 3213 39301 55570 27004 91627 47649 45236 81284 58108 6896 80233 776 88069 97590 62181 93169 25904 19080 50465 43637 69583 30044 43840 65840 49793 66990 72972 84326 88477 74982 98251 97105 18436 14621 47814 76098 84996 50218 81406 51781 5311 76060 20306 14281 20102 4754 93182 29358 58602 88071 43644 26549 29289 7965 95676 30707 66677 72253 31588 6781 51538 11442 78542 18652 57418 24160 20940 28053 88403 33436 44015 66005 74870 26955 6599 85304 43658 47928 90615 72623 12339 62183 30013 42185 17259 64134 72141 71555 46088 5016 53475 78984 55952 61577 91898 89181 46791 37585 92141 17961 82789 88635 94454 1847 83807 42514 59128 57582 56270 63591 65809 27985 78465 79548 52159 78909 12530 21269 20630 63173 34105 17001 12192 61408 69893 2145 43991
17966 99518 96471 65369 31891 11445 91620 35368 8658 61668 50767 63565 36212 78724 68662 63241 8411 54094 48927 86076 20358 61774 23652 85537 3878 42373 90135 79161 10328 21419 40238 90035 38724 39285 68219 15278 71777 28896 72340 14451 24537 53654 52566 4174 99463 93815 28229 34002 1918 70764 20267 22263 33631 2712 59183 67956 34272 26967 99598 49761 40735 19854 48735 21777 10148 14784 34724 69133 41124 61200 84896 79122 81843 89369 18795 65703 56063 86245 98911 38946 74416 29546 76093 39905 90649 75489 90538 78553 94330 70246 18314 8319 29088 56121 10177 46619 89740 84152 2917 95982 26877 53872 57056 24111 64847 27084 64264 26099 16963 90892 70764 4739 32303 43294 23704 46830 12687 64320 48052 27622 27783 4992 81496 23191 33955 47964 83715 50988
87389 56781 35177 24499 90110 86479 3325 78781 37559 88446 33804 19043 57973 71172 51533 69124 536 98577 59373 79538 90894 59774 76797 45190 20517 51793 37250 33187 52724 81603 82326 78862 34235 56017 55325 43731 66156 94446 99713 8532 42671 77361 99049 6813 57725 65960 5909 87348 48754 59490 42886 12502 27077 26319 54246 48099 3221 98902 34598 20195 10489 75603 12988 6811 36947 92071 45825 394 80264 70073 33756 99872 15880 19018 48132 26091 7077 71556 86283 811 71420 12250 87945 95759 28168 81368 68417 83679 33731 24865 76476 66466 77273 21803 41838 50405 12074 24268 22042 14820 48334 40962 65130 87160 73165 79563 40509 210 12865 49222 60019 17257 10841 14833 92644 76590 49505 13294 84231 77033 28984 31654 3655 8318 10972 921 56080 1420
90798 54537 56146 40455 36143 40540 84756 92497 87712 66607 87533 35504 44389 50094 52529 89489 44061 99344 34717 76293 85430 37421 37031 51173 34776 32946 53237 83338 64123 79225 5378 46384 54249 19625 90010 2711 63749 7827 47498 22632 53923 31681 95252 52722 84185 23359 3511 68340 47029 76800 82028 75306 84733 90429 83663 16500 69254 8270 7018 77134 49208 90974 15904 34573 88363 47131 13924 39595 84938 25767 50954 92147 6341 53030 75437 61187 89027 6830 36916 76895 28183 38986 90949 86604 86134 63003 12640 18495 18949 57837 20606 5365 82863 18721 17895 60906 11108 17501 25681 19831 74249 34752 16228 58158 61111 19084 61392 81979 51529 31826 66211 1678 98788 90516 63378 22889 58104 93657 1881 11745 94298 89919 91464 4523 52368 37170 29 74121
89060 8256 57789 53493 90737 65966 87208 64775 47202 94169 94350 63966 47074 22564 62693 96432 91168 23710 14504 30822 22526 40549 88036 42536 79490 66695 24526 91294 47025 53836 65474 6332 10625 48007 2312 3438 72753 94271 85805 31342 66539 4504 37791 33768 46636 35994 75125 39280 54402 76731 25661 78912 10617 55286 62990 58037 58658 77192 13329 56830 189 41543 71598 72573 10196 9726 1052 92950 75619 90976 57467 45596 4479 38159 42762 37901 5786 29107 65440 66277 55730 56486 1777 64212 47350 27917 6092 37183 6715 21819 55280 61049 37037 29648 8608 24949 28810 20078 32310 18107 31045 64463 71285 99608 94492 10159 99230 94226 12592 72942 23506 15734 74846 3012 86174 21395 39022 35434 28547 26840 13444 6467 70964 15768 61616 32942 74237 69987
99581 61933 24339 5463 59156 85011 95155 67211 61882 17368 1328 47585 7138 71992 44825 51346 84267 36329 65876 95496 50139 50950 6986 18274 41917 82931 37375 73583 77528 72165 7782 32583 24083 12791 90886 38636 73638 77904 22158 53572 60104 35310 29024 13646 44714 4228 21394 13456 74509 86885 98464 2441 16567 29028 5931 98306 70675 70547 85419 64630 75161 81851 51920 42598 80121 98286 61810 72200 7766 6601 75658 81923 17877 33672 8814 59128 58683 79545 16206 15360 1993 54495 91146 53101 73014 93128 36387 48907 28826 31587 34512 69978 44668 97440 2450 81699 38797 64189 94615 45877 18330 46298 23149 84606 53634 38439 99520 52469 41267 56766 69814 14786 54006 94220 7154 7012 19278 43612 48423 1055 38296 43637 63639 80745 56300 59563 13794 41844
90025 18254 21740 16144 3205 63390 54271 95773 99943 16207 66361 44402 29276 16496 56008 48941 51890 11941 28920 16582 2089 45483 37158 98742 73006 31414 10445 71338 73453 23680 44395 68164 23056 90619 13737 42288 78916 84026 35856 92307 15051 21954 53478 98416 10471 61101 88389 51916 17625 66773 45710 10337 41745 51130 18672 30140 28421 73285 69092 12713 79540 41285 66803 58886 48274 77545 45011 98846 58055 95385 94457 40279 13813 82041 70498 16000 16361 46072 80836 70207 67331 48728 65601 4773 58674 58293 70344 21929 34704 79488 76386 9094 86424 12168 66282 37095 70787 42148 13564 33136 96030 87720 4778 1700 66849 70140 54782 17634 83508 81641 14582 35268 32568 7014 43982 14464 24546 58779 26362 41531 57914 86226 11034 66677 65237 1849 2053 39732
29186 85707 67997 27783 40738 86814 37969 10897 47565 61764 16640 21464 13944 13054 92635 500 52557 39377 56897 14394 54599 50810 88750 12190 22068 76636 93369 93664 81001 84637 2164 73081 68328 30776 2053 60140 92584 21551 86476 25306 5276 61412 60010 7203 7066 80667 85367 62372 79887 88989 44691 49232 89998 18773 82004 91115 81808 63775 43938 78211 13333 3883 43870 98510 78134 36274 89510 90470 56929 92623 55309 87432 7720 21978 80214 34808 86033 71467 3644 24955 1917 91357 96097 45154 85487 85466 57773 80999 73943 71611 40132 79854 60099 4705 65629 68687 61559 15990 24625 35635 71653 77110 38308 4502 32211 76753 32055 24567 20235 80442 29163 24787 54506 70568 85623 83986 90106 34828 30253 62422 96291 46586 16569 30265 14195 4547 95004 34983
1840 81036 35636 61897 55985 3694 3286 75122 79879 46954 90526 74729 66675 32418 46169 50597 57810 61490 81276 74701 69631 79602 88133 35179 99205 6242 33113 96032 66967 28482 84022 46033 65685 50451 52781 65261 93154 90627 40461 76064 21997 6738 35986 34310 61001 11006 54436 57774 5939 8720 40775 65669 86309 31341 48001 81034 42931 90828 85635 52460 45122 98172 70514 7888 8650 5558 48048 92971 97967 72624 17914 14126 71053 91155 81059 32254 22224 7929 87734 95687 22286 23929 88947 11124 29173 48477 87288 529 90691 1602 25438 32522 39130 22858 26072 97668 28871 84610 97244 98225 10318 34956 1062 10873 44726 71192 66526 73686 7858 88044 58477 75765 59608 64314 49926 75933 53921 21162 26659 6395 23857 3286 76411 20277 64234 83659 78947 18876
16911 73655 34473 33706 28311 79505 37356 95064 52179 94045 3622 68266 87593 37707 13554 7638 21386 31717 79090 1473 64141 86771 67729 44967 12356 7166 1981 80913 30717 63830 68768 39742 54438 64724 13443 8631 30361 72856 26991 43286 62438 81218 15193 39636 14855 92992 62799 25121 44256 50637 92546 78053 3601 22348 34068 67503 3072 86067 82784 62379 21372 93815 68072 23942 88224 65898 19492 62932 96221 17876 9927 93089 94774 29348 38820 82946 13585 19132 48160 12392 28961 40692 24210 6970 26420 83482 54352 56604 82943 3221 27258 60776 70832 74944 87510 44544 75453 679 19660 75900 37446 2867 15080 27834 90471 45579 67683 60159 75518 68514 91299 78264 6764 41091 1007 33058 23392 81184 31777 44950 87359 27824 11954 18040 82820 55066 55654 41185
732 25332 87206 82411 62711 86089 2622 39283 96894 72625 73127 25716 68276 64394 22751 44552 63775 45119 9621 38642 92957 39934 57055 34937 59937 19186 61752 21252 91926 2174 21996 53960 4279 63342 82459 86869 14731 44399 11595 6977 89120 16654 60738 84514 10814 40787 56912 81173 11187 51786 5615 38616 79150 97490 99367 69378 87537 75109 9589 8254 84767 66777 61274 75291 44121 32334 3809 50407 93885 73786 59847 57779 73758 20807 30734 31214 3705 62860 66074 91219 33677 70139 36316 58780 3120 72011 6223 67400 97970 8968 72608 84263 7941 50079 84387 91450 32875 66712 92758 61228 26035 32309 79092 21804 95311 97165 28473 10500 64912 88936 34201 71818 34222 3717 8452 54932 36343 407 4256 94786 80538 98451 12548 41502 8026 39865 61798 81885
37404 34667 71103 8053 6855 34258 61027 36617 47691 57348 39401 31053 66711 12759 8595 89088 82571 71663 82383 62361 8293 27644 86806 7088 48868 24259 39022 53720 79089 40159 55267 64316 79280 80010 23053 73423 90064 5067 3580 39577 24632 45298 67089 14669 85846 35849 8317 87302 41946 6974 63007 42821 40436 13965 71706 77385 39698 91122 11556 30757 28756 48789 98532 10758 90084 49306 15679 8667 81948 70526 63027 87723 20166 80582 92517 36215 88467 84031 87701 21583 8376 5843 94158 66985 51555 3460 86952 78590 23482 76780 13032 79580 25355 93559 34760 39483 88057 9111 12125 36555 52934 67951 62118 70881 56196 75442 18490 88839 93630 43899 1784 83403 86765 55878 79004 82839 29284 54520 80588 98303 53796 2663 13096 9169 97758 63776 21788 636
92159 98627 52275 16571 60322 54752 5081 79196 86 46160 65195 54247 59703 33553 34375 53539 59570 20635 4481 46909 76522 8332 25079 72293 85958 670 12540 22236 23525 5529 57803 73417 46960 78181 52978 65516 41507 1753 21529 84000 47808 71333 91256 69210 93614 90309 29382 63697 74184 85776 47305 51964 34729 69261 5464 99153 92917 9955 44312 49348 24091 74263 49314 10338 97377 30470 95224 54140 94723 67555 64995 77679 56534 24549 74535 92540 67965 91143 98550 74357 78955 21757 15214 1583 88890 56625 60814 92655 58388 87013 31202 40035 90385 27732 7622 64665 74363 65161 31081 12100 53161 45310 63728 16860 78765 32661 54924 74132 34808 26416 80669 88127 24067 44143 75252 57210 82063 96610 40507 5395 54709 92732 6599 58206 24177 37737 92223 54183
81900 33402 14753 59616 24813 12186 40954 57316 41213 82775 81770 96876 72014 75975 98549 86769 4709 56551 95954 77279 22143 6407 11392 66107 10469 18427 67655 29934 22145 94026 34285 97352 76714 14543 56707 97545 73580 39669 12526 51247 44355 10354 8194 80328 33622 49992 55510 97065 3432 84146 53733 70920 79057 86204 43643 89140 68998 11286 45698 3010 13505 67220 90717 24035 87989 25176 75898 14800 60804 91375 29374 87518 47163 59665 8201 4748 46678 10840 35261 2204 10929 16508 69539 53415 98458 21333 73192 86993 38071 15097 93469 16906 56809 81220 3821 17358 40641 76664 54318 82043 24580 24388 29087 80901 92980 95449 79774 91842 369 30563 35152 39295 25784 49835 80099 3529 85695 690 52170 48008 6316 12940 71017 65885 72521 33280 90646 96666
26734 47600 93203 57969 88217 98960 73131 83590 31400 54310 4847 62268 17194 77449 33543 79783 24615 1925 70459 95370 76374 7789 55130 25785 43236 87457 57034 75760 99590 16980 55986 91270 31324 45370 58612 53646 65583 55503 57966 45073 66689 98040 34589 83342 19817 59824 40231 27824 64101 3314 23128 53858 67797 84786 75259 3795 45244 27217 21948 5485 31750 97689 33644 54485 70713 77992 66183 79628 80077 12838 12027 69617 53099 44735 52376 5160 37706 2048 86646 99482 72026 99331 94860 69155 53913 37699 80906 97384 82772 16024 54494 10821 47181 71253 63489 6597 9196 46933 17119 41225 13111 13465 13870 45528 78269 10429 86786 35872 45034 1021 73579 17086 40543 3394 15414 94897 15615 65482 22823 42078 6433 27119 63328 80542 25946 54922 64625 2636
94764 14369 40580 31488 62677 49838 81005 19845 80331 18629 63873 98887 81738 47961 22949 84420 97386 63206 2455 30084 11343 94699 87176 31357 37394 69220 85159 40870 6749 37689 32813 36525 75865 72480 9712 93223 21698 41211 54365 82237 87446 83000 33105 73870 66927 32181 97434 40445 3841 96244 81964 87993 82265 16667 55917 22116 4904 20523 9623 64173 69614 7363 32814 8415 39064 192 59904 36269 50505 41824 91989 49014 65614 80470 55268 24391 83786 36719 27091 77865 42714 85844 6279 35759 75592 60631 98920 1922 47172 31189 60641 92151 34230 14103 76194 70111 67614 47436 85025 86905 58057 50859 76677 35653 64651 33531 38682 47880 27258 68209 20023 46228 36717 44059 95914 84561 91482 62825 59397 71088 85194 48333 14943 5668 82898 59558 73499 24417
29338 80355 40896 30930 7495 22122 25874 85939 79489 40954 84474 19717 11950 71775 54560 1070 48701 29582 39403 78851 90354 88582 33146 46261 23963 6707 77156 72449 22933 80546 98029 10208 9885 26015 43407 55992 60252 15661 17600 56608 63101 92819 38230 71792 67976 25726 60335 59571 13501 37692 79842 99697 60044 94446 19765 10669 16832 23436 69377 51252 25125 19831 99116 15915 93922 3489 71566 38057 24009 10836 16202 68883 97053 88416 14804 6336 48174 88083 96109 82770 88898 53765 7971 72641 23153 34847 10939 2446 53788 89299 98978 40438 48333 59700 4495 30328 21887 8172 22260 86372 80957 12907 71184 7348 78236 22994 79579 56573 31146 35380 8828 34688 21278 9677 90513 6054 18729 91662 97330 75479 71408 19103 12413 3335 87907 55870 71375 55123
64382 10080 78843 29977 37612 44906 35543 9782 14862 31343 89305 88246 92483 1691 89659 52597 19844 85809 68391 30196 71397 8275 89520 19625 44474 40116 94470 32603 32609 38743 17692 42699 3815 23781 15804 96172 31353 51565 43126 56106 97583 78539 53604 6661 66868 36108 3962 3645 2984 24437 95067 96900 5988 37000 65891 59102 49703 45277 25188 84551 42637 82564 74341 51295 86714 99466 88717 9273 92133 50710 70054 99065 35223 72862 8830 52219 58303 75798 96016 95227 26918 12146 55133 13407 93461 12116 49520 57512 33183 79511 39849 16995 70765 6440 65739 11396 50229 48265 9855 26302 96310 74215 2347 40128 72828 53107 66255 98694 18451 6288 62736 2529 93128 30216 43792 90560 86974 71423 87579 69455 71540 69133 78158 64500 2023 27608 55941 69341
419072 623907 337506 136222 430792 749833 582393 570810 403217 653939 330788 200110 208031 565771 166688 637631 404763 60844 203250 279295 229152 104870 533290 70542 27601 75479 211500 452153 52534 354565 257367 194325 473966 137644 130392 161625 114399 135336 354496 448908 247551 206412 685696 241709 695722 602171 265067 172495 374708 771 69208 513634 173901 197546 445623 78229 165293 298914 461106 439122 47971 29171 160750 159229 263977 339604 117342 506916 68091 690519 177222 538642 575431 45843 71485 650110 101246 8740 501079 556836 99359 163714 750102 5391 201938 396608 826280 295913 433308 289673 145899 425889 239222 561293 487430 308925 354505 513726 431601 543420 210940 458513 321624 303096 18279 401625 494930 119511 434857 51466 77844 156414 378932 399728 450986 299006 665129 711788 103660 331739 44101 178802 546041 237253 560356 471913 290982 31054
